GestureName: swipe_right
Duration(ms): 564
Handedness: right

SpeakerAngles: 6
55
-55
0
0
110
-110

SpeakerElevations: 6
-10
-10
-10
0
30
30

InterpretedPoints: 12
-0.806707284111599,0.564862521463623,-0.17364817766693
-1.62050496546097,0.861060654189647,-0.67364817766693
-4.86151489638292,-0.2686643887376,-0.32635182233307
-6.48201986184389,-0.537328777475199,-0.652703644666139
-11.3648059499401,-4.83665410431875,1.86824088833465
-11.3577155527024,-2.52811447459209,0.368240888334652
-10.5368274741152,-2.50058073060367,-0.458110933998418
-9.73012019000361,-1.93571820914005,-0.631759111665348
-9.73721058724139,-9.60628483245128,0.389185421335443
-3.2551907253975,0.592396265452048,-1
-1.62759536269875,0.592396265452048,-1
0,0,0

StrokePoints: 13
0,0,0
-0.806707284111599,0.564862521463623,-0.17364817766693
-2.42721224957257,1.42592317565327,-0.847296355333861
-7.28872714595549,1.15725878691567,-1.17364817766693
-13.7707470077994,0.619930009440472,-1.82635182233307
-25.1355529577395,-4.21672409487828,0.041889066001582
-36.4932685104419,-6.74483856947037,0.410129954336234
-47.0300959845571,-9.24541930007404,-0.0479809796621836
-56.7602161745607,-11.1811375092141,-0.679740091327532
-66.4974267618021,-20.7874223416654,-0.290554669992089
-69.7526174871996,-20.1950260762133,-1.29055466999209
-71.3802128498983,-19.6026298107613,-2.29055466999209
-71.3802128498983,-19.6026298107613,-2.29055466999209

Velocities: 12
0,1,0
0,1,0
-2,1,0
-3,1,0
-4,0,-1
-5,0,0
-6,0,0
-5,0,0
-4,0,-4
0,0,0
0,0,0
0,0,0

InverseVelocities: 12
0,0,0
0,0,0
0,0,0
0,0,0
0,0,0
0,0,0
0,0,0
0,0,0
0,0,0
0,0,0
0,0,0
0,0,0
