GestureName: swipe_right
Duration(ms): 611
Handedness: right

SpeakerAngles: 6
55
-55
0
0
110
-110

SpeakerElevations: 6
-10
-10
-10
0
30
30

InterpretedPoints: 13
3.2268291364464,-2.25945008585449,0.694592710667721
0,0,0
0,0,0
-6.47492946460611,0.2686643887376,0.32635182233307
-9.73012019000361,-0.861060654189648,0.67364817766693
-11.3577155527024,-2.52811447459209,0.368240888334652
-13.7920181995127,-3.09297699605572,0.541889066001582
-17.8326450173085,-1.12972504292725,0.347296355333861
-10.5297370768774,-0.509795033486775,-1.47905546699921
-4.06898840674687,0.296198132726024,-0.5
-4.04771721503354,-1.69458756439087,0.520944533000791
-1.62050496546097,-0.2686643887376,-0.32635182233307
0,0,0

StrokePoints: 14
0,0,0
3.2268291364464,-2.25945008585449,0.694592710667721
3.2268291364464,-2.25945008585449,0.694592710667721
3.2268291364464,-2.25945008585449,0.694592710667721
-3.24810032815972,-1.99078569711689,1.02094453300079
-12.9782205181633,-2.85184635130654,1.69459271066772
-24.3359360708657,-5.37996082589864,2.06283359900237
-38.1279542703784,-8.47293782195435,2.60472266500396
-55.9605992876869,-9.6026628648816,2.95201902033782
-66.4903363645643,-10.1124578983684,1.47296355333861
-70.5593247713112,-9.81625976564235,0.972963553338608
-74.6070419863447,-11.5108473300332,1.4939080863394
-76.2275469518057,-11.7795117187708,1.16755626400633
-76.2275469518057,-11.7795117187708,1.16755626400633

Velocities: 13
0,-4,0
0,0,0
0,0,0
-2,3,0
-3,2,0
-5,0,0
-6,0,0
-6,4,0
-5,2,0
0,0,0
-3,0,0
-1,0,0
0,0,0

InverseVelocities: 13
0,0,0
0,0,0
0,0,0
0,-1,0
0,0,0
0,0,0
0,0,0
0,0,0
0,0,0
0,0,0
0,0,0
0,0,0
0,0,0
