GestureName: swipe_left
Duration(ms): 517
Handedness: right

SpeakerAngles: 6
55
-55
0
0
110
-110

SpeakerElevations: 6
-10
-10
-10
0
30
30

InterpretedPoints: 11
8.10252482730486,3.32812969670021,1.45811093399842
4.06189800950909,6.68379313738884,2.08987004566377
0.806707284111599,0.192041100877013,1.95811093399842
4.88278608809624,-5.08738466074229,-1
5.68240297497007,-6.20750979199517,1.06283359900237
2.41303145509702,-1.90818446515162,-1.45811093399842
4.86151489638292,-9.87494922118888,0.0628335990023732
3.23391953368417,-7.35281269070147,0.541889066001582
1.6134145682232,-5.09934054895166,0.694592710667721
0.806707284111599,-2.54967027447583,0.347296355333861
0,0,0

StrokePoints: 12
0,0,0
8.10252482730486,3.32812969670021,1.45811093399842
12.164422836814,10.011922834089,3.54798097966218
12.9711301209256,10.2039639349661,5.5060919136606
17.8539162090218,5.11657927422376,4.5060919136606
23.5363191839919,-1.09093051777141,5.56892551266297
25.9493506390889,-2.99911498292303,4.11081457866456
30.8108655354718,-12.8740642041119,4.17364817766693
34.044785069156,-20.2268768948134,4.71553724366851
35.6581996373792,-25.326217443765,5.41012995433623
36.4649069214908,-27.8758877182409,5.75742630967009
36.4649069214908,-27.8758877182409,5.75742630967009

Velocities: 11
5,0,1
5,4,2
4,3,-1
2,2,-4
-3,-5,-1
-1,-5,0
-1,-4,-4
0,-3,-3
0,-2,-2
0,-1,-1
0,0,0

InverseVelocities: 11
0,0,0
0,-3,0
-1,-2,0
-1,-4,0
0,0,0
0,0,0
0,0,0
0,0,0
0,0,0
0,0,0
0,0,0
