GestureName: swipe_up
Duration(ms): 564
Handedness: right

SpeakerAngles: 6
55
-55
0
0
110
-110

SpeakerElevations: 6
-10
-10
-10
0
30
30

InterpretedPoints: 12
-0.813797681349374,-0.296198132726024,0.5
-0.813797681349374,-0.296198132726024,0.5
-0.813797681349374,-0.296198132726024,0.5
0,0,0
-0.806707284111599,-2.82431260731812,0.868240888334652
-2.4201218523348,-1.69458756439087,0.520944533000791
3.21973873920862,-16.4217687456776,1.58377813200316
-0.0354519861888752,-2.73573343124816,-2.45811093399842
1.6134145682232,-3.38917512878174,1.04188906600158
-0.806707284111599,-2.82431260731812,0.868240888334652
0.806707284111599,-0.564862521463623,0.17364817766693
0,0,0

StrokePoints: 13
0,0,0
-0.813797681349374,-0.296198132726024,0.5
-1.62759536269875,-0.592396265452048,1
-2.44139304404812,-0.888594398178072,1.5
-2.44139304404812,-0.888594398178072,1.5
-3.24810032815972,-3.71290700549619,2.36824088833465
-5.66822218049452,-5.40749456988706,2.88918542133544
-2.4484834412859,-21.8292633155646,4.47296355333861
-2.48393542747477,-24.5649967468128,2.01485261934019
-0.870520859251573,-27.9541718755945,3.05674168534177
-1.67722814336317,-30.7784844829126,3.92498257367642
-0.870520859251573,-31.3433470043762,4.09863075134335
-0.870520859251573,-31.3433470043762,4.09863075134335

Velocities: 12
0,0,0
0,0,0
0,0,0
0,0,0
-3,-2,0
-3,0,0
0,-5,-7
0,-5,-1
-2,-4,0
-3,-2,0
0,-1,0
0,0,0

InverseVelocities: 12
0,0,0
0,0,0
0,0,0
0,0,0
0,0,0
0,0,0
0,0,0
0,0,0
0,0,0
0,0,0
0,0,0
0,0,0
