GestureName: swipe_down
Duration(ms): 517
Handedness: right

SpeakerAngles: 6
55
-55
0
0
110
-110

SpeakerElevations: 6
-10
-10
-10
0
30
30

InterpretedPoints: 11
-0.806707284111599,0.564862521463623,-0.17364817766693
-1.62050496546097,0.805993166212799,0.979055466999209
-1.62050496546097,8.48253773362872,-0.889185421335443
-4.06189800950909,10.1160798659381,1.08987004566377
-4.84733410190737,2.52811447459209,-0.368240888334652
-4.02644602332022,2.50058073060367,0.458110933998418
0,0,0
0.00709039723777505,0.861060654189647,-0.67364817766693
-0.813797681349374,0.296198132726024,-0.5
0.0141807944755501,-0.537328777475199,-0.652703644666139
0,0,0

StrokePoints: 12
0,0,0
-0.806707284111599,0.564862521463623,-0.17364817766693
-2.42721224957257,1.37085568767642,0.805407289332279
-4.04771721503354,9.85339342130514,-0.0837781320031643
-8.10961522454264,19.9694732872432,1.0060919136606
-12.95694932645,22.4975877618353,0.63785102532595
-16.9833953497702,24.998168492439,1.09596195932437
-16.9833953497702,24.998168492439,1.09596195932437
-16.9763049525324,25.8592291466286,0.422313781657437
-17.7901026338818,26.1554272793546,-0.0776862183425626
-17.7759218394063,25.6180985018794,-0.730389863008702
-17.7759218394063,25.6180985018794,-0.730389863008702

Velocities: 11
0,1,0
1,2,0
2,3,3
3,4,4
0,5,0
0,6,0
0,0,0
0,1,0
0,0,0
-2,0,0
0,0,0

InverseVelocities: 11
0,0,0
0,0,0
0,0,0
0,0,0
0,0,0
0,0,0
0,0,0
0,0,0
0,0,0
0,0,0
0,0,0
