GestureName: swipe_down
Duration(ms): 470
Handedness: right

SpeakerAngles: 6
55
-55
0
0
110
-110

SpeakerElevations: 6
-10
-10
-10
0
30
30

InterpretedPoints: 10
-0.806707284111599,0.564862521463623,-0.17364817766693
-0.806707284111599,2.82431260731812,-0.868240888334652
3.23391953368417,2.47304698661525,1.28446275633149
0,0,0
0,0,0
0,1.77718879635614,-3
-2.43430264681035,0.137668719942121,-4.13175911166535
-0.806707284111599,1.80472254034457,-3.82635182233307
-3.2551907253975,1.1847925309041,-2
0,0,0

StrokePoints: 11
0,0,0
-0.806707284111599,0.564862521463623,-0.17364817766693
-1.6134145682232,3.38917512878174,-1.04188906600158
1.62050496546097,5.86222211539699,0.242573690329905
1.62050496546097,5.86222211539699,0.242573690329905
1.62050496546097,5.86222211539699,0.242573690329905
1.62050496546097,7.63941091175313,-2.75742630967009
-0.813797681349373,7.77707963169525,-6.88918542133544
-1.62050496546097,9.58180217203982,-10.7155372436685
-4.87569569085847,10.7665947029439,-12.7155372436685
-4.87569569085847,10.7665947029439,-12.7155372436685

Velocities: 10
0,1,0
2,3,0
5,2,0
0,0,0
0,0,0
0,0,0
-3,-2,0
-1,0,0
0,0,0
0,0,0

InverseVelocities: 10
0,0,0
0,0,0
0,0,0
0,0,0
0,0,0
0,0,0
0,0,0
0,0,0
0,0,0
0,0,0
