GestureName: swipe_front
Duration(ms): 564
Handedness: right

SpeakerAngles: 6
55
-55
0
0
110
-110

SpeakerElevations: 6
-10
-10
-10
0
30
30

InterpretedPoints: 12
-0.00709039723777505,0.2686643887376,0.32635182233307
-0.813797681349374,-0.296198132726024,0.5
-1.62759536269875,-0.592396265452048,1
-6.46783906736834,2.79677886332969,-0.0418890660015822
3.25519072539749,3.27904015282804,2.2635182233307
3.24810032815972,12.9344145291515,1.06892551266297
-0.00709039723777494,11.8046894862242,1.41622186799684
0,9.01388856699923,0.610814578664557
-1.62050496546097,3.64588362930997,0.979055466999209
-0.813797681349374,2.81833466321343,-0.0209445330007911
-0.813797681349374,-0.296198132726024,0.5
0,0,0

StrokePoints: 13
0,0,0
-0.00709039723777505,0.2686643887376,0.32635182233307
-0.820888078587149,-0.0275337439884242,0.826351822333069
-2.4484834412859,-0.619930009440472,1.82635182233307
-8.91632250865424,2.17684885388922,1.78446275633149
-5.66113178325674,5.45588900671727,4.04798097966218
-2.41303145509702,18.3903035358688,5.11690649232516
-2.4201218523348,30.194993022093,6.53312836032199
-2.4201218523348,39.2088815890922,7.14394293898655
-4.04062681779577,42.8547652184022,8.12299840598576
-4.85442449914514,45.6730998816156,8.10205387298497
-5.66822218049452,45.3769017488896,8.60205387298497
-5.66822218049452,45.3769017488896,8.60205387298497

Velocities: 12
1,0,0
0,0,0
0,0,0
0,6,0
5,5,0
5,4,5
4,3,5
2,2,4
0,1,2
1,1,1
0,0,0
0,0,0

InverseVelocities: 12
0,0,0
0,0,0
0,0,0
0,0,0
0,0,0
0,0,0
0,0,0
0,0,0
0,0,0
0,0,0
0,0,0
0,0,0
