GestureName: swipe_back
Duration(ms): 705
Handedness: right

SpeakerAngles: 6
55
-55
0
0
110
-110

SpeakerElevations: 6
-10
-10
-10
0
30
30

InterpretedPoints: 15
-0.806707284111599,-0.564862521463623,0.17364817766693
0.813797681349374,-5.34047119370084,-0.458110933998418
2.44139304404812,-11.2948944527375,0.0628335990023732
4.05480761227132,-12.4246194956647,0.410129954336234
5.68949337220784,-13.8230089273296,0.431074487337025
4.87569569085847,-3.60277202954249,-0.937166400997627
4.03353642055799,-1.63952007641402,-1.13175911166535
3.2268291364464,-2.25945008585449,0.694592710667721
4.88278608809624,1.77718879635614,-3
8.09543443006709,-2.20438259787765,-0.958110933998418
0,0,0
0,0,0
0,0,0
9.68048740933918,6.77835025756348,-2.08377813200316
0,0,0

StrokePoints: 16
0,0,0
-0.806707284111599,-0.564862521463623,0.17364817766693
0.00709039723777505,-5.90533371516446,-0.284462756331488
2.4484834412859,-17.2002281679019,-0.221629157329114
6.50329105355721,-29.6248476635666,0.188500797007119
12.1927844257651,-43.4478565908962,0.619575284344145
17.0684801166235,-47.0506286204387,-0.317591116653482
21.1020165371815,-48.6901486968527,-1.44935022831883
24.3288456736279,-50.9495987827072,-0.754757517651109
29.2116317617242,-49.1724099863511,-3.75475751765111
37.3070661917912,-51.3767925842287,-4.71286845164953
37.3070661917912,-51.3767925842287,-4.71286845164953
37.3070661917912,-51.3767925842287,-4.71286845164953
37.3070661917912,-51.3767925842287,-4.71286845164953
46.9875536011304,-44.5984423266652,-6.79664658365269
46.9875536011304,-44.5984423266652,-6.79664658365269

Velocities: 15
-1,0,0
-2,-2,-2
-2,-2,-5
-2,-4,-5
-4,-5,-5
-4,-5,0
0,-5,0
0,-4,0
0,0,0
0,-6,0
0,0,0
0,0,0
0,0,0
12,0,0
0,0,0

InverseVelocities: 15
0,0,0
0,0,0
0,0,0
0,0,0
0,0,0
0,0,0
0,0,0
0,0,0
0,0,0
0,0,0
0,0,0
0,0,0
0,0,0
0,0,0
0,0,0
