GestureName: swipe_back
Duration(ms): 611
Handedness: right

SpeakerAngles: 6
55
-55
0
0
110
-110

SpeakerElevations: 6
-10
-10
-10
0
30
30

InterpretedPoints: 13
0.806707284111599,-3.94208176203599,-0.479055466999209
3.24810032815972,-7.35281269070147,0.541889066001582
2.43430264681035,-10.971162576023,-1.2635182233307
0,-14.058161627974,-1.56892551266297
0,-17.5574717327095,2.77837084267089
3.24810032815972,-11.7496219982474,-3.06892551266297
4.84024370466959,-3.38917512878174,1.04188906600158
5.66113178325674,-2.23191634186607,-0.131759111665348
4.88278608809624,-3.81636893030324,-2.91622186799684
8.09543443006709,-2.20438259787765,-0.958110933998418
4.04771721503354,-10.1711473539149,0.562833599002373
2.43430264681035,-3.94208176203599,-0.479055466999209
0,0,0

StrokePoints: 14
0,0,0
0.806707284111599,-3.94208176203599,-0.479055466999209
4.05480761227132,-11.2948944527375,0.0628335990023733
6.48911025908166,-22.2660570287605,-1.20068462432832
6.48911025908166,-36.3242186567345,-2.7696101369913
6.48911025908166,-53.881690389444,0.00876070567958775
9.73721058724138,-65.6313123876914,-3.06016480698339
14.577454291911,-69.0204875164731,-2.0182757409818
20.2385860751677,-71.2524038583392,-2.15003485264715
25.121372163264,-75.0687727886424,-5.06625672064399
33.216806593331,-77.2731553865201,-6.02436765464241
37.2645238083646,-87.444302740435,-5.46153405564003
39.6988264551749,-91.386384502471,-5.94058952263924
39.6988264551749,-91.386384502471,-5.94058952263924

Velocities: 13
0,-1,-2
-1,-2,-3
-2,-3,-5
-4,-4,-6
-5,-5,-6
-4,-5,-5
0,-6,0
0,-5,0
-6,-6,0
0,-6,0
-1,-4,-4
0,-1,-2
0,0,0

InverseVelocities: 13
0,0,0
0,0,0
0,2,0
0,1,0
0,0,0
0,0,0
0,0,0
0,0,0
0,0,0
0,0,0
0,0,0
0,0,0
0,0,0
