GestureName: swipe_right
Duration(ms): 470
Handedness: right

SpeakerAngles: 6
55
-55
0
0
110
-110

SpeakerElevations: 6
-10
-10
-10
0
30
30

InterpretedPoints: 10
-3.24810032815972,-0.861060654189647,0.67364817766693
-4.06189800950909,0.564862521463623,-0.17364817766693
-1.62759536269875,-0.592396265452048,1
-4.88278608809624,1.77718879635614,-3
-8.93759370036756,0.351265620702872,-2.15270364466614
-10.543917871353,-1.63952007641402,-1.13175911166535
-4.06898840674687,0.888594398178072,-1.5
-5.68240297497007,-1.37085568767642,-0.805407289332278
-0.813797681349374,0.296198132726024,-0.5
0,0,0

StrokePoints: 11
0,0,0
-3.24810032815972,-0.861060654189647,0.67364817766693
-7.30999833766881,-0.296198132726024,0.5
-8.93759370036756,-0.888594398178072,1.5
-13.8203797884638,0.888594398178072,-1.5
-22.7579734888314,1.23986001888094,-3.65270364466614
-33.3018913601843,-0.399660057533078,-4.78446275633149
-37.3708797669312,0.488934340644994,-6.28446275633149
-43.0532827419013,-0.881921347031429,-7.08987004566377
-43.8670804232507,-0.585723214305405,-7.58987004566377
-43.8670804232507,-0.585723214305405,-7.58987004566377

Velocities: 10
-1,0,0
0,1,0
0,0,0
0,0,0
-2,0,0
-5,0,0
0,0,0
-3,-1,0
0,0,0
0,0,0

InverseVelocities: 10
0,0,0
0,0,0
0,0,0
0,0,0
0,0,0
0,0,0
0,0,0
0,0,0
0,0,0
0,0,0
