GestureName: swipe_up
Duration(ms): 470
Handedness: right

SpeakerAngles: 6
55
-55
0
0
110
-110

SpeakerElevations: 6
-10
-10
-10
0
30
30

InterpretedPoints: 10
-1.62759536269875,-0.592396265452048,1
-2.43430264681035,-2.28698382984292,1.52094453300079
-4.04771721503354,-7.05661455797545,0.0418890660015822
-2.42721224957257,-4.22270203898297,0.889185421335443
1.62759536269875,-5.05622894918419,0.736481776669303
1.62759536269875,-5.05622894918419,0.736481776669303
0.00709039723777516,-14.1192070600556,0.931074487337025
-0.0141807944755501,-8.75120212236632,0.562833599002373
1.60632417098542,-3.38319718467706,0.194592710667721
0,0,0

StrokePoints: 11
0,0,0
-1.62759536269875,-0.592396265452048,1
-4.06189800950909,-2.87938009529497,2.52094453300079
-8.10961522454264,-9.93599465327041,2.56283359900237
-10.5368274741152,-14.1586966922534,3.45201902033782
-8.90923211141646,-19.2149256414376,4.18850079700712
-7.28163674871771,-24.2711545906218,4.92498257367642
-7.27454635147994,-38.3903616506773,5.85605706101345
-7.28872714595549,-47.1415637730437,6.41889066001582
-5.68240297497007,-50.5247609577207,6.61348337068354
-5.68240297497007,-50.5247609577207,6.61348337068354

Velocities: 10
0,0,0
-2,-1,0
-3,0,-3
-5,-3,0
-5,-5,0
-5,-5,0
-5,-4,-5
-2,-4,-3
0,-3,-1
0,0,0

InverseVelocities: 10
0,0,0
0,0,0
0,0,0
0,0,0
0,1,0
0,0,0
0,0,0
0,0,0
0,0,0
0,0,0
