GestureName: swipe_right
Duration(ms): 517
Handedness: right

SpeakerAngles: 6
55
-55
0
0
110
-110

SpeakerElevations: 6
-10
-10
-10
0
30
30

InterpretedPoints: 11
-0.813797681349374,0.296198132726024,-0.5
-1.62759536269875,0.592396265452048,-1
-3.24810032815972,1.4534569196417,-1.67364817766693
-7.29581754319326,-0.778459422224375,-1.80540728933228
-3.2551907253975,1.1847925309041,-2
-8.10252482730486,-11.267360708749,-0.763518223330696
-4.03353642055799,-0.454727545509927,-3.13175911166535
0.806707284111599,-5.9268895150482,-0.305407289332279
-0.813797681349374,-4.26581363875044,0.847296355333861
-0.813797681349374,-1.68860962028618,-0.32635182233307
0,0,0

StrokePoints: 12
0,0,0
-0.813797681349374,0.296198132726024,-0.5
-2.44139304404812,0.888594398178072,-1.5
-5.68949337220784,2.34205131781977,-3.17364817766693
-12.9853109154011,1.56359189559539,-4.97905546699921
-16.2405016407986,2.74838442649949,-6.97905546699921
-24.3430264681035,-8.51897628224955,-7.7425736903299
-28.3765628886615,-8.97370382775948,-10.8743328019953
-27.5698556045499,-14.9005933428077,-11.1797400913275
-28.3836532858992,-19.1664069815581,-10.3324437359937
-29.1974509672486,-20.8550166018443,-10.6587955583267
-29.1974509672486,-20.8550166018443,-10.6587955583267

Velocities: 11
0,0,0
0,0,0
0,1,0
-4,0,0
0,0,0
-5,0,-5
-5,0,0
0,-1,-3
0,0,-2
0,0,-1
0,0,0

InverseVelocities: 11
0,0,0
0,0,0
0,0,0
0,0,0
0,0,0
0,0,0
0,0,0
0,0,0
0,0,0
0,0,0
0,0,0
