GestureName: swipe_front
Duration(ms): 517
Handedness: right

SpeakerAngles: 6
55
-55
0
0
110
-110

SpeakerElevations: 6
-10
-10
-10
0
30
30

InterpretedPoints: 11
-1.6134145682232,1.12972504292725,-0.347296355333861
0,0,0
-3.21264834197084,2.79677886332969,-0.0418890660015822
-4.83315330743182,3.65783951751934,-0.715537243668512
-4.86860529362069,7.78598443632766,2.56892551266297
-2.4484834412859,17.4748705007442,-0.299315375671677
2.4201218523348,7.64901082342749,-1.04188906600158
-0.0141807944755508,7.82909603609514,2.61081457866456
1.62759536269875,3.32215175259552,2.30540728933228
-0.806707284111599,2.54967027447583,-0.347296355333861
0,0,0

StrokePoints: 12
0,0,0
-1.6134145682232,1.12972504292725,-0.347296355333861
-1.6134145682232,1.12972504292725,-0.347296355333861
-4.82606291019404,3.92650390625694,-0.389185421335443
-9.65921621762586,7.58434342377628,-1.10472266500396
-14.5278215112466,15.3703278601039,1.46420284765902
-16.9763049525324,32.8451983608482,1.16488747198734
-14.5561831001977,40.4942091842756,0.12299840598576
-14.5703638946732,48.3233052203708,2.73381298465032
-12.9427685319745,51.6454569729663,5.0392202739826
-13.7494758160861,54.1951272474421,4.69192391864873
-13.7494758160861,54.1951272474421,4.69192391864873

Velocities: 11
0,2,0
0,0,0
0,6,0
0,7,0
5,7,2
7,6,6
3,0,3
3,1,4
1,1,2
0,1,1
0,0,0

InverseVelocities: 11
0,0,0
0,0,0
0,0,0
0,0,0
0,0,0
0,0,0
0,0,0
0,0,0
-1,0,0
0,0,0
0,0,0
