GestureName: swipe_left
Duration(ms): 611
Handedness: right

SpeakerAngles: 6
55
-55
0
0
110
-110

SpeakerElevations: 6
-10
-10
-10
0
30
30

InterpretedPoints: 13
0.813797681349374,-0.296198132726024,0.5
-0.799616886873823,1.37085568767642,0.805407289332279
4.02644602332022,-1.53605815160697,4.15270364466614
7.26745595424216,-8.02781018811879,4.02094453300079
12.1502420423384,-11.0322080081045,1.2364817766693
1.59923377374765,-9.55121734447443,-1.2635182233307
5.68240297497007,-12.7543293164838,2.58377813200316
7.29581754319326,-3.68537326150777,1.54188906600158
5.67531257773229,-1.10219129893882,-0.479055466999209
3.24810032815972,-10.4673454866409,1.06283359900237
1.6134145682232,-7.08414830196387,0.868240888334652
0.806707284111599,-4.53447802748804,0.520944533000791
0,0,0

StrokePoints: 14
0,0,0
0.813797681349374,-0.296198132726024,0.5
0.0141807944755503,1.0746575549504,1.30540728933228
4.04062681779577,-0.461400596656569,5.45811093399842
11.3080827720379,-8.48921078477536,9.47905546699921
23.4583248143763,-19.5214187928799,10.7155372436685
25.057558588124,-29.0726361373543,9.45201902033782
30.7399615630941,-41.8269654538382,12.035797152341
38.0357791062873,-45.5123387153459,13.5776862183426
43.7110916840196,-46.6145300142848,13.0986307513434
46.9591920121793,-57.0818755009257,14.1614643503457
48.5726065804025,-64.1660238028896,15.0297052386804
49.3793138645141,-68.7005018303776,15.5506497716812
49.3793138645141,-68.7005018303776,15.5506497716812

Velocities: 13
0,0,0
1,3,0
4,-2,0
4,-4,-3
1,-7,-4
-1,-5,-4
-3,-5,-4
-1,-5,0
0,-3,0
-2,-3,-4
0,-2,-3
0,-1,-2
0,0,0

InverseVelocities: 13
0,0,0
0,0,0
0,0,0
0,1,0
-2,0,0
0,0,0
0,0,0
0,0,0
0,0,0
0,0,0
0,0,0
0,0,0
0,0,0
