GestureName: swipe_left
Duration(ms): 517
Handedness: right

SpeakerAngles: 6
55
-55
0
0
110
-110

SpeakerElevations: 6
-10
-10
-10
0
30
30

InterpretedPoints: 11
0.813797681349374,-0.296198132726024,0.5
2.43430264681035,-0.0275337439884242,0.82635182233307
4.86860529362069,-0.0550674879768485,1.65270364466614
4.88987648533402,1.93571820914005,0.631759111665348
6.50329105355721,0.00597794410468611,-0.847296355333861
4.87569569085847,-4.5129222276043,0.541889066001582
4.06189800950909,-7.33125689081773,0.562833599002373
0.799616886873824,-7.86260772418825,-0.937166400997627
2.41303145509702,-7.91767521216509,0.715537243668512
0.806707284111599,-2.54967027447583,0.347296355333861
0,0,0

StrokePoints: 12
0,0,0
0.813797681349374,-0.296198132726024,0.5
3.24810032815972,-0.323731876714448,1.32635182233307
8.11670562178041,-0.378799364691297,2.97905546699921
13.0065821071144,1.55691884444875,3.61081457866456
19.5098731606716,1.56289678855344,2.7635182233307
24.3855688515301,-2.95002543905087,3.30540728933228
28.4474668610392,-10.2812823298686,3.86824088833465
29.247083747913,-18.1438900540568,2.93107448733702
31.6601152030101,-26.0615652662219,3.64661173100554
32.4668224871216,-28.6112355406978,3.9939080863394
32.4668224871216,-28.6112355406978,3.9939080863394

Velocities: 11
0,0,0
1,0,0
2,0,0
2,3,0
2,1,-1
-2,-3,-1
-3,-4,-2
-2,-4,-3
0,-4,-3
0,-1,-1
0,0,0

InverseVelocities: 11
0,0,0
0,0,0
0,0,0
0,-2,0
-1,-4,0
0,0,0
0,0,0
0,0,0
0,0,0
0,0,0
0,0,0
