GestureName: swipe_front
Duration(ms): 423
Handedness: right

SpeakerAngles: 6
55
-55
0
0
110
-110

SpeakerElevations: 6
-10
-10
-10
0
30
30

InterpretedPoints: 9
-4.84733410190737,1.93571820914005,0.631759111665348
-6.46783906736834,2.79677886332969,-0.0418890660015822
-8.08834403282931,3.06544325206729,0.284462756331487
0.827978475824923,6.42708463686061,0.068925512662975
-0.813797681349374,17.2612735999835,-2.27837084267089
-1.6134145682232,10.0885461219496,1.91622186799684
-1.62050496546097,7.29774520272462,1.11081457866456
-1.62050496546097,2.25347214174981,0.152703644666139
0,0,0

StrokePoints: 10
0,0,0
-4.84733410190737,1.93571820914005,0.631759111665348
-11.3151731692757,4.73249707246974,0.589870045663766
-19.403517202105,7.79794032453703,0.874332801995254
-18.5755387262801,14.2250249613976,0.943258314658229
-19.3893364076295,31.4862985613811,-1.33511252801266
-21.0027509758527,41.5748446833307,0.581109339984179
-22.6232559413136,48.8725898860554,1.69192391864874
-24.2437609067746,51.1260620278052,1.84462756331487
-24.2437609067746,51.1260620278052,1.84462756331487

Velocities: 9
0,5,0
0,6,0
0,7,0
6,8,0
5,5,6
3,5,4
2,3,3
0,1,1
0,0,0

InverseVelocities: 9
0,0,0
0,0,0
0,0,0
0,0,0
0,0,0
0,0,0
0,0,0
0,0,0
0,0,0
