GestureName: swipe_front
Duration(ms): 564
Handedness: right

SpeakerAngles: 6
55
-55
0
0
110
-110

SpeakerElevations: 6
-10
-10
-10
0
30
30

InterpretedPoints: 12
-1.6134145682232,1.12972504292725,-0.347296355333861
-1.6134145682232,1.12972504292725,-0.347296355333861
-0.813797681349374,-0.296198132726024,0.5
-2.44139304404812,-0.888594398178072,1.5
8.10252482730486,14.0521836838694,2.41622186799684
3.26228112263527,17.4413588126511,1.37433280199525
-1.6134145682232,9.49614985649758,2.91622186799684
-2.43430264681035,7.59394333545065,0.610814578664557
-0.820888078587149,8.99831071122018,-0.257426309670094
-0.00709039723777527,4.5129222276043,-0.541889066001582
-0.806707284111599,0.564862521463623,-0.17364817766693
0,0,0

StrokePoints: 13
0,0,0
-1.6134145682232,1.12972504292725,-0.347296355333861
-3.2268291364464,2.25945008585449,-0.694592710667721
-4.04062681779577,1.96325195312847,-0.194592710667721
-6.48201986184389,1.0746575549504,1.30540728933228
1.62050496546097,15.1268412388198,3.72162915732911
4.88278608809624,32.5682000514709,5.09596195932437
3.26937151987305,42.0643499079684,8.0121838273212
0.8350688730627,49.6582932434191,8.62299840598576
0.0141807944755512,58.6566039546393,8.36557209631567
0.00709039723777594,63.1695261822436,7.82368303031408
-0.799616886873823,63.7343887037072,7.65003485264715
-0.799616886873823,63.7343887037072,7.65003485264715

Velocities: 12
0,2,0
0,2,0
0,0,0
0,0,0
5,0,7
5,6,7
3,5,4
2,3,3
6,5,2
3,2,1
0,1,0
0,0,0

InverseVelocities: 12
0,0,0
0,0,0
0,0,0
0,0,0
0,0,0
0,0,0
0,0,0
0,0,0
0,0,0
0,0,0
0,0,0
0,0,0
