GestureName: swipe_back
Duration(ms): 517
Handedness: right

SpeakerAngles: 6
55
-55
0
0
110
-110

SpeakerElevations: 6
-10
-10
-10
0
30
30

InterpretedPoints: 11
0.813797681349374,-6.78795016923785,0.368240888334652
0.799616886873824,-11.8322232302127,-0.589870045663766
-0.0354519861888756,-13.2521684617612,-0.589870045663766
10.5368274741152,-17.1942502237972,-1.06892551266297
7.27454635147994,-3.36164138479332,0.215537243668512
0.813797681349374,-6.48215212483746,1.58377813200316
6.46783906736834,-2.79677886332969,0.0418890660015822
6.46074867013057,-16.9590975231527,0.931074487337025
12.1573324395762,-1.58445258843717,-2.78446275633149
2.42721224957257,-0.833526910201223,-0.152703644666139
0,0,0

StrokePoints: 12
0,0,0
0.813797681349374,-6.78795016923785,0.368240888334652
1.6134145682232,-18.6201733994505,-0.221629157329114
1.57796258203432,-31.8723418612118,-0.81149920299288
12.1147900561495,-49.066592085009,-1.88042471565586
19.3893364076295,-52.4282334698023,-1.66488747198734
20.2031340889788,-58.9103855946398,-0.0811093399841787
26.6709731563472,-61.7071644579695,-0.0392202739825965
33.1317218264777,-78.6662619811222,0.891854213354428
45.2890542660539,-80.2507145695594,-1.89260854297706
47.7162665156265,-81.0842414797606,-2.0453121876432
47.7162665156265,-81.0842414797606,-2.0453121876432

Velocities: 11
-1,-1,-3
-2,-4,-5
0,-5,-6
0,-6,-8
0,-7,0
-6,-6,0
0,-6,0
0,-7,-7
0,-7,0
0,-2,0
0,0,0

InverseVelocities: 11
0,0,0
0,0,0
0,0,0
0,0,0
0,0,0
0,0,0
0,0,0
0,0,0
0,0,0
0,0,0
0,0,0
