GestureName: swipe_left
Duration(ms): 611
Handedness: right

SpeakerAngles: 6
55
-55
0
0
110
-110

SpeakerElevations: 6
-10
-10
-10
0
30
30

InterpretedPoints: 13
1.62759536269875,-0.592396265452048,1
0.799616886873824,0.833526910201223,0.152703644666139
5.68240297497007,2.22593839776138,0.979055466999209
6.48201986184389,-0.0550674879768482,1.65270364466614
4.03353642055799,-4.32685907083197,3.34729635533386
6.46074867013056,-9.13000148705761,3.54188906600158
8.10961522454264,-11.8657349183058,1.08377813200316
5.68240297497007,-10.7144540754948,0.757426309670095
2.42721224957257,-10.9771405201277,-0.416221867996836
4.85442449914514,-9.60628483245128,0.389185421335443
2.42721224957257,-0.833526910201223,-0.152703644666139
0.806707284111599,-0.564862521463623,0.17364817766693
0,0,0

StrokePoints: 14
0,0,0
1.62759536269875,-0.592396265452048,1
2.42721224957257,0.241130644749175,1.15270364466614
8.10961522454264,2.46706904251056,2.13175911166535
14.5916350863865,2.41200155453371,3.78446275633149
18.6251715069445,-1.91485751629826,7.13175911166535
25.0859201770751,-11.0448590033559,10.6736481776669
33.1955354016177,-22.9105939216617,11.7574263096701
38.8779383765878,-33.6250479971564,12.5148526193402
41.3051506261604,-44.6021885172841,12.0986307513434
46.1595751253055,-54.2084733497354,12.4878161726788
48.5867873748781,-55.0420002599366,12.3351125280127
49.3934946589897,-55.6068627814003,12.5087607056796
49.3934946589897,-55.6068627814003,12.5087607056796

Velocities: 13
0,0,0
2,0,0
2,0,1
3,-1,0
2,-3,-1
2,-5,-3
-2,-6,-4
-4,-6,-3
-3,-5,-4
0,-4,-4
0,-2,0
0,-1,0
0,0,0

InverseVelocities: 13
0,0,0
0,0,0
0,0,0
0,0,0
0,0,0
-3,1,0
0,0,0
0,0,0
0,0,0
0,0,0
0,0,0
0,0,0
0,0,0
