GestureName: swipe_front
Duration(ms): 517
Handedness: right

SpeakerAngles: 6
55
-55
0
0
110
-110

SpeakerElevations: 6
-10
-10
-10
0
30
30

InterpretedPoints: 11
0.806707284111599,0.564862521463623,-0.17364817766693
-4.04062681779577,1.96325195312847,-0.194592710667721
-6.47492946460611,1.93571820914005,0.631759111665348
-1.62759536269875,4.46383268373214,0.263518223330697
4.07607880398464,3.30657389681647,1.43716640099763
2.4484834412859,10.1160798659381,1.08987004566377
0,8.95882107902238,2.2635182233307
0.806707284111599,3.88701427405914,2.13175911166535
-1.62050496546097,2.79080091922501,0.805407289332279
0,1.39241148756016,0.826351822333069
0,0,0

StrokePoints: 12
0,0,0
0.806707284111599,0.564862521463623,-0.17364817766693
-3.23391953368417,2.52811447459209,-0.368240888334652
-9.70884899829029,4.46383268373214,0.263518223330696
-11.336444360989,8.92766536746428,0.527036446661393
-7.26036555700439,12.2342392642807,1.96420284765902
-4.81188211571849,22.3503191302188,3.05407289332279
-4.81188211571849,31.3091402092412,5.31759111665348
-4.00517483160689,35.1961544833003,7.44935022831883
-5.62567979706787,37.9869554025253,8.25475751765111
-5.62567979706787,39.3793668900855,9.08110933998418
-5.62567979706787,39.3793668900855,9.08110933998418

Velocities: 11
1,0,0
0,4,0
0,5,0
5,5,0
4,5,0
3,4,4
3,3,4
2,1,2
1,2,1
0,0,1
0,0,0

InverseVelocities: 11
0,0,0
0,0,0
0,0,0
0,0,0
0,0,0
0,0,0
0,0,0
0,0,0
0,0,0
0,0,0
0,0,0
