GestureName: swipe_back
Duration(ms): 564
Handedness: right

SpeakerAngles: 6
55
-55
0
0
110
-110

SpeakerElevations: 6
-10
-10
-10
0
30
30

InterpretedPoints: 12
4.04771721503354,-4.27179158285513,1.69459271066772
1.63468575993652,-7.35281269070147,0.541889066001582
5.68240297497007,-12.4246194956647,0.410129954336234
2.43430264681035,-12.41864155156,-0.437166400997627
10.543917871353,-14.3483818165954,-1.91622186799684
6.47492946460611,-1.93571820914005,-0.631759111665348
7.27454635147994,-3.36164138479332,0.215537243668512
7.27454635147994,-2.76924511934127,-0.784462756331487
6.46783906736834,0.757598729382593,-5.95811093399842
1.62759536269875,0.592396265452048,-1
0.813797681349374,0.296198132726024,-0.5
0,0,0

StrokePoints: 13
0,0,0
4.04771721503354,-4.27179158285513,1.69459271066772
5.68240297497007,-11.6246042735566,2.2364817766693
11.3648059499401,-24.0492237692213,2.64661173100554
13.7991085967505,-36.4678653207813,2.20944533000791
24.3430264681035,-50.8162471373767,0.293223462011075
30.8179559327096,-52.7519653465168,-0.338535649654273
38.0925022841895,-56.1136067313101,-0.122998405985761
45.3670486356695,-58.8828518506513,-0.907461162317248
51.8348877030378,-58.1252531212687,-6.86557209631567
53.4624830657365,-57.5328568558167,-7.86557209631567
54.2762807470859,-57.2366587230907,-8.36557209631567
54.2762807470859,-57.2366587230907,-8.36557209631567

Velocities: 12
0,-3,-1
-2,-1,-3
-2,-4,-5
-1,-2,-6
0,-5,-7
0,-5,0
0,-7,0
0,-7,0
0,-6,0
0,0,0
0,0,0
0,0,0

InverseVelocities: 12
0,0,0
0,1,0
0,0,0
0,0,0
0,0,0
0,0,0
0,0,0
0,0,0
0,0,0
0,0,0
0,0,0
0,0,0
