GestureName: swipe_front
Duration(ms): 423
Handedness: right

SpeakerAngles: 6
55
-55
0
0
110
-110

SpeakerElevations: 6
-10
-10
-10
0
30
30

InterpretedPoints: 9
-1.62759536269875,-0.592396265452048,1
-2.42721224957257,0.833526910201223,0.152703644666139
-4.85442449914514,1.66705382040245,0.305407289332279
-6.46074867013056,2.47304698661525,1.28446275633149
-2.43430264681035,13.8230089273296,-0.431074487337025
-0.00709039723777494,8.63508920230793,3.58987004566377
-0.820888078587149,6.14646435991364,1.43716640099763
-0.813797681349374,2.22593839776138,0.979055466999209
0,0,0

StrokePoints: 10
0,0,0
-1.62759536269875,-0.592396265452048,1
-4.05480761227132,0.241130644749175,1.15270364466614
-8.90923211141646,1.90818446515162,1.45811093399842
-15.369980781547,4.38123145176687,2.7425736903299
-17.8042834283574,18.2042403790964,2.31149920299288
-17.8113738255951,26.8393295814044,5.90136924865665
-18.6322619041823,32.985793941318,7.33853564965427
-19.4460595855317,35.2117323390794,8.31759111665348
-19.4460595855317,35.2117323390794,8.31759111665348

Velocities: 9
0,0,0
0,2,0
0,4,0
0,7,0
4,5,5
4,3,4
4,3,2
1,1,1
0,0,0

InverseVelocities: 9
0,0,0
0,0,0
0,0,0
0,0,0
0,0,0
0,0,0
0,0,0
0,0,0
0,0,0
