GestureName: swipe_left
Duration(ms): 611
Handedness: right

SpeakerAngles: 6
55
-55
0
0
110
-110

SpeakerElevations: 6
-10
-10
-10
0
30
30

InterpretedPoints: 13
1.62759536269875,-0.592396265452048,1
2.44139304404812,-1.48099066363012,2.5
7.29581754319326,2.76326717523658,1.63175911166535
8.09543443006709,-1.1847925309041,2
8.90923211141646,-10.7575656752623,0.715537243668513
4.86151489638292,-12.1894667950202,2.41012995433623
5.68240297497007,-13.291658093959,1.93107448733702
3.24100993092194,-11.2733386528537,0.0837781320031643
4.05480761227132,-3.63030577353092,-0.110814578664557
4.05480761227132,-7.3803464346899,1.36824088833465
4.04771721503354,-5.07180680496324,-0.131759111665348
0.806707284111599,-2.54967027447583,0.347296355333861
0,0,0

StrokePoints: 14
0,0,0
1.62759536269875,-0.592396265452048,1
4.06898840674687,-2.07338692908217,3.5
11.3648059499401,0.689880246154416,5.13175911166535
19.4602403800072,-0.49491228474968,7.13175911166535
28.3694724914237,-11.2524779600119,7.84729635533386
33.2309873878066,-23.4419447550322,10.2574263096701
38.9133903627767,-36.7336028489912,12.1885007970071
42.1544002936986,-48.0069415018449,12.2722789290103
46.2092079059699,-51.6372472753758,12.1614643503457
50.2640155182413,-59.0175937100657,13.5297052386804
54.3117327332748,-64.089400515029,13.397946127015
55.1184400173864,-66.6390707895048,13.7452424823489
55.1184400173864,-66.6390707895048,13.7452424823489

Velocities: 13
0,0,0
0,0,0
4,0,1
3,-3,0
2,-4,-5
-2,-5,-4
-4,-6,-4
-3,-5,-4
-3,-5,0
0,-2,-3
0,-3,-2
0,-1,-1
0,0,0

InverseVelocities: 13
0,0,0
0,0,0
0,0,0
-1,0,0
-3,0,0
0,0,0
0,0,0
0,0,0
0,0,0
0,0,0
0,0,0
0,0,0
0,0,0
