GestureName: swipe_right
Duration(ms): 517
Handedness: right

SpeakerAngles: 6
55
-55
0
0
110
-110

SpeakerElevations: 6
-10
-10
-10
0
30
30

InterpretedPoints: 11
-0.813797681349374,-0.296198132726024,0.5
-0.813797681349374,0.296198132726024,-0.5
-4.85442449914514,-2.24749419764512,-1
-4.05480761227132,-4.21074615077359,-0.805407289332278
-5.67531257773229,-1.63952007641402,-1.13175911166535
-8.10961522454264,-2.25945008585449,0.694592710667721
-6.48201986184389,-9.60628483245128,0.389185421335443
-6.48201986184389,-7.62147707943907,0.215537243668513
-4.86151489638292,-6.76041642524942,-0.458110933998418
-0.813797681349374,0.296198132726024,-0.5
0,0,0

StrokePoints: 12
0,0,0
-0.813797681349374,-0.296198132726024,0.5
-1.62759536269875,0,0
-6.48201986184389,-2.24749419764512,-1
-10.5368274741152,-6.45824034841871,-1.80540728933228
-16.2121400518475,-8.09776042483274,-2.93716640099763
-24.3217552763901,-10.3572105106872,-2.24257369032991
-30.803775138234,-19.9634953431385,-1.85338826899446
-37.2857950000779,-27.5849724225776,-1.63785102532595
-42.1473098964608,-34.345388847827,-2.09596195932437
-42.9611075778102,-34.049190715101,-2.59596195932437
-42.9611075778102,-34.049190715101,-2.59596195932437

Velocities: 11
0,0,0
0,0,0
-1,3,-2
-2,0,-2
-4,-1,0
-4,0,0
-4,0,-4
-4,0,-3
-3,0,-3
0,0,0
0,0,0

InverseVelocities: 11
0,0,0
0,0,0
0,0,0
0,0,0
0,0,0
0,0,0
0,0,0
0,0,0
0,0,0
0,0,0
0,0,0
