GestureName: swipe_right
Duration(ms): 611
Handedness: right

SpeakerAngles: 6
55
-55
0
0
110
-110

SpeakerElevations: 6
-10
-10
-10
0
30
30

InterpretedPoints: 13
-1.62050496546097,0.2686643887376,0.32635182233307
-4.04771721503354,3.08699905195103,0.305407289332279
-4.86151489638292,3.32812969670021,1.45811093399842
-4.86151489638292,2.19840465377296,1.80540728933228
-10.543917871353,-0.564862521463624,0.17364817766693
-11.3577155527024,-1.99078569711689,1.02094453300079
-7.30290794043104,-6.4642182925234,-0.958110933998418
-6.51038145079499,-4.76963072813253,-1.47905546699921
-6.51038145079499,1.1847925309041,-2
-4.06898840674687,0.296198132726024,-0.5
-2.44139304404812,0.296198132726024,-0.5
-0.813797681349374,0.296198132726024,-0.5
0,0,0

StrokePoints: 14
0,0,0
-1.62050496546097,0.2686643887376,0.32635182233307
-5.66822218049452,3.35566344068863,0.631759111665348
-10.5297370768774,6.68379313738884,2.08987004566377
-15.3912519732604,8.8821977911618,3.89527733499604
-25.9351698446133,8.31733526969817,4.06892551266297
-37.2928853973157,6.32654957258128,5.08987004566377
-44.5957933377467,-0.13766871994212,4.13175911166535
-51.1061747885417,-4.90729944807465,2.65270364466614
-57.6165562393367,-3.72250691717055,0.65270364466614
-61.6855446460836,-3.42630878444453,0.15270364466614
-64.1269376901317,-3.1301106517185,-0.34729635533386
-64.9407353714811,-2.83391251899248,-0.84729635533386
-64.9407353714811,-2.83391251899248,-0.84729635533386

Velocities: 13
0,1,0
0,3,1
1,4,1
0,3,1
-3,2,0
-4,1,0
-3,0,-3
0,0,-3
0,0,0
0,0,0
0,0,0
0,0,0
0,0,0

InverseVelocities: 13
0,0,0
0,0,0
0,0,0
0,0,0
0,0,0
0,0,0
0,0,0
0,0,0
0,0,0
0,0,0
0,0,0
0,0,0
0,0,0
