GestureName: swipe_right
Duration(ms): 470
Handedness: right

SpeakerAngles: 6
55
-55
0
0
110
-110

SpeakerElevations: 6
-10
-10
-10
0
30
30

InterpretedPoints: 10
-1.62050496546097,0.2686643887376,0.32635182233307
-7.29581754319326,-0.833526910201223,-0.152703644666139
-8.91632250865424,-1.10219129893882,-0.479055466999209
-11.3648059499401,-2.25945008585449,0.694592710667721
-9.73721058724139,-1.66705382040245,-0.305407289332279
-8.93759370036756,-0.833526910201223,-0.152703644666139
-5.69658376944562,0.296198132726024,-0.5
-7.29581754319326,-1.96325195312847,0.194592710667721
-0.813797681349374,-0.296198132726024,0.5
0,0,0

StrokePoints: 11
0,0,0
-1.62050496546097,0.2686643887376,0.32635182233307
-8.91632250865424,-0.564862521463624,0.173648177666931
-17.8326450173085,-1.66705382040245,-0.305407289332278
-29.1974509672486,-3.92650390625694,0.389185421335443
-38.93466155449,-5.59355772665939,0.0837781320031642
-47.8722552548576,-6.42708463686061,-0.068925512662975
-53.5688390243032,-6.13088650413459,-0.568925512662975
-60.8646565674964,-8.09413845726306,-0.374332801995254
-61.6784542488458,-8.39033658998908,0.125667198004746
-61.6784542488458,-8.39033658998908,0.125667198004746

Velocities: 10
0,1,0
-3,1,0
-4,1,0
-4,0,0
-4,0,0
-2,0,0
0,0,0
-4,0,0
0,0,0
0,0,0

InverseVelocities: 10
0,0,0
0,0,0
0,0,0
0,0,0
0,0,0
0,0,0
0,0,0
0,0,0
0,0,0
0,0,0
