GestureName: swipe_up
Duration(ms): 470
Handedness: right

SpeakerAngles: 6
55
-55
0
0
110
-110

SpeakerElevations: 6
-10
-10
-10
0
30
30

InterpretedPoints: 10
-2.42721224957257,-1.42592317565327,0.847296355333861
-1.62759536269875,-0.592396265452048,1
0.827978475824924,-4.33283701493666,4.19459271066772
-3.2268291364464,-2.25945008585449,0.694592710667721
-2.4201218523348,-1.69458756439087,0.520944533000791
-0.806707284111599,-3.95403765024536,1.21553724366851
0.00709039723777483,-12.1894667950202,2.41012995433623
0,-9.34359838781837,1.56283359900237
0.806707284111599,-5.66420307041529,0.868240888334652
0,0,0

StrokePoints: 11
0,0,0
-2.42721224957257,-1.42592317565327,0.847296355333861
-4.05480761227132,-2.01831944110532,1.84729635533386
-3.2268291364464,-6.35115645604198,6.04188906600158
-6.45365827289279,-8.61060654189647,6.7364817766693
-8.87378012522759,-10.3051941062873,7.25742630967009
-9.68048740933919,-14.2592317565327,8.47296355333861
-9.67339701210141,-26.4486985515529,10.8830935076748
-9.67339701210141,-35.7922969393713,12.4459271066772
-8.86668972798981,-41.4565000097866,13.3141679950119
-8.86668972798981,-41.4565000097866,13.3141679950119

Velocities: 10
-2,0,0
0,0,0
-3,-1,0
-4,0,0
-3,0,0
-4,-3,0
-4,-3,-4
-3,-3,-3
-1,-2,-2
0,0,0

InverseVelocities: 10
0,0,0
0,0,0
0,0,0
0,0,0
0,0,0
0,0,0
0,0,0
0,0,0
0,0,0
0,0,0
