GestureName: swipe_down
Duration(ms): 517
Handedness: right

SpeakerAngles: 6
55
-55
0
0
110
-110

SpeakerElevations: 6
-10
-10
-10
0
30
30

InterpretedPoints: 11
0,1.12972504292725,-0.347296355333861
-0.813797681349374,-0.296198132726024,0.5
0.806707284111599,14.9527339702568,-0.778370842670885
3.24810032815972,5.86222211539699,0.242573690329905
3.2268291364464,7.85300781251388,-0.778370842670885
-0.00709039723777516,5.32489333792179,-0.410129954336234
6.47492946460612,1.343321943688,1.63175911166535
7.31708873490659,0.619930009440472,-1.82635182233307
1.6417761571743,-0.482261289498351,-2.30540728933228
1.62050496546097,-0.2686643887376,-0.32635182233307
0,0,0

StrokePoints: 12
0,0,0
0,1.12972504292725,-0.347296355333861
-0.813797681349374,0.833526910201223,0.152703644666139
-0.00709039723777505,15.786260880458,-0.625667198004746
3.24100993092194,21.648482995855,-0.383093507674841
6.46783906736834,29.5014908083689,-1.16146435034573
6.46074867013057,34.8263841462907,-1.57159430468196
12.9356781347367,36.1697060899787,0.060164806983388
20.2527668696433,36.7896360994192,-1.76618701534968
21.8945430268176,36.3073748099208,-4.07159430468196
23.5150479922785,36.0387104211832,-4.39794612701503
23.5150479922785,36.0387104211832,-4.39794612701503

Velocities: 11
1,1,0
0,0,0
6,5,5
7,6,0
10,6,0
6,5,0
5,0,0
0,-1,0
-3,-1,0
0,-1,0
0,0,0

InverseVelocities: 11
0,0,0
0,0,0
0,0,0
0,0,0
0,0,0
0,0,0
0,0,0
0,0,0
0,0,0
0,0,0
0,0,0
