GestureName: swipe_front
Duration(ms): 611
Handedness: right

SpeakerAngles: 6
55
-55
0
0
110
-110

SpeakerElevations: 6
-10
-10
-10
0
30
30

InterpretedPoints: 13
-0.806707284111599,0.564862521463623,-0.17364817766693
-2.42721224957257,0.833526910201223,0.152703644666139
-1.6134145682232,1.12972504292725,-0.347296355333861
0,0,0
0,0,0
-2.43430264681035,3.89897016226852,0.437166400997627
1.62759536269875,2.74171137535284,1.61081457866456
1.63468575993652,6.44266249263966,0.937166400997627
-1.62050496546097,7.29774520272462,1.11081457866456
-1.62050496546097,5.31293744971241,1.28446275633149
0.806707284111599,1.95727400902378,0.652703644666139
-0.813797681349374,-0.296198132726024,0.5
0,0,0

StrokePoints: 14
0,0,0
-0.806707284111599,0.564862521463623,-0.17364817766693
-3.23391953368417,1.39838943166485,-0.020944533000791
-4.84733410190737,2.52811447459209,-0.368240888334652
-4.84733410190737,2.52811447459209,-0.368240888334652
-4.84733410190737,2.52811447459209,-0.368240888334652
-7.28163674871771,6.42708463686061,0.0689255126629751
-5.65404138601897,9.16879601221345,1.67974009132753
-4.01935562608244,15.6114585048531,2.61690649232516
-5.63986059154342,22.9092037075777,3.72772107098972
-7.26036555700439,28.2221411572902,5.0121838273212
-6.45365827289279,30.1794151663139,5.66488747198734
-7.26745595424216,29.8832170335879,6.16488747198734
-7.26745595424216,29.8832170335879,6.16488747198734

Velocities: 13
0,1,0
0,2,0
0,2,0
0,0,0
0,0,0
4,5,0
4,4,0
3,4,2
2,3,3
2,3,2
1,0,1
0,0,0
0,0,0

InverseVelocities: 13
0,0,0
0,0,0
0,0,0
0,0,0
0,0,0
0,0,0
0,0,0
0,0,0
0,0,0
0,0,0
0,0,0
0,0,0
0,0,0
