GestureName: swipe_up
Duration(ms): 611
Handedness: right

SpeakerAngles: 6
55
-55
0
0
110
-110

SpeakerElevations: 6
-10
-10
-10
0
30
30

InterpretedPoints: 13
-0.813797681349374,-0.296198132726024,0.5
-2.43430264681035,-0.0275337439884242,0.82635182233307
-1.62759536269875,-0.592396265452048,1
-3.23391953368417,0.805993166212799,0.979055466999209
-4.86151489638292,5.63069138232218,0.805407289332278
0.0141807944755501,-3.92650390625694,0.389185421335443
-1.6134145682232,-17.2828293998672,2.25742630967009
-1.62050496546097,-4.78756456044659,1.06283359900237
-3.2268291364464,-12.1834888509155,1.56283359900237
2.4201218523348,-1.69458756439087,0.520944533000791
0,0,0
-0.806707284111599,-0.564862521463623,0.17364817766693
0,0,0

StrokePoints: 14
0,0,0
-0.813797681349374,-0.296198132726024,0.5
-3.24810032815972,-0.323731876714448,1.32635182233307
-4.87569569085847,-0.916128142166496,2.32635182233307
-8.10961522454264,-0.110134975953697,3.30540728933228
-12.9711301209256,5.52055640636848,4.11081457866456
-12.95694932645,1.59405250011154,4.5
-14.5703638946732,-15.6887768997557,6.75742630967009
-16.1908688601342,-20.4763414602022,7.82025990867247
-19.4176979965806,-32.6598303111178,9.38309350767484
-16.9975761442458,-34.3544178755087,9.90403804067563
-16.9975761442458,-34.3544178755087,9.90403804067563
-17.8042834283574,-34.9192803969723,10.0776862183426
-17.8042834283574,-34.9192803969723,10.0776862183426

Velocities: 13
0,0,0
0,1,0
0,0,0
0,3,0
-1,2,3
-5,-3,0
-4,-2,-7
-5,-4,0
-4,0,-5
0,-3,0
0,0,0
-1,0,0
0,0,0

InverseVelocities: 13
0,0,0
0,0,0
0,0,0
0,0,0
0,-2,0
0,0,0
0,0,0
0,0,0
0,0,0
0,0,0
0,0,0
0,0,0
0,0,0
