GestureName: swipe_back
Duration(ms): 611
Handedness: right

SpeakerAngles: 6
55
-55
0
0
110
-110

SpeakerElevations: 6
-10
-10
-10
0
30
30

InterpretedPoints: 13
0.806707284111599,-0.564862521463623,0.17364817766693
0.806707284111599,-4.53447802748804,0.520944533000791
-0.820888078587149,-7.91169726806041,-0.131759111665348
0,-14.058161627974,-1.56892551266297
-0.813797681349373,-16.2841000257354,-2.54798097966218
0.813797681349373,-16.8214288032106,-3.20068462432832
0.00709039723777494,-2.36291201066155,-4.58987004566377
8.90923211141646,-0.723391934247527,-3.45811093399842
8.91632250865424,-14.9407780820474,-0.916221867996835
6.49620065631944,-9.27657501163214,-1.78446275633149
4.86860529362069,-7.88416352407198,-0.958110933998418
4.87569569085847,-5.03829511687013,-1.80540728933228
0,0,0

StrokePoints: 14
0,0,0
0.806707284111599,-0.564862521463623,0.17364817766693
1.6134145682232,-5.09934054895166,0.694592710667721
0.792526489636049,-13.0110378170121,0.562833599002373
0.792526489636049,-27.0691994449861,-1.0060919136606
-0.0212711917133248,-43.3532994707215,-3.55407289332279
0.792526489636049,-60.1747282739322,-6.75475751765111
0.799616886873824,-62.5376402845937,-11.3446275633149
9.70884899829029,-63.2610322188413,-14.8027384973133
18.6251715069445,-78.2018103008887,-15.7189603653101
25.121372163264,-87.4783853125208,-17.5034231216416
29.9899774568847,-95.3625488365928,-18.46153405564
34.8656731477431,-100.400843953463,-20.2669413449723
34.8656731477431,-100.400843953463,-20.2669413449723

Velocities: 13
0,-1,0
0,-1,-2
0,-1,-4
-4,-4,-6
-5,-5,-7
-6,-6,-7
-6,-5,0
0,-6,0
0,-5,-7
0,-2,-5
0,-2,-4
0,-1,-3
0,0,0

InverseVelocities: 13
0,0,0
0,0,0
0,0,0
0,0,0
0,0,0
0,0,0
0,0,0
0,0,0
0,0,0
0,0,0
0,0,0
0,0,0
0,0,0
