GestureName: swipe_left
Duration(ms): 564
Handedness: right

SpeakerAngles: 6
55
-55
0
0
110
-110

SpeakerElevations: 6
-10
-10
-10
0
30
30

InterpretedPoints: 12
2.43430264681035,-0.0275337439884242,0.82635182233307
3.24100993092194,0.537328777475199,0.652703644666139
5.67531257773229,0.509795033486775,1.47905546699921
5.67531257773229,-0.619930009440472,1.82635182233307
12.9782205181633,-6.28413307985576,2.69459271066772
13.7778374050372,-9.63979652054439,2.06283359900237
8.91632250865424,-10.1711473539149,0.562833599002373
9.75139138171694,-14.7726487575892,4.43107448733702
8.10961522454264,-10.1986810979033,1.38918542133544
4.88278608809624,-7.67654456741592,1.86824088833465
0,-1.98480775301221,0.17364817766693
0,0,0

StrokePoints: 13
0,0,0
2.43430264681035,-0.0275337439884242,0.82635182233307
5.67531257773229,0.509795033486775,1.47905546699921
11.3506251554646,1.01959006697355,2.95811093399842
17.0259377331969,0.399660057533078,4.78446275633149
30.0041582513602,-5.88447302232268,7.47905546699921
43.7819956563974,-15.5242695428671,9.54188906600158
52.6983181650516,-25.695416896782,10.104722665004
62.4497095467685,-40.4680656543711,14.535797152341
70.5593247713112,-50.6667467522745,15.9249825736764
75.4421108594074,-58.3432913196904,17.7932234620111
75.4421108594074,-60.3280990727026,17.966871639678
75.4421108594074,-60.3280990727026,17.966871639678

Velocities: 12
1,0,0
2,0,0
3,0,0
2,-1,0
2,-4,-2
1,-7,-3
0,-5,-4
-4,-6,-4
0,-4,-4
-1,-1,-3
0,0,-1
0,0,0

InverseVelocities: 12
0,0,0
0,0,0
0,0,0
0,0,0
0,2,0
0,0,0
0,0,0
0,0,0
0,0,0
0,0,0
0,0,0
0,0,0
