GestureName: swipe_front
Duration(ms): 517
Handedness: right

SpeakerAngles: 6
55
-55
0
0
110
-110

SpeakerElevations: 6
-10
-10
-10
0
30
30

InterpretedPoints: 11
-0.806707284111599,0.564862521463623,-0.17364817766693
-0.806707284111599,3.67939531740308,-0.694592710667721
-0.806707284111599,3.95403765024536,-1.21553724366851
-4.03353642055799,2.82431260731812,-0.868240888334652
-5.65404138601897,3.09297699605572,-0.541889066001582
-5.65404138601897,1.90818446515162,1.45811093399842
-4.86151489638292,13.7344297512596,2.89527733499604
-0.799616886873824,11.7771557422358,2.24257369032991
-2.42721224957257,7.2702114587362,1.93716640099763
-0.806707284111599,3.08699905195103,0.305407289332279
0,0,0

StrokePoints: 12
0,0,0
-0.806707284111599,0.564862521463623,-0.17364817766693
-1.6134145682232,4.2442578388667,-0.868240888334652
-2.4201218523348,8.19829548911207,-2.08377813200316
-6.45365827289279,11.0226080964302,-2.95201902033782
-12.1076996589118,14.1155850924859,-3.4939080863394
-17.7617410449307,16.0237695576375,-2.03579715234098
-22.6232559413136,29.7581993088971,0.859480182655064
-23.4228728281875,41.5353550511329,3.10205387298497
-25.85008507776,48.8055665098691,5.0392202739826
-26.6567923618716,51.8925655618202,5.34462756331487
-26.6567923618716,51.8925655618202,5.34462756331487

Velocities: 11
0,1,0
1,2,1
3,4,0
0,5,0
0,6,0
0,6,0
3,6,6
3,5,5
2,4,3
1,2,1
0,0,0

InverseVelocities: 11
0,0,0
0,0,0
0,0,0
0,0,0
0,0,0
0,0,0
0,0,0
0,0,0
0,0,0
0,0,0
0,0,0
