GestureName: swipe_down
Duration(ms): 423
Handedness: right

SpeakerAngles: 6
55
-55
0
0
110
-110

SpeakerElevations: 6
-10
-10
-10
0
30
30

InterpretedPoints: 9
-1.6134145682232,4.50694428349962,0.305407289332279
-2.4201218523348,1.10219129893882,0.479055466999209
2.4201218523348,3.95403765024536,-1.21553724366851
-1.6134145682232,1.12972504292725,-0.347296355333861
-1.6134145682232,1.12972504292725,-0.347296355333861
0.813797681349374,0.296198132726024,-0.5
2.4484834412859,2.39711880579662,-4.82635182233307
-1.62050496546097,0.323731876714448,-1.32635182233307
0,0,0

StrokePoints: 10
0,0,0
-1.6134145682232,4.50694428349962,0.305407289332279
-4.03353642055799,5.60913558243844,0.784462756331487
-1.6134145682232,9.5631732326838,-0.431074487337025
-3.2268291364464,10.6928982756111,-0.778370842670886
-4.84024370466959,11.8226233185383,-1.12566719800475
-4.02644602332022,12.1188214512643,-1.62566719800475
-1.57796258203432,14.5159402570609,-6.45201902033781
-3.1984675474953,14.8396721337754,-7.77837084267088
-3.1984675474953,14.8396721337754,-7.77837084267088

Velocities: 9
0,2,2
0,3,0
5,2,0
0,2,0
0,2,0
0,0,0
-1,0,0
-1,0,0
0,0,0

InverseVelocities: 9
0,0,0
0,0,0
0,0,0
0,0,0
0,0,0
0,0,0
0,0,0
0,0,0
0,0,0
