GestureName: swipe_down
Duration(ms): 470
Handedness: right

SpeakerAngles: 6
55
-55
0
0
110
-110

SpeakerElevations: 6
-10
-10
-10
0
30
30

InterpretedPoints: 10
-1.62050496546097,0.2686643887376,0.32635182233307
1.6134145682232,7.08414830196387,-0.868240888334652
0,13.5759003384757,-0.736481776669303
-4.02644602332022,2.50058073060367,0.458110933998418
1.62759536269875,0,0
1.62759536269875,0.592396265452048,-1
-2.41303145509702,-1.31578819969957,-2.45811093399842
1.6134145682232,-1.6119863324256,-1.95811093399842
2.42721224957257,-0.833526910201223,-0.152703644666139
0,0,0

StrokePoints: 11
0,0,0
-1.62050496546097,0.2686643887376,0.32635182233307
-0.00709039723777494,7.35281269070147,-0.541889066001582
-0.00709039723777494,20.9287130291772,-1.27837084267089
-4.03353642055799,23.4292937597808,-0.820259908672468
-2.40594105785924,23.4292937597808,-0.820259908672468
-0.778345695160497,24.0216900252329,-1.82025990867247
-3.19137715025752,22.7059018255333,-4.27837084267089
-1.57796258203432,21.0939154931077,-6.2364817766693
0.84924966753825,20.2603885829065,-6.38918542133544
0.84924966753825,20.2603885829065,-6.38918542133544

Velocities: 10
0,1,0
2,0,3
2,2,6
0,6,0
0,0,0
0,0,0
-5,-1,0
-2,-4,0
0,-2,0
0,0,0

InverseVelocities: 10
0,0,0
0,0,0
0,0,0
0,0,0
0,0,0
0,0,0
0,0,0
0,0,0
0,0,0
0,0,0
