GestureName: swipe_right
Duration(ms): 517
Handedness: right

SpeakerAngles: 6
55
-55
0
0
110
-110

SpeakerElevations: 6
-10
-10
-10
0
30
30

InterpretedPoints: 11
-0.806707284111599,0.564862521463623,-0.17364817766693
-3.23391953368417,-1.99078569711689,1.02094453300079
-11.3506251554646,-1.72212130837929,1.34729635533386
-12.164422836814,-1.96325195312847,0.194592710667721
-8.91632250865424,-1.04712381096197,-2.13175911166535
-8.91632250865424,-1.04712381096197,-2.13175911166535
-8.10252482730486,-1.343321943688,-1.63175911166535
-7.32417913214436,0.296198132726024,-0.5
-4.86860529362069,-7.62147707943907,0.215537243668513
-3.24100993092195,-1.12972504292725,0.347296355333861
0,0,0

StrokePoints: 12
0,0,0
-0.806707284111599,0.564862521463623,-0.17364817766693
-4.04062681779577,-1.42592317565327,0.847296355333861
-15.3912519732604,-3.14804448403257,2.19459271066772
-27.5556748100743,-5.11129643716104,2.38918542133544
-36.4719973187285,-6.15842024812301,0.257426309670095
-45.3883198273828,-7.20554405908498,-1.87433280199525
-53.4908446546876,-8.54886600277298,-3.5060919136606
-60.815023786832,-8.25266787004696,-4.0060919136606
-65.6836290804527,-15.874144949486,-3.79055466999209
-68.9246390113746,-17.0038699924133,-3.44325831465823
-68.9246390113746,-17.0038699924133,-3.44325831465823

Velocities: 11
0,1,0
-3,0,0
-4,2,0
-5,1,0
-5,0,0
-5,0,0
-5,0,0
0,0,0
-3,-1,-3
-2,0,0
0,0,0

InverseVelocities: 11
0,0,0
0,0,0
0,0,0
0,0,0
0,0,0
0,0,0
0,0,0
0,0,0
0,0,0
0,0,0
0,0,0
