GestureName: tap_left
Duration(ms): 1128
Handedness: right

SpeakerAngles: 6
55
-55
0
0
110
-110

SpeakerElevations: 6
-10
-10
-10
0
30
30

InterpretedPoints: 24
0.813797681349374,-0.296198132726024,0.5
3.24100993092194,0.537328777475199,0.652703644666139
6.48201986184389,-1.1847925309041,2
6.46783906736834,-3.76199654936835,3.17364817766693
11.3506251554646,-4.50694428349961,-0.305407289332278
8.10252482730486,-11.0046742641161,0.410129954336234
4.04062681779577,-11.5695367855798,0.583778132003164
6.47492946460611,-9.28255295573683,-0.937166400997627
2.41303145509702,-9.9024829651773,0.889185421335443
2.4201218523348,-5.66420307041529,0.868240888334652
0,-1.98480775301221,0.17364817766693
0,0,0
0,0,0
0,1.98480775301221,-0.17364817766693
-4.86151489638292,6.76041642524942,0.458110933998418
-7.29581754319326,7.91767521216509,-0.715537243668513
-5.67531257773229,9.90846090928199,-1.7364817766693
-6.48201986184389,3.05946530796261,1.13175911166535
-4.86860529362069,4.18919035088985,0.784462756331487
-2.4201218523348,4.21672409487828,-0.0418890660015821
-3.24100993092194,0.537328777475199,0.652703644666139
-2.43430264681035,-0.0275337439884242,0.82635182233307
-2.43430264681035,-0.0275337439884242,0.82635182233307
0,0,0

StrokePoints: 25
0,0,0
0.813797681349374,-0.296198132726024,0.5
4.05480761227132,0.241130644749175,1.15270364466614
10.5368274741152,-0.94366188615492,3.15270364466614
17.0046665414835,-4.70565843552327,6.32635182233307
28.3552916969481,-9.21260271902289,6.02094453300079
36.457816524253,-20.217276983139,6.43107448733702
40.4984433420488,-31.7868137687188,7.01485261934019
46.9733728066549,-41.0693667244556,6.07768621834256
49.3864042617519,-50.9718496896329,6.966871639678
51.8065261140867,-56.6360527600482,7.83511252801266
51.8065261140867,-58.6208605130604,8.00876070567959
51.8065261140867,-58.6208605130604,8.00876070567959
51.8065261140867,-58.6208605130604,8.00876070567959
51.8065261140867,-56.6360527600482,7.83511252801266
46.9450112177038,-49.8756363347987,8.29322346201107
39.6491936745105,-41.9579611226337,7.57768621834256
33.9738810967782,-32.0495002133517,5.84120444167326
27.4918612349343,-28.9900349053891,6.97296355333861
22.6232559413136,-24.8008445544992,7.75742630967009
20.2031340889788,-20.5841204596209,7.71553724366851
16.9621241580569,-20.0467916821457,8.36824088833465
14.5278215112465,-20.0743254261342,9.19459271066772
12.0935188644362,-20.1018591701226,10.0209445330008
12.0935188644362,-20.1018591701226,10.0209445330008

Velocities: 24
0,0,0
2,0,0
2,-2,0
3,-3,-1
2,-4,-2
-1,-6,-4
-2,-6,-4
0,-5,-4
0,-4,-4
0,-3,-2
0,0,-1
0,0,0
0,0,0
0,0,1
0,3,3
0,4,3
2,5,3
0,4,1
2,4,1
1,4,1
0,2,0
0,1,0
0,1,0
0,0,0

InverseVelocities: 24
0,0,0
0,0,0
0,0,0
0,2,0
-2,0,0
0,0,0
0,0,0
0,0,0
0,0,0
0,0,0
0,0,0
0,0,0
0,0,0
0,0,0
0,0,0
0,0,0
0,0,0
0,0,0
0,0,0
0,0,0
0,0,0
0,0,0
0,0,0
0,0,0
