GestureName: tap_down
Duration(ms): 1128
Handedness: right

SpeakerAngles: 6
55
-55
0
0
110
-110

SpeakerElevations: 6
-10
-10
-10
0
30
30

InterpretedPoints: 24
0.806707284111599,2.54967027447583,-0.347296355333861
3.2268291364464,2.25945008585449,-0.694592710667721
4.03353642055799,12.7483513723792,-1.7364817766693
0,15.5726639796973,-2.60472266500395
8.12379601901819,5.75876019058993,-5.04188906600158
2.46975463299922,0.406333108679721,-3.80540728933228
-0.00709039723777494,0.378799364691297,-2.97905546699921
-1.6134145682232,0.647463753428896,-2.65270364466614
0.813797681349374,0.296198132726024,-0.5
0,0,0
0,0,0
0,0,0
-1.62759536269875,-0.592396265452048,1
0.799616886873823,-0.94366188615492,3.15270364466614
-1.62050496546097,-2.10092067307059,4.32635182233307
0.806707284111598,0.454727545509927,3.13175911166535
-6.51038145079499,-2.96198132726024,5
-4.89696688257179,-3.49931010473544,4.34729635533386
-7.30999833766881,-4.33283701493666,4.19459271066772
-2.4201218523348,-7.64901082342749,1.04188906600158
-1.6134145682232,-8.21387334489112,1.21553724366851
0,-3.11453279593945,0.520944533000791
-0.813797681349374,-0.296198132726024,0.5
0,0,0

StrokePoints: 25
0,0,0
0.806707284111599,2.54967027447583,-0.347296355333861
4.03353642055799,4.80912036033033,-1.04188906600158
8.06707284111599,17.5574717327095,-2.77837084267089
8.06707284111599,33.1301357124068,-5.38309350767484
16.1908688601342,38.8888959029967,-10.4249825736764
18.6606234931334,39.2952290116764,-14.2303898630087
18.6535330958956,39.6740283763677,-17.2094453300079
17.0401185276724,40.3214921297966,-19.862148974674
17.8539162090218,40.6176902625226,-20.362148974674
17.8539162090218,40.6176902625226,-20.362148974674
17.8539162090218,40.6176902625226,-20.362148974674
17.8539162090218,40.6176902625226,-20.362148974674
16.2263208463231,40.0252939970706,-19.362148974674
17.0259377331969,39.0816321109157,-16.2094453300079
15.4054327677359,36.9807114378451,-11.8830935076748
16.2121400518475,37.435438983355,-8.75133439600949
9.70175860105251,34.4734576560948,-3.75133439600949
4.80479171848072,30.9741475513593,0.595961959324371
-2.50520661918809,26.6413105364227,4.79055466999209
-4.92532847152289,18.9922997129952,5.83244373599367
-6.53874303974609,10.778426368104,7.04798097966219
-6.53874303974609,7.66389357216459,7.56892551266298
-7.35254072109546,7.36769543943856,8.06892551266298
-7.35254072109546,7.36769543943856,8.06892551266298

Velocities: 24
1,0,1
4,0,0
5,0,5
5,5,5
4,2,0
-4,0,0
-1,-2,0
-2,0,0
0,0,0
0,0,0
0,0,0
0,0,0
0,0,0
2,0,0
0,1,0
3,2,0
0,0,0
0,-2,0
-3,-1,0
-3,0,-3
-3,-1,-3
-1,-1,-1
0,0,0
0,0,0

InverseVelocities: 24
0,0,0
0,0,0
0,0,0
0,0,0
0,0,0
0,0,0
0,0,0
0,0,0
0,0,0
0,0,0
0,0,0
0,0,0
0,0,0
0,0,0
0,0,0
0,0,0
0,0,0
0,0,0
0,0,0
0,0,0
0,0,0
0,0,0
0,0,0
0,0,0
