GestureName: tap_back
Duration(ms): 1269
Handedness: right

SpeakerAngles: 6
55
-55
0
0
110
-110

SpeakerElevations: 6
-10
-10
-10
0
30
30

InterpretedPoints: 27
-3.24810032815972,-4.77560867223722,-0.631759111665348
-3.26228112263527,-7.57238753556691,-0.589870045663766
-2.44139304404812,-4.76003081645816,0.236481776669303
1.6134145682232,-4.51890017170899,1.38918542133544
7.32417913214436,-24.9378181673994,4.14661173100554
3.2268291364464,-16.1099927571725,1.95201902033782
-0.813797681349374,-11.5814926737891,2.27837084267089
2.41303145509702,-1.96325195312847,0.194592710667721
4.04771721503354,-0.509795033486775,-1.47905546699921
1.62050496546097,-0.2686643887376,-0.32635182233307
0,0,0
0,0,0
0,0,0
-0.813797681349374,1.68860962028618,0.32635182233307
0.806707284111599,10.1831032421243,-2.25742630967009
0.778345695160498,5.60913558243844,0.784462756331487
1.63468575993652,8.90973153515022,3.06892551266297
-0.806707284111599,4.49136642772056,-0.562833599002373
-0.813797681349374,17.2612735999835,-2.27837084267089
-0.806707284111599,15.0078014582337,-2.43107448733702
1.63468575993652,7.89014146817667,0.110814578664557
1.62759536269875,2.52213653048741,0.479055466999209
-1.62759536269875,2.52213653048741,0.479055466999209
0,1.98480775301221,-0.17364817766693
0,0,0
-0.806707284111599,0.564862521463623,-0.17364817766693
0,0,0

StrokePoints: 28
0,0,0
-3.24810032815972,-4.77560867223722,-0.631759111665348
-6.51038145079499,-12.3479962078041,-1.22162915732911
-8.95177449484311,-17.1080270242623,-0.985147380659811
-7.33835992661991,-21.6269271959713,0.404038040675632
-0.0141807944755499,-46.5647453633707,4.55064977168117
3.21264834197085,-62.6747381205431,6.50266879201898
2.39885066062147,-74.2562307943323,8.78103963468987
4.81188211571849,-76.2194827474607,8.97563234535759
8.85959933075204,-76.7292777809475,7.49657687835838
10.480104296213,-76.9979421696851,7.17022505602531
10.480104296213,-76.9979421696851,7.17022505602531
10.480104296213,-76.9979421696851,7.17022505602531
10.480104296213,-76.9979421696851,7.17022505602531
9.66630661486363,-75.3093325493989,7.49657687835838
10.4730138989752,-65.1262293072746,5.23915056868829
11.2513595941357,-59.5170937248362,6.02361332501978
12.8860453540723,-50.607362189686,9.09253883768275
12.0793380699607,-46.1159957619654,8.52970523868038
11.2655403886113,-28.854722161982,6.2513343960095
10.4588331044997,-13.8469207037483,3.82025990867247
12.0935188644362,-5.95677923557163,3.93107448733703
13.7211142271349,-3.43464270508423,4.41012995433624
12.0935188644362,-0.912506174596818,4.88918542133545
12.0935188644362,1.07230157841539,4.71553724366852
12.0935188644362,1.07230157841539,4.71553724366852
11.2868115803246,1.63716409987901,4.54188906600158
11.2868115803246,1.63716409987901,4.54188906600158

Velocities: 27
-2,-1,-2
-4,-5,-2
-5,-5,0
-3,-5,0
-6,-6,-9
-4,-8,-5
-7,-7,-2
0,-4,0
0,-3,0
0,-1,0
0,0,0
0,0,0
0,0,0
0,0,1
6,5,2
5,0,2
5,6,3
4,5,0
5,5,6
4,5,5
2,3,3
1,1,1
1,1,1
0,0,1
0,0,0
0,1,0
0,0,0

InverseVelocities: 27
0,0,0
0,0,0
0,0,0
0,0,0
0,0,0
0,0,0
0,0,0
0,0,0
0,0,0
0,0,0
0,0,0
0,0,0
0,0,0
0,0,0
0,0,0
0,0,0
0,0,0
0,0,0
0,0,0
0,0,0
0,0,0
0,0,0
0,0,0
0,0,0
0,0,0
0,0,0
0,0,0
