GestureName: tap_back
Duration(ms): 1175
Handedness: right

SpeakerAngles: 6
55
-55
0
0
110
-110

SpeakerElevations: 6
-10
-10
-10
0
30
30

InterpretedPoints: 25
0,-3.96961550602442,0.347296355333861
-4.86860529362069,-7.62147707943907,0.215537243668513
-3.24810032815972,-14.3818935046885,-0.242573690329905
3.2551907253975,-19.7498984423778,0.125667198004746
-4.88278608809624,-16.9100079792806,0.125667198004746
-1.6134145682232,-22.0644160162091,2.47296355333861
-2.41303145509702,-23.2156968590201,2.79931537567168
0,-11.8776908065151,2.77837084267089
-2.4201218523348,-1.69458756439087,0.520944533000791
1.6134145682232,-1.12972504292725,0.347296355333861
0,0,0
0,0,0
0,0,0
-2.4201218523348,1.69458756439087,-0.520944533000791
-4.03353642055799,2.82431260731812,-0.868240888334652
3.24100993092194,11.0106522082208,-1.25742630967009
3.21973873920862,5.0502510050795,0.110814578664557
-0.813797681349374,5.88975585938541,-0.583778132003164
-0.806707284111599,22.6292785376727,-2.64661173100554
-1.62759536269875,17.7650906893656,0.047980979662184
4.06898840674687,12.9619482731399,0.242573690329905
0.820888078587149,8.13127211292585,1.2635182233307
0,5.09934054895166,-0.694592710667721
0.806707284111599,0.564862521463623,-0.17364817766693
0,0,0

StrokePoints: 26
0,0,0
0,-3.96961550602442,0.347296355333861
-4.86860529362069,-11.5910925854635,0.562833599002373
-8.11670562178041,-25.972986090152,0.320259908672468
-4.86151489638292,-45.7228845325297,0.445927106677214
-9.74430098447916,-62.6328925118103,0.571594304681961
-11.3577155527024,-84.6973085280194,3.04455785802057
-13.7707470077994,-107.91300538704,5.84387323369224
-13.7707470077994,-119.790696193555,8.62224407636313
-16.1908688601342,-121.485283757946,9.14318860936392
-14.577454291911,-122.615008800873,9.49048496469778
-14.577454291911,-122.615008800873,9.49048496469778
-14.577454291911,-122.615008800873,9.49048496469778
-14.577454291911,-122.615008800873,9.49048496469778
-16.9975761442458,-120.920421236482,8.96954043169699
-21.0311125648038,-118.096108629164,8.10129954336234
-17.7901026338818,-107.085456420943,6.84387323369224
-14.5703638946732,-102.035205415863,6.9546878123568
-15.3841615760226,-96.145449556478,6.37090968035364
-16.1908688601342,-73.5161710188053,3.7242979493481
-17.8184642228329,-55.7510803294398,3.77227892901028
-13.7494758160861,-42.7891320562999,4.01485261934019
-12.9285877374989,-34.657859943374,5.27837084267088
-12.9285877374989,-29.5585193944224,4.58377813200316
-12.1218804533873,-28.9936568729587,4.41012995433623
-12.1218804533873,-28.9936568729587,4.41012995433623

Velocities: 25
0,0,-2
-3,-1,-3
-4,-3,-6
-5,-5,-8
-6,-6,-6
-7,-5,-8
-7,-3,-9
-7,-7,-2
-3,0,0
0,-2,0
0,0,0
0,0,0
0,0,0
0,3,0
0,5,0
6,4,3
6,1,1
6,6,0
6,7,8
5,5,7
4,4,5
3,4,3
1,1,2
1,0,0
0,0,0

InverseVelocities: 25
0,0,0
0,0,0
0,0,0
0,0,0
0,0,0
0,0,0
0,0,0
0,0,0
0,0,0
0,0,0
0,0,0
0,0,0
0,0,0
0,0,0
0,0,0
0,0,0
0,0,0
0,0,0
0,0,0
0,0,0
0,0,0
0,0,0
0,0,0
0,0,0
0,0,0
