GestureName: tap_back
Duration(ms): 1269
Handedness: right

SpeakerAngles: 6
55
-55
0
0
110
-110

SpeakerElevations: 6
-10
-10
-10
0
30
30

InterpretedPoints: 27
0,-3.11453279593945,0.520944533000791
-1.62050496546097,-9.28255295573683,-0.937166400997627
0.806707284111599,-14.6230241494377,-1.39527733499604
4.87569569085847,-18.6261513435552,0.625667198004746
11.3435347582268,-1.8806507211632,-2.28446275633149
10.5297370768774,-2.17684885388922,-1.78446275633149
7.27454635147994,-3.36164138479332,0.215537243668512
0,0,0
5.65404138601897,-3.09297699605572,0.541889066001582
8.10252482730486,-1.343321943688,-1.63175911166535
0,0,0
0,0,0
0,0,0
0.813797681349374,-0.296198132726024,0.5
-4.88278608809624,-1.77718879635614,3
6.43947747841724,1.69820953196055,2.04188906600158
-4.84024370466959,1.01959006697355,2.95811093399842
-4.86860529362069,7.85300781251388,-0.778370842670886
-6.45365827289279,20.6049811524627,0.0479809796621837
-6.46074867013057,3.06544325206729,0.284462756331488
-0.792526489636049,16.552764414473,2.87433280199525
-4.06189800950909,12.6382163964255,1.56892551266297
-0.806707284111599,8.98635482301081,1.43716640099763
-2.43430264681035,5.87182202707135,1.95811093399842
-0.806707284111599,2.49460278649898,1.30540728933228
-9.68048740933918,-6.77835025756348,2.08377813200316
0,0,0

StrokePoints: 28
0,0,0
0,-3.11453279593945,0.520944533000791
-1.62050496546097,-12.3970857516763,-0.416221867996836
-0.813797681349374,-27.020109901114,-1.81149920299288
4.06189800950909,-45.6462612446691,-1.18583200498813
15.4054327677359,-47.5269119658323,-3.47029476131962
25.9351698446133,-49.7037608197216,-5.25475751765111
33.2097161960933,-53.0654022045149,-5.0392202739826
33.2097161960933,-53.0654022045149,-5.0392202739826
38.8637575821122,-56.1583792005706,-4.49733120798101
46.9662824094171,-57.5017011442586,-6.12909031964636
46.9662824094171,-57.5017011442586,-6.12909031964636
46.9662824094171,-57.5017011442586,-6.12909031964636
46.9662824094171,-57.5017011442586,-6.12909031964636
47.7800800907665,-57.7978992769846,-5.62909031964636
42.8972940026702,-59.5750880733408,-2.62909031964636
49.3367714810875,-57.8768785413802,-0.587201253644781
44.4965277764179,-56.8572884744067,2.37090968035364
39.6279224827972,-49.0042806618928,1.59253883768275
33.1742642099044,-28.3992995094301,1.64051981734493
26.7135155397738,-25.3338562573628,1.92498257367642
25.9209890501378,-8.78109184288975,4.79931537567168
21.8590910406287,3.85712455353571,6.36824088833465
21.0523837565171,12.8434793765465,7.80540728933228
18.6180811097068,18.7153014036179,9.7635182233307
17.8113738255952,21.2099041901169,11.068925512663
8.13088641625597,14.4315539325534,13.1527036446661
8.13088641625597,14.4315539325534,13.1527036446661

Velocities: 27
-1,-1,-1
-3,-2,-4
-4,-5,-6
-5,-6,-7
0,-7,0
0,-7,0
0,-7,0
0,0,0
0,-6,0
0,-5,0
0,0,0
0,0,0
0,0,0
0,0,0
0,0,0
0,-10,4
0,6,0
7,9,0
0,8,9
0,7,0
4,7,7
4,5,5
2,3,4
1,2,3
1,2,1
-12,0,0
0,0,0

InverseVelocities: 27
0,0,0
0,10,0
0,0,0
0,0,0
0,0,0
0,0,0
0,0,0
0,0,0
0,0,0
0,0,0
0,0,0
0,0,0
0,0,0
0,0,0
0,0,0
0,9,0
0,0,0
0,0,0
0,0,0
0,0,0
0,0,0
0,0,0
0,0,0
0,0,0
0,0,0
0,0,0
0,0,0
