GestureName: tap_right
Duration(ms): 1175
Handedness: right

SpeakerAngles: 6
55
-55
0
0
110
-110

SpeakerElevations: 6
-10
-10
-10
0
30
30

InterpretedPoints: 25
-0.813797681349374,0.296198132726024,-0.5
-6.48911025908167,-1.39838943166485,0.0209445330007911
-8.10961522454264,-3.05946530796261,-1.13175911166535
-9.74430098447916,-2.19840465377296,-1.80540728933228
-13.7778374050372,-3.03790950807887,-1.11081457866456
-8.08125363559154,-19.0049507082465,3.60472266500395
-14.5987254836243,-5.37996082589864,2.06283359900237
-8.91632250865424,-15.2704879028666,1.25742630967009
-3.2551907253975,-7.34683474659678,-0.305407289332279
-1.62759536269875,0.592396265452048,-1
0,0,0
0,0,0
2.44139304404812,3.08102110784634,1.15270364466614
6.48201986184389,9.01388856699923,0.610814578664557
3.21264834197085,9.16644003567845,5.08987004566377
3.21973873920862,10.5648294673433,5.06892551266297
5.64695098878119,10.2686313346173,5.56892551266297
8.90923211141646,0.723391934247527,3.45811093399842
8.90923211141646,1.31578819969957,2.45811093399842
7.29581754319326,0.778459422224375,1.80540728933228
5.67531257773229,0.509795033486775,1.47905546699921
3.24810032815972,-0.323731876714448,1.32635182233307
1.62759536269875,-0.592396265452048,1
1.62759536269875,-0.592396265452048,1
0,0,0

StrokePoints: 26
0,0,0
-0.813797681349374,0.296198132726024,-0.5
-7.30290794043104,-1.10219129893882,-0.479055466999209
-15.4125231649737,-4.16165660690143,-1.61081457866456
-25.1568241494528,-6.36006126067439,-3.41622186799684
-38.93466155449,-9.39797076875326,-4.52703644666139
-47.0159151900815,-28.4029214769998,-0.922313781657436
-61.6146406737058,-33.7828823028984,1.14051981734494
-70.5309631823601,-49.0533702057649,2.39794612701503
-73.7861539077576,-56.4002049523617,2.09253883768275
-75.4137492704563,-55.8078086869097,1.09253883768275
-75.4137492704563,-55.8078086869097,1.09253883768275
-75.4137492704563,-55.8078086869097,1.09253883768275
-72.9723562264082,-52.7267875790633,2.24524248234889
-66.4903363645643,-43.7128990120641,2.85605706101345
-63.2776880225934,-34.5464589763857,7.94592710667721
-60.0579492833848,-23.9816295090424,13.0148526193402
-54.4109982946036,-13.7129981744251,18.5837781320032
-45.5017661831872,-12.9896062401776,22.0418890660016
-36.5925340717707,-11.673818040478,24.5
-29.2967165285774,-10.8953586182536,26.3054072893323
-23.6214039508451,-10.3855635847669,27.7844627563315
-20.3733036226854,-10.7092954614813,29.1108145786646
-18.7457082599867,-11.3016917269333,30.1108145786646
-17.1181128972879,-11.8940879923854,31.1108145786646
-17.1181128972879,-11.8940879923854,31.1108145786646

Velocities: 25
0,0,0
-3,0,0
-4,0,-1
-3,0,-1
-8,0,0
-8,0,-7
-8,-1,0
-6,-1,-6
0,0,-4
0,0,0
0,0,0
0,0,0
0,0,2
4,0,4
6,0,5
7,2,5
8,1,5
6,0,0
6,0,0
4,0,0
3,0,0
1,0,0
0,0,0
0,0,0
0,0,0

InverseVelocities: 25
0,0,0
0,0,0
0,0,0
0,0,0
0,0,0
0,0,0
0,0,0
0,0,0
0,0,0
0,0,0
0,0,0
0,0,0
0,0,0
0,0,0
0,0,0
0,0,0
0,0,0
0,0,0
0,0,0
0,0,0
0,0,0
0,0,0
0,0,0
0,0,0
0,0,0
