GestureName: tap_front
Duration(ms): 940
Handedness: right

SpeakerAngles: 6
55
-55
0
0
110
-110

SpeakerElevations: 6
-10
-10
-10
0
30
30

InterpretedPoints: 20
-1.6134145682232,1.12972504292725,-0.347296355333861
-2.4201218523348,1.69458756439087,-0.520944533000791
-2.44139304404812,-0.888594398178072,1.5
2.44139304404812,0.723391934247527,3.45811093399842
1.62050496546097,7.24267771474777,2.7635182233307
-0.813797681349374,6.14048641580895,2.28446275633149
-3.23391953368417,3.92052596215225,0.458110933998418
-3.24810032815972,-0.2686643887376,-0.32635182233307
-2.42721224957257,0.833526910201223,0.152703644666139
0,0,0
0,0,0
0,0,0
1.62759536269875,-0.592396265452048,1
-1.60632417098542,-2.63824945054579,3.67364817766693
-2.4201218523348,-4.58954551546489,2.17364817766693
-4.86151489638292,-2.25347214174981,-0.152703644666139
-1.62050496546097,-5.36800493768926,0.368240888334652
-0.820888078587149,-3.08699905195103,-0.305407289332279
-1.62759536269875,-0.537328777475199,-0.652703644666139
0,0,0

StrokePoints: 21
0,0,0
-1.6134145682232,1.12972504292725,-0.347296355333861
-4.03353642055799,2.82431260731812,-0.868240888334652
-6.47492946460611,1.93571820914005,0.631759111665348
-4.03353642055799,2.65911014338757,4.08987004566377
-2.41303145509702,9.90178785813534,6.85338826899446
-3.2268291364464,16.0422742739443,9.13785102532595
-6.46074867013057,19.9628002360965,9.59596195932437
-9.70884899829029,19.694135847359,9.2696101369913
-12.1360612478629,20.5276627575602,9.42231378165744
-12.1360612478629,20.5276627575602,9.42231378165744
-12.1360612478629,20.5276627575602,9.42231378165744
-12.1360612478629,20.5276627575602,9.42231378165744
-10.5084658851641,19.9352664921081,10.4223137816574
-12.1147900561495,17.2970170415623,14.0959619593244
-14.5349119084843,12.7074715260974,16.2696101369913
-19.3964268048672,10.4539993843476,16.1169064923252
-21.0169317703282,5.08599444665838,16.4851473806598
-21.8378198489154,1.99899539470735,16.1797400913275
-23.4654152116141,1.46166661723215,15.5270364466614
-23.4654152116141,1.46166661723215,15.5270364466614

Velocities: 20
0,2,0
0,3,0
0,0,0
3,3,0
4,3,3
2,2,3
1,4,1
-1,0,0
0,2,0
0,0,0
0,0,0
0,0,0
0,0,0
-2,1,0
-1,2,-2
-2,1,-1
-2,-1,-2
-1,-2,-1
-1,-1,0
0,0,0

InverseVelocities: 20
0,0,0
0,0,0
0,0,0
0,0,0
0,0,0
-2,-3,0
-2,-3,0
0,0,0
0,0,0
0,0,0
0,0,0
0,0,0
0,0,0
0,0,0
1,-1,0
0,-1,0
0,0,0
0,0,0
0,0,0
0,0,0
