GestureName: tap_back
Duration(ms): 1269
Handedness: right

SpeakerAngles: 6
55
-55
0
0
110
-110

SpeakerElevations: 6
-10
-10
-10
0
30
30

InterpretedPoints: 27
0.806707284111599,-0.564862521463623,0.17364817766693
0,0,0
0,-1.98480775301221,0.17364817766693
-1.62050496546097,-5.36800493768926,0.368240888334652
-1.63468575993652,-12.9894820171283,0.583778132003164
-5.68949337220784,-20.6995382726374,4.12566719800475
-0.813797681349374,-18.3909986429107,2.62566719800475
0,-6.77835025756348,2.08377813200316
-6.49620065631944,-25.3865677688046,0.167556264006329
2.44139304404812,-23.6979581485184,0.493908086339398
4.03353642055799,-2.82431260731812,0.868240888334652
4.03353642055799,-2.82431260731812,0.868240888334652
2.4201218523348,-1.69458756439087,0.520944533000791
0,0,0
0,0,0
0,0,0
-2.44139304404812,-0.888594398178072,1.5
0,0,0
-0.813797681349374,1.68860962028618,0.32635182233307
6.45365827289279,10.4733234307456,-1.91012995433623
3.99808443436912,11.722088254259,3.89527733499604
-3.24100993092194,4.24356273182474,6.87433280199525
0.00709039723777527,29.6918710397529,-3.53579715234098
-0.799616886873823,9.27893098816715,-1.62566719800475
-0.799616886873824,17.3587575806858,3.85338826899446
-3.23391953368417,17.9236201021495,3.67974009132753
0,0,0

StrokePoints: 28
0,0,0
0.806707284111599,-0.564862521463623,0.17364817766693
0.806707284111599,-0.564862521463623,0.17364817766693
0.806707284111599,-2.54967027447583,0.347296355333861
-0.813797681349374,-7.9176752121651,0.715537243668512
-2.4484834412859,-20.9071572292934,1.29931537567168
-8.13797681349374,-41.6066955019308,5.42498257367642
-8.95177449484311,-59.9976941448415,8.05064977168117
-8.95177449484311,-66.776044402405,10.1344279036843
-15.4479751511626,-92.1626121712096,10.3019841676907
-13.0065821071144,-115.860570319728,10.7958922540301
-8.97304568655644,-118.684882927046,11.6641331423647
-4.93950926599844,-121.509195534364,12.5323740306994
-2.51938741366365,-123.203783098755,13.0533185637002
-2.51938741366365,-123.203783098755,13.0533185637002
-2.51938741366365,-123.203783098755,13.0533185637002
-2.51938741366365,-123.203783098755,13.0533185637002
-4.96078045771177,-124.092377496933,14.5533185637002
-4.96078045771177,-124.092377496933,14.5533185637002
-5.77457813906114,-122.403767876647,14.8796703860332
0.679080133831648,-111.930444445901,12.969540431697
4.67716456820077,-100.208356191642,16.864817766693
1.43615463727882,-95.9647934598177,23.7391505686883
1.4432450345166,-66.2729224200649,20.2033534163473
0.643628147642775,-56.9939914318977,18.5776862183426
-0.155988739231049,-39.6352338512119,22.431074487337
-3.38990827291522,-21.7116137490624,26.1108145786646
-3.38990827291522,-21.7116137490624,26.1108145786646

Velocities: 27
0,-1,0
0,0,0
0,0,-1
-2,-1,-2
-3,-4,-5
-6,-5,-7
-6,-6,-6
-6,-6,0
-8,-6,-10
-7,-7,-9
0,-5,0
0,-5,0
0,-3,0
0,0,0
0,0,0
0,0,0
0,0,0
0,0,0
0,0,1
8,0,3
10,0,5
8,10,0
9,10,10
8,10,0
6,8,7
6,9,7
0,0,0

InverseVelocities: 27
0,0,0
0,0,0
0,0,0
0,0,0
0,0,0
0,0,0
0,0,0
0,0,0
0,0,0
0,0,0
0,0,0
0,0,0
0,0,0
0,0,0
0,0,0
0,0,0
0,0,0
0,0,0
0,0,0
0,0,0
0,0,0
0,0,0
0,0,0
0,0,0
0,0,0
0,0,0
0,0,0
