GestureName: tap_up
Duration(ms): 1269
Handedness: right

SpeakerAngles: 6
55
-55
0
0
110
-110

SpeakerElevations: 6
-10
-10
-10
0
30
30

InterpretedPoints: 27
-2.43430264681035,-0.0275337439884242,0.82635182233307
-2.44139304404812,-0.888594398178072,1.5
-2.42721224957257,0.186063156772327,2.80540728933228
-4.87569569085847,-0.916128142166496,2.32635182233307
0.813797681349374,-2.07338692908217,3.5
10.5510082685908,-6.1100258112928,7.19459271066772
5.65404138601897,-15.001823514129,1.58377813200316
-4.86860529362069,-14.9252002262684,-0.0479809796621837
-4.06898840674687,-23.4352717038855,1.66755626400633
0.00709039723777527,-7.04701464630108,1.75742630967009
-6.48201986184389,-10.1436136099265,-0.263518223330696
-2.4201218523348,-1.69458756439087,0.520944533000791
0,0,0
-0.806707284111599,4.80912036033033,-1.04188906600158
-0.813797681349374,3.03790950807887,1.11081457866456
-4.06189800950909,3.89897016226852,0.437166400997627
-3.2551907253975,4.46383268373214,0.263518223330697
0.813797681349374,17.2612735999835,-2.27837084267089
0.00709039723777516,18.6261513435552,-0.625667198004746
-4.84733410190737,13.8445647272133,-0.410129954336234
-0.820888078587149,3.36164138479332,-0.215537243668512
-0.813797681349374,-0.296198132726024,0.5
0.806707284111599,1.69458756439087,-0.520944533000791
-0.806707284111599,0.564862521463623,-0.17364817766693
0,0,0
0.813797681349374,0.296198132726024,-0.5
0,0,0

StrokePoints: 28
0,0,0
-2.43430264681035,-0.0275337439884242,0.82635182233307
-4.87569569085847,-0.916128142166496,2.32635182233307
-7.30290794043104,-0.730064985394169,5.13175911166535
-12.1786036312895,-1.64619312756066,7.45811093399842
-11.3648059499401,-3.71958005664283,10.9581109339984
-0.813797681349374,-9.82960586793564,18.1527036446661
4.84024370466959,-24.8314293820646,19.7364817766693
-0.0283615889511015,-39.756629608333,19.6885007970071
-4.09734999569797,-63.1919013122185,21.3560570610134
-4.0902595984602,-70.2389159585196,23.1134833706835
-10.5722794603041,-80.3825295684461,22.8499651473528
-12.9924013126389,-82.0771171328369,23.3709096803536
-12.9924013126389,-82.0771171328369,23.3709096803536
-13.7991085967505,-77.2679967725066,22.3290206143521
-14.6129062780999,-74.2300872644277,23.4398351930166
-18.6748042876089,-70.3311171021592,23.8770015940142
-21.9299950130064,-65.8672844184271,24.1405198173449
-21.1161973316571,-48.6060108184436,21.862148974674
-21.1091069344193,-29.9798594748884,21.2364817766693
-25.9564410363267,-16.1352947476751,20.8263518223331
-26.7773291149138,-12.7736533628818,20.6108145786646
-27.5911267962632,-13.0698514956078,21.1108145786646
-26.7844195121516,-11.375263931217,20.5898700456638
-27.5911267962632,-10.8104014097534,20.4162218679968
-27.5911267962632,-10.8104014097534,20.4162218679968
-26.7773291149138,-10.5142032770273,19.9162218679968
-26.7773291149138,-10.5142032770273,19.9162218679968

Velocities: 27
0,1,0
0,0,0
1,3,0
0,1,0
0,0,0
0,-4,0
0,-6,-6
-7,-5,-5
-8,-8,-8
-7,-6,0
-5,-1,-4
-3,0,0
0,0,0
2,3,1
4,4,0
4,5,0
5,5,0
5,5,6
5,6,7
0,5,6
4,3,0
0,0,0
2,1,0
0,1,0
0,0,0
0,0,0
0,0,0

InverseVelocities: 27
0,0,0
0,0,0
0,0,0
0,0,0
0,0,0
0,1,0
0,0,0
0,0,0
0,0,0
0,0,0
0,0,0
0,0,0
0,0,0
0,0,0
0,0,0
0,0,0
0,0,0
0,0,0
0,0,0
0,0,0
0,0,0
0,0,0
0,-1,0
0,0,0
0,0,0
0,0,0
0,0,0
