GestureName: tap_up
Duration(ms): 1222
Handedness: right

SpeakerAngles: 6
55
-55
0
0
110
-110

SpeakerElevations: 6
-10
-10
-10
0
30
30

InterpretedPoints: 26
-0.813797681349374,-0.296198132726024,0.5
-0.813797681349374,-0.296198132726024,0.5
-4.04771721503354,-6.25659933586733,1.86824088833465
-4.06189800950909,-6.86095148952875,4.56283359900237
-7.30999833766881,-16.2841000257354,-2.54798097966218
4.06898840674687,-4.11256706302927,-2.41622186799684
0,-7.85300781251388,0.778370842670885
0.820888078587148,-23.7590035806,2.9939080863394
0.813797681349374,-5.88975585938541,0.583778132003164
0.813797681349374,-5.35242708191021,1.2364817766693
0.00709039723777505,-1.39838943166485,0.0209445330007911
0.806707284111599,-0.564862521463623,0.17364817766693
0,0,0
-1.62050496546097,1.39838943166485,-0.0209445330007911
-3.23391953368417,2.47304698661525,1.28446275633149
0.827978475824924,2.98284202010202,2.7635182233307
-0.813797681349374,6.42708463686061,0.0689255126629751
-0.813797681349374,5.83468837140856,1.06892551266297
-8.13088641625596,19.1084126330535,1.67974009132753
-0.00709039723777494,8.12167220125148,-0.452019020337816
-3.24100993092194,18.0948005101847,-2.12566719800475
2.40594105785925,10.1711473539149,-0.562833599002373
-1.62759536269875,-0.592396265452048,1
0.813797681349374,0.296198132726024,-0.5
0.813797681349374,0.296198132726024,-0.5
0,0,0

StrokePoints: 27
0,0,0
-0.813797681349374,-0.296198132726024,0.5
-1.62759536269875,-0.592396265452048,1
-5.67531257773229,-6.84899560131938,2.86824088833465
-9.73721058724139,-13.7099470908481,7.43107448733702
-17.0472089249102,-29.9940471165836,4.88309350767484
-12.9782205181633,-34.1066141796128,2.46687163967801
-12.9782205181633,-41.9596219921267,3.24524248234889
-12.1573324395762,-65.7186255727267,6.23915056868829
-11.3435347582268,-71.6083814321121,6.82292870069145
-10.5297370768774,-76.9608085140223,8.05941047736076
-10.5226466796397,-78.3591979456872,8.08035501036155
-9.71593939552806,-78.9240604671508,8.25400318802848
-9.71593939552806,-78.9240604671508,8.25400318802848
-11.336444360989,-77.5256710354859,8.23305865502769
-14.5703638946732,-75.0526240488707,9.51752141135917
-13.7423854188483,-72.0697820287687,12.2810396346899
-14.5561831001977,-65.642697391908,12.3499651473528
-15.369980781547,-59.8080090204995,13.4188906600158
-23.500867197803,-40.6995963874459,15.0986307513434
-23.5079575950408,-32.5779241861945,14.6466117310055
-26.7489675259627,-14.4831236760098,12.5209445330008
-24.3430264681035,-4.31197632209487,11.9581109339984
-25.9706218308022,-4.90437258754692,12.9581109339984
-25.1568241494528,-4.60817445482089,12.4581109339984
-24.3430264681035,-4.31197632209487,11.9581109339984
-24.3430264681035,-4.31197632209487,11.9581109339984

Velocities: 26
0,0,0
0,0,0
-3,0,-2
-5,-4,0
-6,-4,-7
-6,-6,0
-8,-8,0
-8,-7,-8
-6,-6,0
-5,-5,0
-2,-1,0
0,-1,0
0,0,0
1,2,0
2,5,0
4,6,0
7,7,0
7,7,0
7,8,7
9,8,0
5,7,6
5,0,4
0,0,0
0,0,0
0,0,0
0,0,0

InverseVelocities: 26
0,0,0
0,0,0
0,0,0
0,0,0
0,0,0
0,0,0
0,0,0
0,0,0
0,0,0
0,0,0
0,0,0
0,0,0
0,0,0
0,0,0
0,0,0
0,0,0
0,0,0
0,0,0
0,0,0
0,0,0
0,0,0
0,0,0
0,0,0
0,0,0
0,0,0
0,0,0
