GestureName: tap_back
Duration(ms): 1457
Handedness: right

SpeakerAngles: 6
55
-55
0
0
110
-110

SpeakerElevations: 6
-10
-10
-10
0
30
30

InterpretedPoints: 31
0,-1.98480775301221,0.17364817766693
0.806707284111599,-1.69458756439087,0.520944533000791
0.806707284111599,-2.54967027447583,0.347296355333861
-0.806707284111599,-4.53447802748804,0.520944533000791
-0.813797681349374,-5.39553868167769,1.19459271066772
-0.813797681349374,-4.21074615077359,-0.805407289332279
0,-4.50694428349962,-0.305407289332279
-0.813797681349374,-4.80314241622564,0.194592710667721
-0.813797681349374,-0.833526910201223,-0.152703644666139
1.6134145682232,-7.02908081398702,-0.784462756331487
0.806707284111599,-2.82431260731812,0.868240888334652
0.806707284111599,-13.8780764153064,2.08377813200316
-0.806707284111599,-6.21348773609986,1.91012995433623
-1.62050496546097,-11.0166301523255,2.10472266500396
4.84024370466959,-5.37398288179395,1.21553724366851
3.2268291364464,-3.38917512878174,1.04188906600158
1.62759536269875,0.592396265452048,-1
0,0,0
0,0,0
-4.03353642055799,2.82431260731812,-0.868240888334652
-5.64695098878119,3.95403765024536,-1.21553724366851
-4.84024370466959,5.37398288179395,-1.21553724366851
-7.33126952938214,26.4887590677434,0.31149920299288
5.69658376944562,26.165027191029,1.63785102532595
-1.56378178755877,1.82558323318635,3.93716640099763
-0.813797681349374,7.61187716776471,-1.93107448733702
-2.41303145509702,13.8720984712017,-1.2364817766693
2.43430264681035,12.6382163964255,1.56892551266297
-0.806707284111599,8.39395855755876,2.43716640099763
-0.806707284111599,3.67939531740308,-0.694592710667721
0,0,0

StrokePoints: 32
0,0,0
0,-1.98480775301221,0.17364817766693
0.806707284111599,-3.67939531740308,0.694592710667721
1.6134145682232,-6.22906559187891,1.04188906600158
0.806707284111599,-10.7635436193669,1.56283359900237
-0.00709039723777505,-16.1590823010446,2.75742630967009
-0.820888078587149,-20.3698284518182,1.95201902033782
-0.820888078587149,-24.8767727353178,1.64661173100554
-1.63468575993652,-29.6799151515435,1.84120444167326
-2.4484834412859,-30.5134420617447,1.68850079700712
-0.835068873062699,-37.5425228757317,0.904038040675632
-0.0283615889511009,-40.3668354830498,1.77227892901028
0.778345695160498,-54.2449118983563,3.85605706101345
-0.0283615889511004,-60.4583996344561,5.76618701534968
-1.64886655441207,-71.4750297867816,7.87090968035364
3.19137715025752,-76.8490126685756,9.08644692402215
6.41820628670391,-80.2381877973573,10.1283359900237
8.04580164940266,-79.6457915319052,9.12833599002373
8.04580164940266,-79.6457915319052,9.12833599002373
8.04580164940266,-79.6457915319052,9.12833599002373
4.01226522884467,-76.8214789245871,8.26009510168908
-1.63468575993652,-72.8674412743418,7.04455785802057
-6.47492946460611,-67.4934583925478,5.82902061435205
-13.8061989939883,-41.0046993248044,6.14051981734493
-8.10961522454264,-14.8396721337754,7.77837084267088
-9.67339701210141,-13.014088900589,11.7155372436685
-10.4871946934508,-5.40221173282432,9.78446275633148
-12.9002261485478,8.46988673837739,8.54798097966218
-10.4659235017375,21.1081031348029,10.1169064923252
-11.2726307858491,29.5020616923616,12.5540728933228
-12.0793380699607,33.1814570097647,11.8594801826551
-12.0793380699607,33.1814570097647,11.8594801826551

Velocities: 31
0,0,-1
-1,-2,0
0,-1,-1
-1,0,-2
-1,-1,-2
-1,-1,-2
-1,-1,-2
-1,-1,-2
-1,-1,0
-1,-3,-3
-2,-3,0
-3,-4,-5
-6,-5,0
-7,-6,-2
0,-6,-1
-1,-5,0
0,0,0
0,0,0
0,0,0
0,5,0
0,7,0
0,6,1
9,8,10
9,9,10
0,9,0
7,7,0
0,4,6
5,4,5
2,3,4
1,2,1
0,0,0

InverseVelocities: 31
0,0,0
0,0,0
0,0,0
0,0,0
0,0,0
0,0,0
0,0,0
0,0,0
0,0,0
0,0,0
0,0,0
0,0,0
0,0,0
0,0,0
0,0,0
0,0,0
0,0,0
0,0,0
0,0,0
0,0,0
0,0,0
0,0,0
0,0,0
0,0,0
0,0,0
0,0,0
0,0,0
0,0,0
0,0,0
0,0,0
0,0,0
