GestureName: tap_down
Duration(ms): 1128
Handedness: right

SpeakerAngles: 6
55
-55
0
0
110
-110

SpeakerElevations: 6
-10
-10
-10
0
30
30

InterpretedPoints: 24
-0.799616886873824,2.81833466321343,-0.0209445330007911
0.813797681349374,8.19231754500738,-1.2364817766693
0.813797681349374,14.146740804044,-1.75742630967009
0,0,0
5.68949337220784,4.60150140367426,-3.86824088833465
4.08316920122242,5.78031599047367,-5.02094453300079
1.6417761571743,0.702531241405744,-4.30540728933228
-2.4201218523348,0.0826012319652725,-2.47905546699921
-1.62759536269875,-1.66705382040245,-0.305407289332279
0.806707284111599,-0.564862521463623,0.17364817766693
0,0,0
0,0,0
0,0,0
-1.62759536269875,-0.592396265452048,1
0.799616886873824,-1.53605815160697,4.15270364466614
-3.2268291364464,-0.702531241405744,4.30540728933228
-0.806707284111599,0.992056322985126,3.78446275633149
-6.50329105355722,-2.69331693852264,5.32635182233307
-6.51038145079499,-12.5682661597115,5.38918542133544
-5.68949337220784,-10.5559246627109,4.38918542133544
0.820888078587149,-10.1711473539149,0.562833599002373
-1.6134145682232,-6.22906559187891,1.04188906600158
0,-3.11453279593945,0.520944533000791
0,0,0

StrokePoints: 25
0,0,0
-0.799616886873824,2.81833466321343,-0.0209445330007911
0.0141807944755501,11.0106522082208,-1.25742630967009
0.827978475824924,25.1573930122648,-3.01485261934019
0.827978475824924,25.1573930122648,-3.01485261934019
6.51747184803277,29.7588944159391,-6.88309350767484
10.6006410492552,35.5392104064127,-11.9040380406756
12.2424172064295,36.2417416478185,-16.2094453300079
9.82229535409469,36.3243428797838,-18.6885007970071
8.19469999139594,34.6572890593813,-18.9939080863394
9.00140727550754,34.0924265379177,-18.8202599086725
9.00140727550754,34.0924265379177,-18.8202599086725
9.00140727550754,34.0924265379177,-18.8202599086725
9.00140727550754,34.0924265379177,-18.8202599086725
7.37381191280879,33.5000302724656,-17.8202599086725
8.17342879968261,31.9639721208587,-13.6675562640063
4.94659966323622,31.2614408794529,-9.36214897467405
4.13989237912462,32.2534972024381,-5.57768621834256
-2.3633986744326,29.5601802639154,-0.251334396009495
-8.87378012522759,16.9919141042039,5.13785102532595
-14.5632734974354,6.43598944149302,9.52703644666139
-13.7423854188483,-3.73515791242188,10.0898700456638
-15.3557999870715,-9.96422350430079,11.1317591116653
-15.3557999870715,-13.0787563002402,11.6527036446661
-15.3557999870715,-13.0787563002402,11.6527036446661

Velocities: 24
0,2,1
4,4,2
4,4,5
0,0,0
3,2,0
0,2,1
-3,-1,0
-3,0,0
-2,-2,0
0,-1,0
0,0,0
0,0,0
0,0,0
0,0,0
2,0,0
0,4,0
3,4,0
0,1,0
-2,-2,-4
-3,-2,-3
-3,-2,-4
-3,-1,-2
-1,-1,-1
0,0,0

InverseVelocities: 24
0,0,0
0,0,0
0,0,0
0,0,0
0,0,0
0,0,0
0,0,0
0,0,0
0,0,0
0,0,0
0,0,0
0,0,0
0,0,0
0,0,0
0,0,0
0,0,0
0,0,0
0,0,0
0,0,0
0,0,0
0,0,0
0,0,0
0,0,0
0,0,0
