GestureName: tap_down
Duration(ms): 1081
Handedness: right

SpeakerAngles: 6
55
-55
0
0
110
-110

SpeakerElevations: 6
-10
-10
-10
0
30
30

InterpretedPoints: 23
0.806707284111599,2.54967027447583,-0.347296355333861
5.67531257773229,1.63952007641402,1.13175911166535
2.42721224957257,15.5391522916042,-0.931074487337025
1.62050496546097,17.233739855995,-1.45201902033782
-0.00709039723777516,14.1192070600556,-0.931074487337025
0.813797681349374,2.55564821858052,-1.19459271066772
3.26937151987304,3.49931010473544,-4.34729635533386
-1.6134145682232,-0.482261289498351,-2.30540728933228
0.0141807944755503,-0.482261289498351,-2.30540728933228
0.827978475824924,-0.241130644749175,-1.15270364466614
0.806707284111599,-0.564862521463623,0.17364817766693
0,0,0
0,0,0
-1.62759536269875,-0.592396265452048,1
-2.44139304404812,-1.48099066363012,2.5
-0.799616886873824,-1.53605815160697,4.15270364466614
-0.813797681349374,-1.48099066363012,2.5
-4.08316920122242,-4.38790450291351,5.84729635533386
0.806707284111599,-0.564862521463623,0.17364817766693
3.24100993092194,-6.49175203651182,-0.131759111665348
-1.6134145682232,-5.09934054895166,0.694592710667721
0.820888078587149,-2.54967027447583,0.347296355333861
0,0,0

StrokePoints: 24
0,0,0
0.806707284111599,2.54967027447583,-0.347296355333861
6.48201986184389,4.18919035088985,0.784462756331488
8.90923211141646,19.728342642494,-0.146611731005537
10.5297370768774,36.9620824984891,-1.59863075134335
10.5226466796397,51.0812895585446,-2.52970523868038
11.336444360989,53.6369377771251,-3.7242979493481
14.6058158808621,57.1362478818606,-8.07159430468196
12.9924013126389,56.6539865923622,-10.3770015940142
13.0065821071144,56.1717253028639,-12.6824088833465
13.8345605829394,55.9305946581147,-13.8351125280127
14.641267867051,55.3657321366511,-13.6614643503457
14.641267867051,55.3657321366511,-13.6614643503457
14.641267867051,55.3657321366511,-13.6614643503457
13.0136725043522,54.773335871199,-12.6614643503457
10.5722794603041,53.2923452075689,-10.1614643503457
9.77266257343026,51.7562870559619,-6.00876070567959
8.95886489208089,50.2752963923318,-3.50876070567959
4.87569569085847,45.8873918894183,2.33853564965427
5.68240297497007,45.3225293679547,2.5121838273212
8.92341290589201,38.8307773314429,2.38042471565586
7.30999833766882,33.7314367824912,3.07501742632358
8.13088641625597,31.1817665080154,3.42231378165744
8.13088641625597,31.1817665080154,3.42231378165744

Velocities: 23
1,0,1
4,1,0
5,3,6
6,5,6
5,4,5
2,2,0
0,2,0
-3,-1,0
-3,-1,0
-2,0,0
0,-1,0
0,0,0
0,0,0
0,0,0
0,0,0
0,2,0
0,0,0
0,-2,0
0,-1,0
0,-2,-3
-2,0,-2
-1,0,-1
0,0,0

InverseVelocities: 23
0,0,0
0,0,0
0,0,0
0,0,0
0,0,0
0,0,0
0,0,0
0,0,0
0,0,0
0,0,0
0,0,0
0,0,0
0,0,0
0,0,0
0,0,0
0,0,0
0,0,0
0,0,0
0,0,0
0,0,0
0,0,0
0,0,0
0,0,0
