GestureName: tap_front
Duration(ms): 1175
Handedness: right

SpeakerAngles: 6
55
-55
0
0
110
-110

SpeakerElevations: 6
-10
-10
-10
0
30
30

InterpretedPoints: 25
-1.62050496546097,0.2686643887376,0.32635182233307
-0.792526489636048,1.10219129893882,0.479055466999209
-1.6134145682232,1.12972504292725,-0.347296355333861
-2.40594105785925,2.2199604536567,1.82635182233307
-0.806707284111599,1.36487774357174,1.65270364466614
-3.21973873920862,-0.323731876714448,1.32635182233307
-8.08834403282931,-5.1603859810332,3.19459271066772
-3.23391953368417,-0.323731876714448,1.32635182233307
0.806707284111599,-0.564862521463623,0.17364817766693
-0.806707284111599,-0.564862521463623,0.17364817766693
0,0,0
0,0,0
0,0,0
0,-0.592396265452048,1
0,-0.592396265452048,1
-0.813797681349374,-0.888594398178072,1.5
-0.792526489636048,1.10219129893882,0.479055466999209
-3.23391953368417,0.805993166212799,0.979055466999209
-0.820888078587149,1.10219129893882,0.479055466999209
-3.23391953368417,1.39838943166485,-0.0209445330007911
-0.00709039723777505,0.2686643887376,0.32635182233307
0,0,0
0,0,0
-1.6134145682232,-1.12972504292725,0.347296355333861
0,0,0

StrokePoints: 26
0,0,0
-1.62050496546097,0.2686643887376,0.32635182233307
-2.41303145509702,1.37085568767642,0.805407289332278
-4.02644602332022,2.50058073060367,0.458110933998418
-6.43238708117947,4.72054118426037,2.28446275633149
-7.23909436529106,6.0854189278321,3.93716640099763
-10.4588331044997,5.76168705111765,5.2635182233307
-18.547177137329,0.601301070084456,8.45811093399842
-21.7810966710132,0.277569193370008,9.78446275633149
-20.9743893869016,-0.287293328093616,9.95811093399842
-21.7810966710132,-0.852155849557239,10.1317591116653
-21.7810966710132,-0.852155849557239,10.1317591116653
-21.7810966710132,-0.852155849557239,10.1317591116653
-21.7810966710132,-0.852155849557239,10.1317591116653
-21.7810966710132,-1.44455211500929,11.1317591116653
-21.7810966710132,-2.03694838046133,12.1317591116653
-22.5948943523625,-2.92554277863941,13.6317591116653
-23.3874208419986,-1.82335147970058,14.1108145786646
-26.6213403756828,-1.01735831348778,15.0898700456638
-27.4422284542699,0.0848329854510381,15.568925512663
-30.6761479879541,1.48322241711588,15.5479809796622
-30.6832383851918,1.75188680585348,15.8743328019953
-30.6832383851918,1.75188680585348,15.8743328019953
-30.6832383851918,1.75188680585348,15.8743328019953
-32.296652953415,0.622161762926238,16.2216291573291
-32.296652953415,0.622161762926238,16.2216291573291

Velocities: 25
0,1,0
0,3,0
0,2,0
-3,2,2
0,1,1
-2,3,0
-5,2,-1
-1,2,0
0,-1,0
-1,0,0
0,0,0
0,0,0
0,0,0
0,0,0
0,0,0
0,0,0
0,3,0
0,3,0
2,1,0
0,3,0
1,0,0
0,0,0
0,0,0
-2,0,0
0,0,0

InverseVelocities: 25
0,0,0
0,0,0
0,0,0
1,0,0
0,0,0
0,-4,0
0,-4,0
0,-2,0
0,0,0
0,0,0
0,0,0
0,0,0
0,0,0
0,0,0
0,0,0
0,0,0
0,0,0
0,0,0
0,0,0
0,0,0
0,0,0
0,0,0
0,0,0
0,0,0
0,0,0
