GestureName: tap_up
Duration(ms): 1269
Handedness: right

SpeakerAngles: 6
55
-55
0
0
110
-110

SpeakerElevations: 6
-10
-10
-10
0
30
30

InterpretedPoints: 27
-0.813797681349374,-0.296198132726024,0.5
0,0,0
0,0,0
3.2268291364464,-2.25945008585449,0.694592710667721
2.4201218523348,-1.69458756439087,0.520944533000791
4.03353642055799,-2.82431260731812,0.868240888334652
1.62050496546097,-17.2888073439719,3.10472266500395
-4.03353642055799,-2.82431260731812,0.868240888334652
-1.62050496546097,-10.4673454866409,1.06283359900237
-2.4201218523348,-1.69458756439087,0.520944533000791
-0.806707284111599,-0.564862521463623,0.17364817766693
0,0,0
0,0,0
0,0,0
-0.813797681349374,1.96325195312847,-0.194592710667721
0.00709039723777483,3.06544325206729,0.284462756331487
-0.806707284111599,12.9679262172446,-0.604722665003955
0,20.6720045286489,-3.29931537567168
-3.2268291364464,14.1682966039277,-1.7364817766693
-3.24100993092194,0.537328777475199,0.652703644666139
-3.24100993092194,0.537328777475199,0.652703644666139
-2.4201218523348,1.69458756439087,-0.520944533000791
-2.4201218523348,1.69458756439087,-0.520944533000791
0,0,0
0,0,0
0.806707284111599,-0.564862521463623,0.17364817766693
0,0,0

StrokePoints: 28
0,0,0
-0.813797681349374,-0.296198132726024,0.5
-0.813797681349374,-0.296198132726024,0.5
-0.813797681349374,-0.296198132726024,0.5
2.41303145509702,-2.55564821858052,1.19459271066772
4.83315330743182,-4.25023578297139,1.71553724366851
8.86668972798981,-7.07454839028951,2.58377813200316
10.4871946934508,-24.3633557342614,5.68850079700712
6.45365827289279,-27.1876683415795,6.55674168534177
4.83315330743182,-37.6550138282204,7.61957528434414
2.41303145509702,-39.3496013926113,8.14051981734493
1.60632417098542,-39.9144639140749,8.31416799501186
1.60632417098542,-39.9144639140749,8.31416799501186
1.60632417098542,-39.9144639140749,8.31416799501186
1.60632417098542,-39.9144639140749,8.31416799501186
0.792526489636049,-37.9512119609465,8.11957528434414
0.799616886873824,-34.8857687088792,8.40403804067563
-0.00709039723777427,-21.9178424916346,7.79931537567168
-0.00709039723777427,-1.24583796298563,4.5
-3.23391953368417,12.9224586409421,2.76351822333069
-6.47492946460611,13.4597874184173,3.41622186799683
-9.71593939552806,13.9971161958925,4.06892551266297
-12.1360612478629,15.6917037602834,3.54798097966218
-14.5561831001977,17.3862913246743,3.02703644666139
-14.5561831001977,17.3862913246743,3.02703644666139
-14.5561831001977,17.3862913246743,3.02703644666139
-13.7494758160861,16.8214288032106,3.20068462432832
-13.7494758160861,16.8214288032106,3.20068462432832

Velocities: 27
0,0,0
0,0,0
0,0,0
0,-4,0
0,-3,0
0,-5,0
-4,-5,-6
-5,0,0
-3,-2,-4
-3,0,0
-1,0,0
0,0,0
0,0,0
0,0,0
2,2,0
3,4,0
5,6,4
6,6,7
0,4,6
0,2,0
0,2,0
0,3,0
0,3,0
0,0,0
0,0,0
0,-1,0
0,0,0

InverseVelocities: 27
0,0,0
0,0,0
0,0,0
0,0,0
0,0,0
0,0,0
0,1,0
0,0,0
0,0,0
0,0,0
0,0,0
0,0,0
0,0,0
0,0,0
0,0,0
0,0,0
0,0,0
0,0,0
0,0,0
0,0,0
0,0,0
0,0,0
0,0,0
0,0,0
0,0,0
0,0,0
0,0,0
