GestureName: tap_front
Duration(ms): 1269
Handedness: right

SpeakerAngles: 6
55
-55
0
0
110
-110

SpeakerElevations: 6
-10
-10
-10
0
30
30

InterpretedPoints: 27
-1.62759536269875,-0.592396265452048,1
0,0,0
0,0,0
0.813797681349374,-0.296198132726024,0.5
0,0,0
0.813797681349374,-0.296198132726024,0.5
1.63468575993652,4.14010080701769,1.58987004566377
0.835068873062699,6.10335276014616,1.39527733499604
2.4201218523348,12.9009028410584,2.7425736903299
-4.06898840674687,9.84741547720045,0.763518223330696
-1.62050496546097,4.72054118426037,2.28446275633149
-1.62050496546097,4.77560867223722,0.631759111665348
0.813797681349374,4.21074615077359,0.805407289332279
0,0,0
0,0,0
0,0,0
-0.799616886873824,-3.41073092866548,1.02094453300079
0,-7.41385812278301,3.04188906600158
1.6134145682232,-11.9208024062826,2.7364817766693
-4.06898840674687,-13.554344538592,0.757426309670094
-0.00709039723777494,-14.8641547941868,-2.54798097966218
-0.00709039723777494,-10.8945392881624,-2.89527733499604
-3.26937151987305,-2.74171137535285,-1.61081457866456
-3.2268291364464,-2.25945008585449,0.694592710667721
0.0212711917133248,-1.93571820914005,-0.631759111665348
1.62759536269875,0.592396265452048,-1
0,0,0

StrokePoints: 28
0,0,0
-1.62759536269875,-0.592396265452048,1
-1.62759536269875,-0.592396265452048,1
-1.62759536269875,-0.592396265452048,1
-0.813797681349374,-0.888594398178072,1.5
-0.813797681349374,-0.888594398178072,1.5
0,-1.1847925309041,2
1.63468575993652,2.9553082761136,3.58987004566377
2.46975463299922,9.05866103625976,4.98514738065981
4.88987648533402,21.9595638773181,7.72772107098972
0.820888078587148,31.8069793545186,8.49123929432041
-0.799616886873824,36.527520538779,10.7757020506519
-2.4201218523348,41.3031292110162,11.4074611623172
-1.60632417098542,45.5138753617898,12.2128684516495
-1.60632417098542,45.5138753617898,12.2128684516495
-1.60632417098542,45.5138753617898,12.2128684516495
-1.60632417098542,45.5138753617898,12.2128684516495
-2.40594105785925,42.1031444331243,13.2338129846503
-2.40594105785925,34.6892863103413,16.2757020506519
-0.792526489636049,22.7684839040587,19.0121838273212
-4.86151489638292,9.2141393654667,19.7696101369913
-4.86860529362069,-5.65001542872015,17.2216291573291
-4.87569569085847,-16.5445547168826,14.3263518223331
-8.14506721073151,-19.2862660922354,12.7155372436685
-11.3718963471779,-21.5457161780899,13.4101299543362
-11.3506251554646,-23.48143438723,12.7783708426709
-9.72302979276584,-22.8890381217779,11.7783708426709
-9.72302979276584,-22.8890381217779,11.7783708426709

Velocities: 27
0,0,0
0,0,0
0,0,0
0,0,0
0,0,0
0,0,0
5,6,0
6,9,0
5,2,6
3,3,4
2,3,2
1,2,2
1,1,2
0,0,0
0,0,0
0,0,0
-2,0,-1
-2,-2,-2
-2,-4,-4
-4,-4,-5
-5,-6,-6
-5,-6,-4
-3,-5,0
-4,0,0
-4,-1,0
0,0,0
0,0,0

InverseVelocities: 27
0,0,0
0,0,0
0,0,0
0,0,0
0,0,0
0,0,0
0,0,0
0,0,0
0,0,0
0,0,0
0,0,0
0,0,0
0,0,0
0,0,0
0,0,0
0,0,0
0,0,0
0,0,0
0,0,0
0,0,0
0,0,0
0,0,0
0,0,0
0,0,0
0,0,0
0,0,0
0,0,0
