GestureName: tap_left
Duration(ms): 1269
Handedness: right

SpeakerAngles: 6
55
-55
0
0
110
-110

SpeakerElevations: 6
-10
-10
-10
0
30
30

InterpretedPoints: 27
1.62050496546097,0.2686643887376,0.32635182233307
3.24810032815972,0.805993166212799,0.979055466999209
2.44139304404812,4.48538848361588,0.284462756331487
5.66822218049452,-0.888594398178072,1.5
9.73012019000361,-1.66107587629776,-1.15270364466614
10.5297370768774,-7.6490108234275,1.04188906600158
7.29581754319326,-7.32527894671305,-0.284462756331487
2.44139304404812,-9.04740025509234,1.06283359900237
4.04771721503354,-5.07180680496324,-0.131759111665348
0.806707284111599,-2.54967027447583,0.347296355333861
0,0,0
0,0,0
0,0,0
-0.806707284111599,0.564862521463623,-0.17364817766693
-1.6134145682232,1.12972504292725,-0.347296355333861
-3.23391953368417,3.38319718467706,-0.194592710667721
-0.792526489636048,5.07180680496324,0.131759111665348
-6.47492946460611,5.90533371516446,0.284462756331487
-4.05480761227132,4.48538848361588,0.284462756331487
-5.67531257773229,1.10219129893882,0.479055466999209
-8.10961522454264,-0.055067487976848,1.65270364466614
-5.67531257773229,0.564862521463623,-0.17364817766693
-3.24810032815972,-1.39838943166485,0.0209445330007911
-3.24810032815972,-1.39838943166485,0.0209445330007911
-3.24810032815972,-0.861060654189647,0.67364817766693
-1.62050496546097,-0.2686643887376,-0.32635182233307
0,0,0

StrokePoints: 28
0,0,0
1.62050496546097,0.2686643887376,0.32635182233307
4.86860529362069,1.0746575549504,1.30540728933228
7.30999833766881,5.56004603856628,1.58987004566377
12.9782205181633,4.67145164038821,3.08987004566377
22.7083407081669,3.01037576409045,1.93716640099763
33.2380777850444,-4.63863505933705,2.97905546699921
40.5338953282376,-11.9639140060501,2.69459271066772
42.9752883722858,-21.0113142611424,3.75742630967009
47.0230055873193,-26.0831210661057,3.62566719800475
47.8297128714309,-28.6327913405815,3.97296355333861
47.8297128714309,-28.6327913405815,3.97296355333861
47.8297128714309,-28.6327913405815,3.97296355333861
47.8297128714309,-28.6327913405815,3.97296355333861
47.0230055873193,-28.0679288191179,3.79931537567168
45.4095910190961,-26.9382037761906,3.45201902033781
42.1756714854119,-23.5550065915136,3.25742630967009
41.3831449957759,-18.4831997865503,3.38918542133544
34.9082155311698,-12.5778660713859,3.67364817766693
30.8534079188985,-8.09247758777,3.95811093399842
25.1780953411662,-6.99028628883118,4.43716640099763
17.0684801166235,-7.04535377680802,6.08987004566376
11.3931675388912,-6.4804912553444,5.91622186799683
8.14506721073151,-7.87888068700925,5.93716640099763
4.89696688257179,-9.27727011867409,5.95811093399842
1.64886655441207,-10.1383307728637,6.63175911166535
0.0283615889511002,-10.4069951616013,6.30540728933228
0.0283615889511002,-10.4069951616013,6.30540728933228

Velocities: 27
1,0,0
2,1,0
3,3,1
2,-2,0
2,-3,-1
2,-5,-3
0,-4,-3
-3,-3,-3
0,-3,-2
0,-1,-1
0,0,0
0,0,0
0,0,0
0,1,0
0,2,0
0,3,1
0,3,2
0,5,2
2,4,1
0,3,0
-1,3,0
-1,2,0
-2,-1,0
-2,-1,0
-1,0,0
-1,0,0
0,0,0

InverseVelocities: 27
0,0,0
0,0,0
0,0,0
0,0,0
0,3,0
-4,2,0
0,0,0
0,0,0
0,0,0
0,0,0
0,0,0
0,0,0
0,0,0
0,0,0
0,0,0
0,0,0
0,0,0
0,0,0
0,0,0
0,0,0
0,0,0
0,0,0
0,0,0
0,0,0
0,0,0
0,0,0
0,0,0
