GestureName: tap_front
Duration(ms): 893
Handedness: right

SpeakerAngles: 6
55
-55
0
0
110
-110

SpeakerElevations: 6
-10
-10
-10
0
30
30

InterpretedPoints: 19
-0.813797681349374,1.09621335483414,1.32635182233307
-0.806707284111599,1.36487774357174,1.65270364466614
-1.6134145682232,1.92974026503536,1.47905546699921
-0.813797681349374,-0.296198132726024,0.5
0.00709039723777505,-0.323731876714448,1.32635182233307
-2.42721224957257,0.833526910201223,0.152703644666139
-1.6134145682232,1.12972504292725,-0.347296355333861
0,0,0
0,0,0
0,0,0
0,-1.1847925309041,2
4.84024370466959,-9.6733082086375,3.7364817766693
-0.00709039723777516,-9.66733026453281,2.88918542133544
-4.86860529362069,-9.34359838781836,1.56283359900237
-4.06189800950909,-10.1711473539149,0.562833599002373
1.6134145682232,-8.15880585691427,-0.437166400997627
-0.820888078587149,-1.10219129893882,-0.479055466999209
0,-1.12972504292725,0.347296355333861
0,0,0

StrokePoints: 20
0,0,0
-0.813797681349374,1.09621335483414,1.32635182233307
-1.62050496546097,2.46109109840587,2.97905546699921
-3.23391953368417,4.39083136344123,4.45811093399842
-4.04771721503354,4.09463323071521,4.95811093399842
-4.04062681779577,3.77090135400076,6.28446275633149
-6.46783906736834,4.60442826420198,6.43716640099763
-8.08125363559154,5.73415330712923,6.08987004566377
-8.08125363559154,5.73415330712923,6.08987004566377
-8.08125363559154,5.73415330712923,6.08987004566377
-8.08125363559154,5.73415330712923,6.08987004566377
-8.08125363559154,4.54936077622513,8.08987004566377
-3.24100993092194,-5.12394743241236,11.8263518223331
-3.24810032815972,-14.7912776969452,14.7155372436685
-8.11670562178041,-24.1348760847635,16.2783708426709
-12.1786036312895,-34.3060234386784,16.8412044416733
-10.5651890630663,-42.4648292955927,16.4040380406756
-11.3860771416535,-43.5670205945315,15.9249825736764
-11.3860771416535,-44.6967456374588,16.2722789290103
-11.3860771416535,-44.6967456374588,16.2722789290103

Velocities: 19
0,0,1
0,1,1
0,2,1
0,0,0
0,1,0
0,2,0
0,2,0
0,0,0
0,0,0
0,0,0
0,0,0
-1,-7,-2
-2,-3,-3
-4,-2,-3
-3,-2,-4
-2,-4,-3
-1,-2,0
-1,-1,0
0,0,0

InverseVelocities: 19
0,0,0
0,0,0
0,0,0
0,0,0
0,0,0
0,0,0
0,0,0
0,0,0
0,0,0
0,0,0
0,0,0
0,0,0
0,0,0
0,1,0
0,4,0
0,0,0
0,0,0
0,0,0
0,0,0
