GestureName: tap_front
Duration(ms): 1128
Handedness: right

SpeakerAngles: 6
55
-55
0
0
110
-110

SpeakerElevations: 6
-10
-10
-10
0
30
30

InterpretedPoints: 24
-0.813797681349374,-0.296198132726024,0.5
-1.62050496546097,0.2686643887376,0.32635182233307
-2.43430264681035,13.2856801498544,-1.08377813200316
2.44139304404812,9.51770565638132,2.93716640099763
-2.3917602633837,1.58445258843717,2.78446275633149
-2.42721224957257,16.2290325377586,4.20068462432832
-4.06189800950909,10.9160950880462,2.91622186799684
-1.63468575993652,11.2122932207722,2.41622186799684
0.820888078587149,2.49460278649898,1.30540728933228
-1.60632417098542,1.39838943166485,-0.0209445330007911
-0.806707284111599,0.564862521463623,-0.17364817766693
0,0,0
0,0,0
-0.806707284111599,-3.08699905195103,-0.305407289332279
-0.799616886873824,-4.21074615077359,-0.805407289332279
3.26228112263527,-7.83507398019982,-1.7635182233307
0.820888078587149,-13.2306126618775,-0.568925512662975
-2.42721224957257,-2.39044575464997,-3.7635182233307
-0.806707284111599,-10.3236988225941,-3.91622186799684
2.41303145509702,-11.8872907181895,1.06283359900237
4.87569569085847,-10.4122779986641,-0.589870045663766
0.806707284111599,-0.564862521463623,0.17364817766693
1.62759536269875,-1.39241148756016,-0.82635182233307
0,0,0

StrokePoints: 25
0,0,0
-0.813797681349374,-0.296198132726024,0.5
-2.43430264681035,-0.0275337439884242,0.826351822333069
-4.86860529362069,13.2581464058659,-0.257426309670095
-2.42721224957257,22.7758520622473,2.67974009132753
-4.81897251295627,24.3603046506844,5.46420284765902
-7.24618476252884,40.589337188443,9.66488747198734
-11.3080827720379,51.5054322764892,12.5811093399842
-12.9427685319745,62.7177254972614,14.997331207981
-12.1218804533873,65.2123282837603,16.3027384973133
-13.7282046243727,66.6107177154252,16.2817939643125
-14.5349119084843,67.1755802368888,16.1081457866456
-14.5349119084843,67.1755802368888,16.1081457866456
-14.5349119084843,67.1755802368888,16.1081457866456
-15.3416191925959,64.0885811849378,15.8027384973133
-16.1412360794697,59.8778350341642,14.997331207981
-12.8789549568345,52.0427610539644,13.2338129846503
-12.0580668782473,38.8121483920869,12.6648874719873
-14.4852791278199,36.4217026374369,8.90136924865665
-15.2919864119315,26.0980038148428,4.98514738065981
-12.8789549568345,14.2107130966533,6.04798097966219
-8.00325926597601,3.7984350979892,5.45811093399842
-7.19655198186441,3.23357257652557,5.63175911166535
-5.56895661916566,1.84116108896541,4.80540728933228
-5.56895661916566,1.84116108896541,4.80540728933228

Velocities: 24
0,0,0
0,1,0
3,4,5
2,2,5
0,7,0
5,7,7
3,4,5
4,3,5
1,2,1
0,3,0
0,1,0
0,0,0
0,0,0
-2,-1,-1
-2,0,-2
-4,-3,-3
-5,-4,-5
-6,-4,0
-4,-3,-5
0,-4,-5
-3,-4,-4
0,-1,0
0,0,-1
0,0,0

InverseVelocities: 24
0,0,0
0,0,0
0,0,0
0,0,0
0,0,0
0,0,0
0,0,0
0,0,0
0,0,0
0,0,0
0,0,0
0,0,0
0,0,0
0,0,0
0,0,0
0,0,0
0,0,0
0,0,0
0,0,0
0,0,0
0,0,0
0,0,0
0,0,0
0,0,0
