GestureName: tap_left
Duration(ms): 1316
Handedness: right

SpeakerAngles: 6
55
-55
0
0
110
-110

SpeakerElevations: 6
-10
-10
-10
0
30
30

InterpretedPoints: 28
2.43430264681035,-0.0275337439884242,0.82635182233307
2.43430264681035,-0.0275337439884242,0.82635182233307
0.827978475824924,0.778459422224375,1.80540728933228
3.23391953368417,-2.04585318509374,2.67364817766693
4.86151489638292,-3.38319718467706,0.194592710667721
4.86860529362069,-4.7815866163419,0.215537243668513
5.66822218049452,-7.91767521216509,0.715537243668512
4.04062681779577,-9.9024829651773,0.889185421335443
6.48201986184389,-9.60628483245128,0.389185421335443
2.42721224957257,-7.91767521216509,0.715537243668512
1.6134145682232,-5.09934054895166,0.694592710667721
0,0,0
0,0,0
0,0,0
-0.813797681349374,-0.296198132726024,0.5
-3.24100993092194,0.537328777475199,0.652703644666139
-4.04771721503354,1.10219129893882,0.479055466999209
-4.86151489638292,4.77560867223722,0.631759111665348
-2.43430264681035,1.95727400902378,0.652703644666139
-6.48911025908166,1.39838943166485,-0.0209445330007911
-6.48201986184389,3.65186157341465,0.131759111665348
-5.67531257773229,1.10219129893882,0.479055466999209
-7.30290794043104,-0.0275337439884242,0.826351822333069
-8.11670562178041,-0.861060654189647,0.67364817766693
-4.85442449914514,0.592396265452048,-1
-2.43430264681035,-0.564862521463623,0.17364817766693
-2.43430264681035,-0.564862521463623,0.17364817766693
0,0,0

StrokePoints: 29
0,0,0
2.43430264681035,-0.0275337439884242,0.82635182233307
4.86860529362069,-0.0550674879768485,1.65270364466614
5.69658376944562,0.723391934247527,3.45811093399842
8.93050330312979,-1.32246125084622,6.13175911166535
13.7920181995127,-4.70565843552327,6.32635182233307
18.6606234931334,-9.48724505186517,6.54188906600158
24.3288456736279,-17.4049202640303,7.25742630967009
28.3694724914237,-27.3074032292076,8.14661173100554
34.8514923532676,-36.9136880616588,8.53579715234098
37.2787046028401,-44.8313632738239,9.25133439600949
38.8921191710633,-49.9307038227756,9.94592710667721
38.8921191710633,-49.9307038227756,9.94592710667721
38.8921191710633,-49.9307038227756,9.94592710667721
38.8921191710633,-49.9307038227756,9.94592710667721
38.078321489714,-50.2269019555016,10.4459271066772
34.837311558792,-49.6895731780264,11.0986307513434
30.7895943437585,-48.5873818790876,11.5776862183426
25.9280794473756,-43.8117732068504,12.2094453300079
23.4937768005652,-41.8544991978266,12.8621489746741
17.0046665414836,-40.4561097661618,12.8412044416733
10.5226466796397,-36.8042481927471,12.9729635533386
4.84733410190737,-35.7020568938083,13.4520190203378
-2.45557383852367,-35.7295906377967,14.2783708426709
-10.5722794603041,-36.5906512919864,14.9520190203378
-15.4267039594492,-35.9982550265343,13.9520190203378
-17.8610066062596,-36.5631175479979,14.1256671980047
-20.2953092530699,-37.1279800694616,14.2993153756717
-20.2953092530699,-37.1279800694616,14.2993153756717

Velocities: 28
1,0,0
1,0,0
1,3,0
1,-2,0
0,-3,-1
-2,-4,-1
0,-4,-3
0,-4,-4
0,-4,-4
-1,-3,-3
0,-2,-2
0,0,0
0,0,0
0,0,0
0,0,0
0,2,0
0,3,0
0,3,2
0,1,1
0,3,0
0,4,1
0,3,0
-1,2,0
-2,1,0
-2,2,0
-1,0,0
-1,0,0
0,0,0

InverseVelocities: 28
0,0,0
0,0,0
0,-2,0
0,0,0
0,0,0
1,0,0
0,0,0
0,0,0
0,0,0
0,0,0
0,0,0
0,0,0
0,0,0
0,0,0
0,0,0
0,0,0
0,0,0
0,0,0
0,0,0
0,0,0
0,0,0
0,0,0
0,-1,0
0,0,0
0,0,0
0,0,0
0,0,0
0,0,0
