GestureName: tap_up
Duration(ms): 1081
Handedness: right

SpeakerAngles: 6
55
-55
0
0
110
-110

SpeakerElevations: 6
-10
-10
-10
0
30
30

InterpretedPoints: 23
-0.813797681349374,-0.296198132726024,0.5
-1.62759536269875,-0.592396265452048,1
-2.44139304404812,-0.888594398178072,1.5
2.40594105785925,-3.41670887277017,1.86824088833465
7.26745595424216,-1.96325195312847,0.194592710667721
6.46783906736834,-2.79677886332969,0.0418890660015822
6.46783906736834,-2.79677886332969,0.0418890660015822
0.00709039723777527,-7.04701464630108,1.75742630967009
-3.2268291364464,-13.3132138938428,1.91012995433623
-2.43430264681035,-8.1863396009027,0.389185421335443
0,0,0
0,0,0
-0.806707284111599,-0.0275337439884242,0.826351822333069
2.41303145509702,1.96325195312847,-0.194592710667721
-2.44139304404812,4.76003081645816,-0.236481776669303
2.4484834412859,2.12178136591237,3.43716640099763
-3.24810032815972,6.45461838084903,-0.757426309670095
-1.62050496546097,4.73249707246974,0.589870045663766
-4.84024370466959,2.20438259787765,0.958110933998418
-1.6134145682232,4.51890017170899,-1.38918542133544
-4.03353642055799,2.82431260731812,-0.868240888334652
-0.806707284111599,0.564862521463623,-0.17364817766693
0,0,0

StrokePoints: 24
0,0,0
-0.813797681349374,-0.296198132726024,0.5
-2.44139304404812,-0.888594398178072,1.5
-4.88278608809624,-1.77718879635614,3
-2.476845030237,-5.19389766912631,4.86824088833465
4.79061092400517,-7.15714962225478,5.06283359900237
11.2584499913735,-9.95392848558447,5.10472266500395
17.7262890587418,-12.7507073489142,5.14661173100554
17.7333794559796,-19.7977219952152,6.90403804067563
14.5065503195332,-33.110935889058,8.81416799501186
12.0722476727229,-41.2972754899607,9.20335341634731
12.0722476727229,-41.2972754899607,9.20335341634731
12.0722476727229,-41.2972754899607,9.20335341634731
11.2655403886113,-41.3248092339491,10.0297052386804
13.6785718437083,-39.3615572808207,9.83511252801265
11.2371787996602,-34.6015264643625,9.59863075134335
13.6856622409461,-32.4797450984501,13.035797152341
10.4375619127864,-26.0251267176011,12.2783708426709
8.81705694732539,-21.2926296451314,12.8682408883346
3.9768132426558,-19.0882470472537,13.8263518223331
2.3633986744326,-14.5693468755447,12.4371664009976
-1.67013774612539,-11.7450342682266,11.568925512663
-2.47684503023699,-11.180171746763,11.395277334996
-2.47684503023699,-11.180171746763,11.395277334996

Velocities: 23
0,0,0
0,0,0
0,0,0
0,-5,0
2,-6,0
0,-6,0
0,-6,0
-7,-6,0
-5,-1,-5
-3,-2,-3
0,0,0
0,0,0
0,1,0
4,0,0
5,5,0
4,5,0
6,7,0
5,6,0
0,6,0
3,5,0
0,5,0
0,1,0
0,0,0

InverseVelocities: 23
0,0,0
0,0,0
0,0,0
0,0,0
0,0,0
0,0,0
0,0,0
0,0,0
0,0,0
0,0,0
0,0,0
0,0,0
0,0,0
0,0,0
0,0,0
0,0,0
0,0,0
0,0,0
0,0,0
0,0,0
0,0,0
0,0,0
0,0,0
