GestureName: tap_up
Duration(ms): 1269
Handedness: right

SpeakerAngles: 6
55
-55
0
0
110
-110

SpeakerElevations: 6
-10
-10
-10
0
30
30

InterpretedPoints: 27
-2.44139304404812,-0.888594398178072,1.5
-1.6134145682232,-1.12972504292725,0.347296355333861
6.46783906736834,-6.76639436935411,0.389185421335443
4.85442449914514,-15.5607080914879,0.910129954336234
1.62050496546097,-32.2690750582171,4.70944533000791
0.806707284111599,-27.4659326419915,4.51485261934019
0.806707284111599,-9.6026628648816,2.95201902033782
-6.46783906736834,-2.79677886332969,0.0418890660015822
-3.21973873920862,-2.52811447459209,0.368240888334652
-2.4201218523348,-1.69458756439087,0.520944533000791
-0.806707284111599,-0.564862521463623,0.17364817766693
0,0,0
0,0,0
0,0,0
0,2.25945008585449,-0.694592710667721
-0.813797681349374,1.96325195312847,-0.194592710667721
-0.0141807944755503,1.66705382040245,0.305407289332279
0,0,0
3.23391953368417,3.65783951751934,-0.715537243668512
-3.2551907253975,12.6777060286233,-0.952019020337816
-0.813797681349374,4.70496332848132,1.41622186799684
-1.6417761571743,2.20438259787765,0.958110933998418
-4.04771721503354,5.62109147064781,-0.910129954336234
-0.813797681349374,-0.296198132726024,0.5
-3.2268291364464,2.25945008585449,-0.694592710667721
-2.4201218523348,1.69458756439087,-0.520944533000791
0,0,0

StrokePoints: 28
0,0,0
-2.44139304404812,-0.888594398178072,1.5
-4.05480761227132,-2.01831944110532,1.84729635533386
2.41303145509702,-8.78471381045943,2.2364817766693
7.26745595424216,-24.3454219019473,3.14661173100554
8.88796091970314,-56.6144969601644,7.85605706101345
9.69466820381474,-84.0804296021559,12.3709096803536
10.5013754879263,-93.6830924670375,15.3229287006915
4.033536420558,-96.4798713303672,15.364817766693
0.813797681349376,-99.0079858049593,15.7330586550277
-1.60632417098542,-100.70257336935,16.2540031880285
-2.41303145509702,-101.267435890814,16.4276513656954
-2.41303145509702,-101.267435890814,16.4276513656954
-2.41303145509702,-101.267435890814,16.4276513656954
-2.41303145509702,-101.267435890814,16.4276513656954
-2.41303145509702,-99.0079858049593,15.7330586550277
-3.22682913644639,-97.0447338518308,15.53846594436
-3.24100993092194,-95.3776800314284,15.8438732336922
-3.24100993092194,-95.3776800314284,15.8438732336922
-0.00709039723777316,-91.719840513909,15.1283359900237
-3.26228112263527,-79.0421344852858,14.1763169696859
-4.07607880398464,-74.3371711568045,15.5925388376827
-5.71785496115894,-72.1327885589268,16.5506497716812
-9.76557217619248,-66.511697088279,15.6405198173449
-10.5793698575419,-66.807895221005,16.1405198173449
-13.8061989939883,-64.5484451351505,15.4459271066772
-16.226320846323,-62.8538575707597,14.9249825736764
-16.226320846323,-62.8538575707597,14.9249825736764

Velocities: 27
0,0,0
-2,0,0
0,-6,-2
0,-4,-7
-9,-10,-11
-8,-9,-9
-8,-9,0
-6,0,0
-5,0,0
-3,0,0
-1,0,0
0,0,0
0,0,0
0,0,0
2,2,0
2,2,0
3,1,0
0,0,0
5,2,0
7,7,3
6,6,0
4,2,0
4,7,0
0,0,0
0,4,0
0,3,0
0,0,0

InverseVelocities: 27
0,0,0
0,0,0
0,0,0
0,0,0
2,0,0
0,0,0
0,0,0
0,0,0
0,0,0
0,0,0
0,0,0
0,0,0
0,0,0
0,0,0
0,0,0
0,0,0
0,0,0
0,0,0
0,0,0
0,0,0
0,0,0
0,0,0
0,0,0
0,0,0
0,0,0
0,0,0
0,0,0
