GestureName: swipe_up
Duration(ms): 564
Handedness: right

SpeakerAngles: 2
55
-55

InterpretedPoints: 12
-0.806707284111599,0.564862521463623
1.6134145682232,1.12972504292725
0,0
0,0
0.806707284111599,3.95403765024536
0,4.51890017170899
-1.6134145682232,5.64862521463624
-1.6134145682232,5.64862521463624
-1.6134145682232,3.38917512878174
-0.806707284111599,2.82431260731812
0.806707284111599,0.564862521463623
0,0

StrokePoints: 13
177.6,130.333333333333
178.406707284112,129.76847081187
176.793292715888,128.638745768942
176.793292715888,128.638745768942
176.793292715888,128.638745768942
175.986585431777,124.684708118697
175.986585431777,120.165807946988
177.6,114.517182732352
179.213414568223,108.868557517716
180.826829136446,105.479382388934
181.633536420558,102.655069781616
180.826829136446,102.090207260152
180.826829136446,102.090207260152

Velocities: 12
0,1
2,0
0,0
0,0
4,3
4,4
4,6
4,6
2,4
2,3
1,0
0,0

InverseVelocities: 12
0,0
0,0
0,0
0,0
0,0
0,0
0,0
0,0
0,0
0,0
0,0
0,0
