GestureName: swipe_down
Duration(ms): 611
Handedness: right

SpeakerAngles: 2
55
-55

InterpretedPoints: 13
-1.6134145682232,-1.12972504292725
-1.6134145682232,-2.25945008585449
3.2268291364464,-6.77835025756348
0,-5.64862521463624
0.806707284111599,-6.21348773609986
0,-7.90807530049073
-0.806707284111599,-8.47293782195435
-1.6134145682232,-9.03780034341798
0.806707284111599,-8.47293782195435
-4.03353642055799,-2.82431260731812
-3.2268291364464,-2.25945008585449
-0.806707284111599,-0.564862521463623
0,0

StrokePoints: 14
177.6,130.333333333333
179.213414568223,131.463058376261
180.826829136446,133.722508462115
177.6,140.500858719679
177.6,146.149483934315
176.793292715888,152.362971670415
176.793292715888,160.271046970905
177.6,168.74398479286
179.213414568223,177.781785136278
178.406707284112,186.254722958232
182.44024370467,189.07903556555
185.667072841116,191.338485651405
186.473780125228,191.903348172868
186.473780125228,191.903348172868

Velocities: 13
-2,0
-3,-1
-4,-8
-5,-5
-5,-6
-7,-7
-8,-7
-9,-7
-7,-8
-5,0
-4,0
-1,0
0,0

InverseVelocities: 13
0,0
0,0
0,0
0,0
0,0
0,0
0,0
0,0
0,0
0,0
0,0
0,0
0,0
