GestureName: swipe_down
Duration(ms): 564
Handedness: right

SpeakerAngles: 2
55
-55

InterpretedPoints: 12
-0.806707284111599,-0.564862521463623
-2.4201218523348,-2.82431260731812
-1.6134145682232,-5.64862521463624
-0.806707284111599,-7.34321277902711
0,-9.03780034341798
-0.806707284111599,-9.6026628648816
-0.806707284111599,-10.7323879078088
-0.806707284111599,-10.7323879078088
-0.806707284111599,-9.6026628648816
-6.45365827289279,-4.51890017170899
-4.03353642055799,-2.82431260731812
0,0

StrokePoints: 13
177.6,130.333333333333
178.406707284112,130.898195854797
180.826829136446,133.722508462115
182.44024370467,139.371133676751
183.246950988781,146.714346455778
183.246950988781,155.752146799196
184.053658272893,165.354809664078
184.860365557005,176.087197571887
185.667072841116,186.819585479696
186.473780125228,196.422248344577
192.927438398121,200.941148516286
196.960974818679,203.765461123604
196.960974818679,203.765461123604

Velocities: 12
-1,0
-4,-1
-6,-4
-7,-6
-8,-8
-9,-8
-10,-9
-10,-9
-9,-8
-8,0
-5,0
0,0

InverseVelocities: 12
0,0
0,0
0,0
0,0
0,0
0,0
0,0
0,0
0,0
0,0
0,0
0,0
