GestureName: swipe_left
Duration(ms): 658
Handedness: right

SpeakerAngles: 2
55
-55

InterpretedPoints: 14
0.806707284111599,0.564862521463623
1.6134145682232,1.12972504292725
3.2268291364464,2.25945008585449
4.03353642055799,2.82431260731812
4.03353642055799,2.82431260731812
4.03353642055799,2.82431260731812
4.03353642055799,1.69458756439087
5.64695098878119,-0.564862521463623
4.03353642055799,-1.69458756439087
6.45365827289279,-1.12972504292725
3.2268291364464,-2.25945008585449
3.2268291364464,-2.25945008585449
0.806707284111599,-0.564862521463623
0,0

StrokePoints: 15
177.6,130.333333333333
176.793292715888,129.76847081187
175.179878147665,128.638745768942
171.953049011219,126.379295683088
167.919512590661,123.55498307577
163.885976170103,120.730670468452
159.852439749545,117.906357861134
155.818903328987,116.211770296743
150.171952340206,116.776632818206
146.138415919648,118.471220382597
139.684757646755,119.600945425524
136.457928510309,121.860395511379
133.231099373862,124.119845597233
132.424392089751,124.684708118697
132.424392089751,124.684708118697

Velocities: 14
1,0
2,0
4,0
5,0
5,0
5,0
4,-1
3,-4
1,-4
3,-5
0,-4
0,-4
0,-1
0,0

InverseVelocities: 14
0,0
0,0
0,0
0,0
0,0
0,0
0,0
0,0
0,0
-4,0
0,0
0,0
0,0
0,0
