GestureName: swipe_up
Duration(ms): 517
Handedness: right

SpeakerAngles: 2
55
-55

InterpretedPoints: 11
-1.6134145682232,1.12972504292725
0.806707284111599,0.564862521463623
4.03353642055799,2.82431260731812
-0.806707284111599,7.34321277902711
2.4201218523348,8.47293782195435
1.6134145682232,9.03780034341798
0.806707284111599,7.34321277902711
-0.806707284111599,6.21348773609986
0.806707284111599,2.82431260731812
-0.806707284111599,1.69458756439087
0,0

StrokePoints: 12
177.6,130.333333333333
179.213414568223,129.203608290406
178.406707284112,128.638745768942
174.373170863554,125.814433161624
175.179878147665,118.471220382597
172.75975629533,109.998282560643
171.146341727107,100.960482217225
170.339634442996,93.6172694381978
171.146341727107,87.4037817020979
170.339634442996,84.5794690947798
171.146341727107,82.8848815303889
171.146341727107,82.8848815303889

Velocities: 11
0,2
1,0
5,0
6,7
9,6
9,7
7,6
5,6
3,2
1,2
0,0

InverseVelocities: 11
0,0
0,0
0,0
0,0
0,0
0,0
0,0
0,0
0,0
0,0
0,0
