GestureName: swipe_right
Duration(ms): 705
Handedness: right

SpeakerAngles: 2
55
-55

InterpretedPoints: 15
-0.806707284111599,0.564862521463623
0,0
-3.2268291364464,2.25945008585449
-4.84024370466959,2.25945008585449
-8.87378012522759,1.69458756439087
-9.68048740933918,-1.12972504292725
-10.4871946934508,-2.82431260731812
-8.06707284111599,-5.64862521463624
-7.26036555700439,-5.08376269317261
-5.64695098878119,-3.95403765024536
-4.84024370466959,-3.38917512878174
-3.2268291364464,-2.25945008585449
-1.6134145682232,-1.12972504292725
-0.806707284111599,-0.564862521463623
0,0

StrokePoints: 16
177.6,130.333333333333
178.406707284112,129.76847081187
178.406707284112,129.76847081187
181.633536420558,127.509020726015
186.473780125228,125.249570640161
195.347560250455,123.55498307577
205.028047659794,124.684708118697
215.515242353245,127.509020726015
223.582315194361,133.157645940651
230.842680751366,138.241408633824
236.489631740147,142.195446284069
241.329875444816,145.584621412851
244.556704581263,147.844071498706
246.170119149486,148.973796541633
246.976826433598,149.538659063097
246.976826433598,149.538659063097

Velocities: 15
0,1
0,0
0,4
-1,5
-4,7
-7,5
-9,4
-10,0
-9,0
-7,0
-6,0
-4,0
-2,0
-1,0
0,0

InverseVelocities: 15
0,0
0,0
0,0
0,0
2,0
0,-4
0,0
0,0
0,0
0,0
0,0
0,0
0,0
0,0
0,0
