GestureName: swipe_right
Duration(ms): 705
Handedness: right

SpeakerAngles: 2
55
-55

InterpretedPoints: 15
-0.806707284111599,0.564862521463623
-1.6134145682232,1.12972504292725
-3.2268291364464,2.25945008585449
-7.26036555700439,0.564862521463624
-7.26036555700439,-1.69458756439087
-10.4871946934508,-1.69458756439087
-7.26036555700439,-5.08376269317261
-7.26036555700439,-5.08376269317261
-3.22682913644639,-5.64862521463624
-4.84024370466959,-4.51890017170899
-3.2268291364464,-3.38917512878174
0,0
0,0
-0.806707284111599,-0.564862521463623
0,0

StrokePoints: 16
177.6,130.333333333333
178.406707284112,129.76847081187
180.020121852335,128.638745768942
183.246950988781,126.379295683088
190.507316545786,125.814433161624
197.76768210279,127.509020726015
208.254876796241,129.203608290406
215.515242353245,134.287370983579
222.77560791025,139.371133676751
226.002437046696,145.019758891388
230.842680751366,149.538659063097
234.069509887812,152.927834191878
234.069509887812,152.927834191878
234.069509887812,152.927834191878
234.876217171924,153.492696713342
234.876217171924,153.492696713342

Velocities: 15
0,1
0,2
0,4
-4,5
-6,3
-8,5
-9,0
-9,0
-7,-3
-7,-1
-5,-1
0,0
0,0
-1,0
0,0

InverseVelocities: 15
0,0
0,0
0,0
3,0
0,0
0,0
0,0
0,0
0,0
0,0
0,0
0,0
0,0
0,0
0,0
