GestureName: swipe_right
Duration(ms): 658
Handedness: right

SpeakerAngles: 2
55
-55

InterpretedPoints: 14
-1.6134145682232,1.12972504292725
-1.6134145682232,2.25945008585449
-0.806707284111599,2.82431260731812
-0.806707284111599,1.69458756439087
-4.03353642055799,-0.564862521463624
-2.4201218523348,-1.69458756439087
-4.03353642055799,-2.82431260731812
-3.2268291364464,-2.25945008585449
-4.03353642055799,-1.69458756439087
-3.2268291364464,-2.25945008585449
-2.4201218523348,-1.69458756439087
-1.6134145682232,-1.12972504292725
-0.806707284111599,-0.564862521463623
0,0

StrokePoints: 15
177.6,130.333333333333
179.213414568223,129.203608290406
180.826829136446,126.944158204552
181.633536420558,124.119845597233
182.44024370467,122.425258032843
186.473780125228,122.990120554306
188.893901977562,124.684708118697
192.92743839812,127.509020726015
196.154267534567,129.76847081187
200.187803955125,131.463058376261
203.414633091571,133.722508462115
205.834754943906,135.417096026506
207.448169512129,136.546821069433
208.254876796241,137.111683590897
208.254876796241,137.111683590897

Velocities: 14
0,2
1,3
2,3
1,2
-3,2
-3,0
-5,0
-4,0
-4,1
-4,0
-3,0
-2,0
-1,0
0,0

InverseVelocities: 14
0,0
0,0
0,0
-2,0
0,0
0,0
0,0
0,0
0,0
0,0
0,0
0,0
0,0
0,0
