GestureName: swipe_up
Duration(ms): 423
Handedness: right

SpeakerAngles: 2
55
-55

InterpretedPoints: 9
0.806707284111599,0.564862521463623
5.64695098878119,3.95403765024536
0.806707284111599,7.34321277902711
0.806707284111599,9.6026628648816
0.806707284111599,9.6026628648816
-0.806707284111599,9.6026628648816
0,7.90807530049073
0.806707284111599,3.95403765024536
0,0

StrokePoints: 10
177.6,130.333333333333
176.793292715888,129.76847081187
171.146341727107,125.814433161624
170.339634442996,118.471220382597
169.532927158884,108.868557517716
168.726219874772,99.265894652834
169.532927158884,89.6632317879525
169.532927158884,81.7551564874617
168.726219874772,77.8011188372164
168.726219874772,77.8011188372164

Velocities: 9
1,0
7,0
7,6
9,8
9,8
8,9
7,7
4,3
0,0

InverseVelocities: 9
0,0
0,0
0,0
0,0
0,0
0,0
0,0
0,0
0,0
