GestureName: swipe_left
Duration(ms): 470
Handedness: right

SpeakerAngles: 2
55
-55

InterpretedPoints: 10
0.806707284111599,0.564862521463623
2.4201218523348,1.69458756439087
6.45365827289279,2.25945008585449
8.06707284111599,1.12972504292725
12.100609261674,-2.82431260731812
10.4871946934508,-6.21348773609986
6.45365827289279,-9.03780034341798
2.4201218523348,-6.21348773609986
-1.6134145682232,-2.25945008585449
0,0

StrokePoints: 11
177.6,130.333333333333
176.793292715888,129.76847081187
174.373170863554,128.073883247479
167.919512590661,125.814433161624
159.852439749545,124.684708118697
147.751830487871,127.509020726015
137.26463579442,133.722508462115
130.810977521527,142.760308805533
128.390855669193,148.973796541633
130.004270237416,151.233246627487
130.004270237416,151.233246627487

Velocities: 10
1,0
3,0
6,-2
6,-4
5,-10
1,-12
-4,-12
-4,-7
-3,-1
0,0

InverseVelocities: 10
0,0
0,0
0,0
0,0
0,0
0,0
0,0
0,0
0,0
0,0
