GestureName: swipe_up
Duration(ms): 423
Handedness: right

SpeakerAngles: 2
55
-55

InterpretedPoints: 9
-3.22682913644639,4.51890017170899
-0.806707284111599,6.21348773609986
-2.4201218523348,8.47293782195435
4.84024370466959,3.38917512878174
1.6134145682232,5.64862521463624
0,5.64862521463624
-0.806707284111599,3.95403765024536
-0.806707284111599,0.564862521463623
0,0

StrokePoints: 10
177.6,130.333333333333
180.826829136446,125.814433161624
181.633536420558,119.600945425524
184.053658272893,111.12800760357
179.213414568223,107.738832474788
177.6,102.090207260152
177.6,96.4415820455159
178.406707284112,92.4875443952705
179.213414568223,91.9226818738069
179.213414568223,91.9226818738069

Velocities: 9
2,6
5,6
6,9
6,0
6,4
5,5
3,4
0,1
0,0

InverseVelocities: 9
0,0
0,0
0,0
0,0
0,0
0,0
0,0
0,0
0,0
