GestureName: swipe_up
Duration(ms): 517
Handedness: right

SpeakerAngles: 2
55
-55

InterpretedPoints: 11
0.806707284111599,0.564862521463623
2.4201218523348,1.69458756439087
0.806707284111599,6.21348773609986
-0.806707284111599,6.21348773609986
-0.806707284111599,9.6026628648816
-2.4201218523348,7.34321277902711
0.806707284111599,5.08376269317261
0,3.38917512878174
0.806707284111599,2.82431260731812
1.6134145682232,2.25945008585449
0,0

StrokePoints: 12
177.6,130.333333333333
176.793292715888,129.76847081187
174.373170863554,128.073883247479
173.566463579442,121.860395511379
174.373170863554,115.646907775279
175.179878147665,106.044244910398
177.6,98.7010321313704
176.793292715888,93.6172694381978
176.793292715888,90.2280943094161
175.986585431777,87.4037817020979
174.373170863554,85.1443316162434
174.373170863554,85.1443316162434

Velocities: 11
1,0
3,0
6,5
5,6
8,9
5,8
5,4
3,3
3,2
3,1
0,0

InverseVelocities: 11
0,0
0,0
0,0
0,0
0,0
0,0
0,0
0,0
0,0
0,0
0,0
