GestureName: swipe_down
Duration(ms): 658
Handedness: right

SpeakerAngles: 2
55
-55

InterpretedPoints: 14
-0.806707284111599,-0.564862521463623
-0.806707284111599,-0.564862521463623
-2.4201218523348,-1.69458756439087
-0.806707284111599,-3.95403765024536
-1.6134145682232,-4.51890017170899
-6.45365827289279,-9.03780034341798
-1.6134145682232,-7.90807530049073
-2.4201218523348,-7.34321277902711
-3.2268291364464,-6.77835025756348
-1.6134145682232,-6.77835025756348
-4.84024370466959,-3.38917512878174
-4.03353642055799,-2.82431260731812
-3.2268291364464,-2.25945008585449
0,0

StrokePoints: 15
177.6,130.333333333333
178.406707284112,130.898195854797
179.213414568223,131.463058376261
181.633536420558,133.157645940651
182.44024370467,137.111683590897
184.053658272893,141.630583762606
190.507316545786,150.668384106024
192.120731114009,158.576459406515
194.540852966344,165.919672185542
197.76768210279,172.698022443105
199.381096671013,179.476372700669
204.221340375683,182.86554782945
208.254876796241,185.689860436768
211.481705932687,187.949310522623
211.481705932687,187.949310522623

Velocities: 14
-1,0
-1,0
-3,0
-4,-3
-5,-3
-12,-4
-8,-6
-8,-5
-8,-4
-7,-5
-6,0
-5,0
-4,0
0,0

InverseVelocities: 14
0,0
0,0
0,0
0,0
0,0
0,0
0,0
0,0
0,0
0,0
0,0
0,0
0,0
0,0
