GestureName: swipe_left
Duration(ms): 470
Handedness: right

SpeakerAngles: 2
55
-55

InterpretedPoints: 10
5.64695098878119,3.95403765024536
7.26036555700439,5.08376269317261
7.26036555700439,5.08376269317261
8.06707284111599,2.25945008585449
9.68048740933919,-2.25945008585449
8.06707284111599,-3.38917512878174
5.64695098878119,-3.95403765024536
2.4201218523348,-1.69458756439087
1.6134145682232,-1.12972504292725
0,0

StrokePoints: 11
177.6,130.333333333333
171.953049011219,126.379295683088
164.692683454215,121.295532989915
157.43231789721,116.211770296743
149.365245056094,113.952320210888
139.684757646755,116.211770296743
131.617684805639,119.600945425524
125.970733816858,123.55498307577
123.550611964523,125.249570640161
121.9371973963,126.379295683088
121.9371973963,126.379295683088

Velocities: 10
7,0
9,0
9,0
7,-3
4,-8
2,-8
0,-7
0,-3
0,-2
0,0

InverseVelocities: 10
0,0
0,0
0,0
0,0
-2,2
-7,0
0,0
0,0
0,0
0,0
