GestureName: swipe_right
Duration(ms): 611
Handedness: right

SpeakerAngles: 2
55
-55

InterpretedPoints: 13
-1.6134145682232,1.12972504292725
-2.4201218523348,1.69458756439087
-0.806707284111599,3.95403765024536
-6.45365827289279,0
-7.26036555700439,-1.69458756439087
-6.45365827289279,-4.51890017170899
-6.45365827289279,-4.51890017170899
-5.64695098878119,-3.95403765024536
-4.03353642055799,-2.82431260731812
-3.2268291364464,-2.25945008585449
-0.806707284111599,-0.564862521463623
-0.806707284111599,-0.564862521463623
0,0

StrokePoints: 14
177.6,130.333333333333
179.213414568223,129.203608290406
181.633536420558,127.509020726015
182.44024370467,123.55498307577
188.893901977562,123.55498307577
196.154267534567,125.249570640161
202.60792580746,129.76847081187
209.061584080352,134.287370983579
214.708535069134,138.241408633824
218.742071489692,141.065721241142
221.968900626138,143.325171326997
222.77560791025,143.89003384846
223.582315194361,144.454896369924
223.582315194361,144.454896369924

Velocities: 13
0,2
0,3
3,4
-4,4
-6,3
-8,0
-8,0
-7,0
-5,0
-4,0
-1,0
-1,0
0,0

InverseVelocities: 13
0,0
0,0
0,0
0,0
0,0
0,0
0,0
0,0
0,0
0,0
0,0
0,0
0,0
