GestureName: swipe_right
Duration(ms): 705
Handedness: right

SpeakerAngles: 2
55
-55

InterpretedPoints: 15
-0.806707284111599,0.564862521463623
-2.4201218523348,1.69458756439087
-3.2268291364464,2.25945008585449
-5.64695098878119,0.564862521463623
-5.64695098878119,0.564862521463623
-7.26036555700439,-1.69458756439087
-7.26036555700439,-3.95403765024536
-7.26036555700439,-5.08376269317261
-6.45365827289279,-4.51890017170899
-5.64695098878119,-3.95403765024536
-3.2268291364464,-3.38917512878174
-3.2268291364464,-2.25945008585449
-1.6134145682232,-1.12972504292725
-0.806707284111599,-0.564862521463623
0,0

StrokePoints: 16
177.6,130.333333333333
178.406707284112,129.76847081187
180.826829136446,128.073883247479
184.053658272893,125.814433161624
189.700609261674,125.249570640161
195.347560250455,124.684708118697
202.60792580746,126.379295683088
209.868291364464,130.333333333333
217.128656921468,135.417096026506
223.582315194361,139.935996198215
229.229266183142,143.89003384846
232.456095319589,147.279208977242
235.682924456035,149.538659063097
237.296339024258,150.668384106024
238.10304630837,151.233246627487
238.10304630837,151.233246627487

Velocities: 15
0,1
0,3
0,4
-3,4
-3,4
-6,3
-8,1
-9,0
-8,0
-7,0
-5,-1
-4,0
-2,0
-1,0
0,0

InverseVelocities: 15
0,0
0,0
0,0
2,0
0,0
0,0
0,0
0,0
0,0
0,0
0,0
0,0
0,0
0,0
0,0
