GestureName: swipe_up
Duration(ms): 611
Handedness: right

SpeakerAngles: 2
55
-55

InterpretedPoints: 13
1.6134145682232,1.12972504292725
2.4201218523348,1.69458756439087
-0.806707284111599,5.08376269317261
0,5.64862521463624
-0.806707284111599,7.34321277902711
-0.806707284111599,7.34321277902711
0,5.64862521463624
-0.806707284111599,5.08376269317261
0,3.38917512878174
0.806707284111599,0.564862521463623
0.806707284111599,0.564862521463623
-4.03353642055799,-2.82431260731812
0,0

StrokePoints: 14
177.6,130.333333333333
175.986585431777,129.203608290406
173.566463579442,127.509020726015
174.373170863554,122.425258032843
174.373170863554,116.776632818206
175.179878147665,109.433420039179
175.986585431777,102.090207260152
175.986585431777,96.4415820455159
176.793292715889,91.3578193523433
176.793292715889,87.9686442235615
175.986585431777,87.4037817020979
175.179878147665,86.8389191806343
179.213414568223,89.6632317879524
179.213414568223,89.6632317879524

Velocities: 13
2,0
3,0
4,5
5,5
6,7
6,7
5,5
4,5
3,3
1,0
1,0
-5,0
0,0

InverseVelocities: 13
0,0
0,0
0,0
0,0
0,0
0,0
0,0
0,0
0,0
0,0
0,0
0,0
0,0
