GestureName: tap_right
Duration(ms): 1222
Handedness: right

SpeakerAngles: 2
55
-55

InterpretedPoints: 26
-0.806707284111599,-0.564862521463623
-3.2268291364464,-2.25945008585449
-6.45365827289279,-2.25945008585449
-4.84024370466959,-3.38917512878174
-7.26036555700439,-5.08376269317261
-7.26036555700439,-5.08376269317261
-7.26036555700439,-5.08376269317261
-4.03353642055799,-2.82431260731812
-4.03353642055799,-3.95403765024537
-1.6134145682232,-1.12972504292725
-0.806707284111599,-0.564862521463623
0,0
0,0
0,0
3.2268291364464,2.25945008585449
4.03353642055799,2.82431260731812
-1.6134145682232,1.12972504292725
3.22682913644639,4.51890017170899
4.84024370466959,3.38917512878174
4.03353642055799,2.82431260731812
4.03353642055799,2.82431260731812
3.2268291364464,2.25945008585449
2.4201218523348,1.69458756439087
1.6134145682232,1.12972504292725
0.806707284111599,0.564862521463623
0,0

StrokePoints: 27
177.6,130.333333333333
178.406707284112,130.898195854797
181.633536420558,133.157645940651
188.087194693451,135.417096026506
192.92743839812,138.806271155288
200.187803955125,143.89003384846
207.448169512129,148.973796541633
214.708535069134,154.057559234806
218.742071489692,156.881871842124
222.77560791025,160.835909492369
224.389022478473,161.965634535296
225.195729762584,162.53049705676
225.195729762584,162.53049705676
225.195729762584,162.53049705676
225.195729762584,162.53049705676
221.968900626138,160.271046970905
217.93536420558,157.446734363587
219.548778773803,156.31700932066
216.321949637357,151.798109148951
211.481705932687,148.408934020169
207.448169512129,145.584621412851
203.414633091571,142.760308805533
200.187803955125,140.500858719679
197.76768210279,138.806271155288
196.154267534567,137.67654611236
195.347560250455,137.111683590897
195.347560250455,137.111683590897

Velocities: 26
-1,0
-4,0
-6,2
-6,0
-9,0
-9,0
-9,0
-5,0
-6,-1
-2,0
-1,0
0,0
0,0
0,0
4,0
5,0
0,2
6,2
6,0
5,0
5,0
4,0
3,0
2,0
1,0
0,0

InverseVelocities: 26
0,0
0,0
0,0
0,0
0,0
0,0
0,0
0,0
0,0
0,0
0,0
0,0
0,0
0,0
0,0
0,0
0,0
0,0
0,0
0,0
0,0
0,0
0,0
0,0
0,0
0,0
