GestureName: tap_down
Duration(ms): 1175
Handedness: right

SpeakerAngles: 2
55
-55

InterpretedPoints: 25
0.806707284111599,-1.69458756439087
-1.6134145682232,-3.38917512878174
-0.806707284111599,-3.95403765024536
-2.4201218523348,-6.21348773609986
0,-7.90807530049073
-0.806707284111599,-7.34321277902711
-1.6134145682232,-7.90807530049073
-4.84024370466959,-4.51890017170899
0,-5.64862521463624
0,-5.64862521463624
0,0
0,0
0,0
4.84024370466959,3.38917512878174
0.806707284111599,9.6026628648816
4.84024370466959,5.64862521463624
-0.806707284111599,6.21348773609986
0.806707284111599,5.08376269317261
0.806707284111599,5.08376269317261
0,4.51890017170899
0,2.25945008585449
0.806707284111599,2.82431260731812
0,1.12972504292725
0,1.12972504292725
0,0

StrokePoints: 26
177.6,130.333333333333
176.793292715888,132.027920897724
178.406707284112,135.417096026506
179.213414568223,139.371133676751
181.633536420558,145.584621412851
181.633536420558,153.492696713342
182.44024370467,160.835909492369
184.053658272893,168.74398479286
188.893901977562,173.262884964569
188.893901977562,178.911510179205
188.893901977562,184.560135393841
188.893901977562,184.560135393841
188.893901977562,184.560135393841
188.893901977562,184.560135393841
184.053658272893,181.17096026506
183.246950988781,171.568297400178
178.406707284112,165.919672185542
179.213414568223,159.706184449442
178.406707284112,154.622421756269
177.6,149.538659063097
177.6,145.019758891388
177.6,142.760308805533
176.793292715888,139.935996198215
176.793292715888,138.806271155288
176.793292715888,137.67654611236
176.793292715888,137.67654611236

Velocities: 25
-1,-2
-4,-2
-4,-3
-7,-4
-7,-7
-7,-6
-8,-6
-7,-1
-5,-5
-5,-5
0,0
0,0
0,0
6,0
9,8
8,2
5,6
5,4
5,4
4,4
2,2
3,2
1,1
1,1
0,0

InverseVelocities: 25
0,0
0,0
0,0
0,0
0,0
0,0
0,0
0,0
0,0
0,0
0,0
0,0
0,0
0,0
0,0
0,0
0,0
0,0
0,0
0,0
0,0
0,0
0,0
0,0
0,0
