GestureName: tap_up
Duration(ms): 1128
Handedness: right

SpeakerAngles: 2
55
-55

InterpretedPoints: 24
0.806707284111599,0.564862521463623
-0.806707284111599,3.95403765024536
0,5.64862521463624
0,6.77835025756348
1.6134145682232,7.90807530049073
0.806707284111599,6.21348773609986
0.806707284111599,3.95403765024536
0,2.25945008585449
-0.806707284111599,0.564862521463623
0,0
0,0
0,0
-0.806707284111599,-0.564862521463623
-0.806707284111599,-1.69458756439087
-1.6134145682232,-4.51890017170899
0.806707284111599,-6.21348773609986
0,-7.90807530049073
-0.806707284111599,-8.47293782195435
-1.6134145682232,-6.77835025756348
-0.806707284111599,-6.21348773609986
-0.806707284111599,-3.95403765024536
-0.806707284111599,-2.82431260731812
-0.806707284111599,-0.564862521463623
0,0

StrokePoints: 25
177.6,130.333333333333
176.793292715888,129.76847081187
177.6,125.814433161624
177.6,120.165807946988
177.6,113.387457689425
175.986585431777,105.479382388934
175.179878147665,99.265894652834
174.373170863554,95.3118570025887
174.373170863554,93.0524069167342
175.179878147665,92.4875443952705
175.179878147665,92.4875443952705
175.179878147665,92.4875443952705
175.179878147665,92.4875443952705
175.986585431777,93.0524069167342
176.793292715888,94.746994481125
178.406707284112,99.265894652834
177.6,105.479382388934
177.6,113.387457689425
178.406707284112,121.860395511379
180.020121852335,128.638745768942
180.826829136446,134.852233505042
181.633536420558,138.806271155288
182.44024370467,141.630583762606
183.246950988781,142.195446284069
183.246950988781,142.195446284069

Velocities: 24
1,0
3,4
5,5
6,6
8,6
6,5
4,3
2,2
0,1
0,0
0,0
0,0
-1,0
-2,-1
-5,-3
-5,-6
-7,-7
-8,-7
-7,-5
-6,-5
-4,-3
-3,-2
-1,0
0,0

InverseVelocities: 24
0,0
0,0
0,0
0,0
0,0
0,0
0,0
0,0
0,0
0,0
0,0
0,0
0,0
0,0
0,0
0,0
0,0
0,0
0,0
0,0
0,0
0,0
0,0
0,0
