GestureName: tap_up
Duration(ms): 1081
Handedness: right

SpeakerAngles: 2
55
-55

InterpretedPoints: 23
0,2.25945008585449
0.806707284111599,3.95403765024536
0,5.64862521463624
0,6.77835025756348
0.806707284111599,8.47293782195435
2.4201218523348,8.47293782195435
-0.806707284111599,6.21348773609986
0,3.38917512878174
0.806707284111599,1.69458756439087
0,0
0,0
0,0
-2.4201218523348,-0.564862521463623
0,-3.38917512878174
-1.6134145682232,-3.38917512878174
-2.4201218523348,-5.08376269317261
-1.6134145682232,-5.64862521463624
0,-5.64862521463624
0,-4.51890017170899
0.806707284111599,-2.82431260731812
-1.6134145682232,-1.12972504292725
0,-1.12972504292725
0,0

StrokePoints: 24
177.6,130.333333333333
177.6,128.073883247479
176.793292715888,124.119845597233
176.793292715888,118.471220382597
176.793292715888,111.692870125034
175.986585431777,103.219932303079
173.566463579442,94.746994481125
174.373170863554,88.5335067450252
174.373170863554,85.1443316162434
173.566463579442,83.4497440518525
173.566463579442,83.4497440518525
173.566463579442,83.4497440518525
173.566463579442,83.4497440518525
175.986585431777,84.0146065733162
175.986585431777,87.4037817020979
177.6,90.7929568308797
180.020121852335,95.8767195240523
181.633536420558,101.525344738689
181.633536420558,107.173969953325
181.633536420558,111.692870125034
180.826829136446,114.517182732352
182.44024370467,115.646907775279
182.44024370467,116.776632818206
182.44024370467,116.776632818206

Velocities: 23
2,2
4,3
5,5
6,6
8,7
9,6
5,6
3,3
2,1
0,0
0,0
0,0
-2,1
-3,-3
-4,-2
-6,-3
-6,-4
-5,-5
-4,-4
-2,-3
-2,0
-1,-1
0,0

InverseVelocities: 23
0,0
0,0
0,0
0,0
0,0
0,0
0,0
0,-1
0,0
0,0
0,0
0,0
0,0
0,0
0,0
0,0
0,0
0,0
0,0
0,0
0,0
0,0
0,0
