GestureName: tap_down
Duration(ms): 1128
Handedness: right

SpeakerAngles: 2
55
-55

InterpretedPoints: 24
-0.806707284111599,-0.564862521463623
-1.6134145682232,-3.38917512878174
-0.806707284111599,-7.34321277902711
-2.4201218523348,-9.6026628648816
-1.6134145682232,-10.1675253863452
-0.806707284111599,-11.8621129507361
0,-11.2972504292725
-7.26036555700439,-5.08376269317261
-2.4201218523348,-1.69458756439087
0,0
0,0
2.4201218523348,1.69458756439087
4.84024370466959,3.38917512878174
-3.2268291364464,6.77835025756348
-0.806707284111599,8.47293782195435
0,7.90807530049073
0.806707284111599,7.34321277902711
0,5.64862521463624
2.4201218523348,5.08376269317261
1.6134145682232,3.38917512878174
-0.806707284111599,1.69458756439087
-0.806707284111599,0.564862521463623
0.806707284111599,0.564862521463623
0,0

StrokePoints: 25
177.6,130.333333333333
178.406707284112,130.898195854797
180.020121852335,134.287370983579
180.826829136446,141.630583762606
183.246950988781,151.233246627487
184.860365557004,161.400772013833
185.667072841116,173.262884964569
185.667072841116,184.560135393841
192.92743839812,189.643898087014
195.347560250455,191.338485651405
195.347560250455,191.338485651405
195.347560250455,191.338485651405
192.92743839812,189.643898087014
188.087194693451,186.254722958232
191.314023829897,179.476372700669
192.120731114009,171.003434878714
192.120731114009,163.095359578224
191.314023829897,155.752146799196
191.314023829897,150.10352158456
188.893901977562,145.019758891388
187.280487409339,141.630583762606
188.087194693451,139.935996198215
188.893901977562,139.371133676751
188.087194693451,138.806271155288
188.087194693451,138.806271155288

Velocities: 24
-1,0
-4,-2
-7,-6
-10,-7
-10,-8
-11,-10
-10,-10
-9,0
-3,0
0,0
0,0
3,0
6,0
4,8
7,8
7,7
7,6
5,5
6,3
4,2
1,2
0,1
1,0
0,0

InverseVelocities: 24
0,0
0,0
0,0
0,0
0,0
0,0
0,0
0,0
0,0
0,0
0,0
0,0
0,0
0,0
0,0
0,0
0,0
0,0
0,0
0,0
0,0
0,0
0,0
0,0
