GestureName: tap_left
Duration(ms): 1175
Handedness: right

SpeakerAngles: 2
55
-55

InterpretedPoints: 25
3.2268291364464,2.25945008585449
5.64695098878119,3.95403765024536
6.45365827289279,2.25945008585449
8.06707284111599,0
6.45365827289279,-4.51890017170899
5.64695098878119,-3.95403765024536
4.84024370466959,-3.38917512878174
2.4201218523348,-2.82431260731812
0,-1.12972504292725
0,0
0,0
0,0
-4.03353642055799,2.82431260731812
-4.84024370466959,3.38917512878174
-4.03353642055799,2.82431260731812
-6.45365827289279,3.38917512878174
-9.68048740933918,1.12972504292725
-4.84024370466959,-1.12972504292725
-4.03353642055799,-1.69458756439087
-3.2268291364464,-2.25945008585449
-2.4201218523348,-1.69458756439087
-2.4201218523348,-1.69458756439087
-2.4201218523348,-1.69458756439087
-0.806707284111599,-0.564862521463623
0,0

StrokePoints: 26
177.6,130.333333333333
174.373170863554,128.073883247479
168.726219874773,124.119845597233
162.27256160188,121.860395511379
154.205488760764,121.860395511379
147.751830487871,126.379295683088
142.10487949909,130.333333333333
137.26463579442,133.722508462115
134.844513942085,136.546821069433
134.844513942085,137.67654611236
134.844513942085,137.67654611236
134.844513942085,137.67654611236
134.844513942085,137.67654611236
138.878050362643,134.852233505042
143.718294067313,131.463058376261
147.751830487871,128.638745768942
154.205488760764,125.249570640161
163.885976170103,124.119845597233
168.726219874773,125.249570640161
172.759756295331,126.944158204552
175.986585431777,129.203608290406
178.406707284112,130.898195854797
180.826829136446,132.592783419188
183.246950988781,134.287370983579
184.053658272893,134.852233505042
184.053658272893,134.852233505042

Velocities: 25
4,0
7,0
6,-2
5,-5
0,-8
0,-7
0,-6
-1,-4
-1,-1
0,0
0,0
0,0
0,5
0,6
0,5
-1,7
-5,7
-4,2
-4,1
-4,0
-3,0
-3,0
-3,0
-1,0
0,0

InverseVelocities: 25
0,0
0,0
0,0
0,0
0,0
0,0
0,0
0,0
0,0
0,0
0,0
0,0
0,0
0,0
0,0
0,0
0,-3
0,0
0,0
0,0
0,0
0,0
0,0
0,0
0,0
