GestureName: tap_up
Duration(ms): 1081
Handedness: right

SpeakerAngles: 2
55
-55

InterpretedPoints: 23
-0.806707284111599,0.564862521463623
-0.806707284111599,0.564862521463623
-1.6134145682232,2.25945008585449
-4.84024370466959,3.38917512878174
0,5.64862521463624
0,4.51890017170899
0,3.38917512878174
0,2.25945008585449
0,1.12972504292725
0.806707284111599,0.564862521463623
0,0
0,0
0,0
-0.806707284111599,-0.564862521463623
-4.03353642055799,-5.08376269317261
-4.03353642055799,-7.34321277902711
-0.806707284111599,-5.08376269317261
0.806707284111599,-5.08376269317261
-1.6134145682232,-4.51890017170899
-0.806707284111599,-3.95403765024536
-1.6134145682232,-2.25945008585449
-0.806707284111599,-0.564862521463623
0,0

StrokePoints: 24
177.6,130.333333333333
178.406707284112,129.76847081187
179.213414568223,129.203608290406
180.826829136446,126.944158204552
185.667072841116,123.55498307577
185.667072841116,117.906357861134
185.667072841116,113.387457689425
185.667072841116,109.998282560643
185.667072841116,107.738832474788
185.667072841116,106.609107431861
184.860365557004,106.044244910398
184.860365557004,106.044244910398
184.860365557004,106.044244910398
184.860365557004,106.044244910398
185.667072841116,106.609107431861
189.700609261674,111.692870125034
193.734145682232,119.036082904061
194.540852966344,124.119845597233
193.734145682232,129.203608290406
195.347560250455,133.722508462115
196.154267534567,137.67654611236
197.76768210279,139.935996198215
198.574389386902,140.500858719679
198.574389386902,140.500858719679

Velocities: 23
0,1
0,1
1,3
0,6
5,5
4,4
3,3
2,2
1,1
1,0
0,0
0,0
0,0
-1,0
-7,-2
-9,-4
-5,-4
-4,-5
-5,-3
-4,-3
-3,-1
-1,0
0,0

InverseVelocities: 23
0,0
0,0
0,0
0,0
0,0
0,0
0,0
0,0
0,0
0,0
0,0
0,0
0,0
0,0
0,0
0,0
0,0
0,0
0,0
0,0
0,0
0,0
0,0
