GestureName: tap_down
Duration(ms): 1081
Handedness: right

SpeakerAngles: 2
55
-55

InterpretedPoints: 23
-1.6134145682232,-1.12972504292725
-0.806707284111599,-2.82431260731812
-2.4201218523348,-5.08376269317261
-0.806707284111599,-7.34321277902711
-0.806707284111599,-8.47293782195435
-0.806707284111599,-9.6026628648816
-0.806707284111599,-9.6026628648816
-0.806707284111599,-8.47293782195435
0.806707284111599,-6.21348773609986
-1.6134145682232,-1.12972504292725
0,0
0,0
0,0
0,7.90807530049073
-0.806707284111599,9.6026628648816
0,10.1675253863452
0,9.03780034341798
1.6134145682232,6.77835025756348
0,5.64862521463624
0,4.51890017170899
0,2.25945008585449
-0.806707284111599,0.564862521463623
0,0

StrokePoints: 24
177.6,130.333333333333
179.213414568223,131.463058376261
180.020121852335,134.287370983579
182.44024370467,139.371133676751
183.246950988781,146.714346455778
184.053658272893,155.187284277733
184.860365557005,164.789947142614
185.667072841116,174.392610007496
186.473780125228,182.86554782945
185.667072841116,189.07903556555
187.280487409339,190.208760608477
187.280487409339,190.208760608477
187.280487409339,190.208760608477
187.280487409339,190.208760608477
187.280487409339,182.300685307987
188.087194693451,172.698022443105
188.087194693451,162.53049705676
188.087194693451,153.492696713342
186.473780125228,146.714346455778
186.473780125228,141.065721241142
186.473780125228,136.546821069433
186.473780125228,134.287370983579
187.280487409339,133.722508462115
187.280487409339,133.722508462115

Velocities: 23
-2,0
-3,-2
-6,-3
-7,-6
-8,-7
-9,-8
-9,-8
-8,-7
-5,-6
-2,0
0,0
0,0
0,0
7,7
8,9
9,9
8,8
7,5
5,5
4,4
2,2
0,1
0,0

InverseVelocities: 23
0,0
0,0
0,0
0,0
0,0
0,0
0,0
0,0
0,0
0,0
0,0
0,0
0,0
0,0
0,0
0,0
0,0
0,0
0,0
0,0
0,0
0,0
0,0
