GestureName: tap_down
Duration(ms): 1222
Handedness: right

SpeakerAngles: 2
55
-55

InterpretedPoints: 26
-0.806707284111599,-2.82431260731812
-0.806707284111599,-5.08376269317261
-2.4201218523348,-6.21348773609986
-0.806707284111599,-7.34321277902711
-1.6134145682232,-9.03780034341798
-1.6134145682232,-9.03780034341798
-0.806707284111599,-7.34321277902711
-4.03353642055799,-2.82431260731812
-4.03353642055799,-2.82431260731812
-3.2268291364464,-2.25945008585449
0,0
0,0
0,0
2.4201218523348,1.69458756439087
0,0
0,5.64862521463624
0,5.64862521463624
-0.806707284111599,6.21348773609986
0,6.77835025756348
0,6.77835025756348
-0.806707284111599,6.21348773609986
-0.806707284111599,3.95403765024536
-1.6134145682232,3.38917512878174
0,2.25945008585449
0,1.12972504292725
0,0

StrokePoints: 27
177.6,130.333333333333
178.406707284112,133.157645940651
179.213414568223,138.241408633824
181.633536420558,144.454896369924
182.44024370467,151.798109148951
184.053658272893,160.835909492369
185.667072841116,169.873709835787
186.473780125228,177.216922614814
190.507316545786,180.041235222132
194.540852966344,182.86554782945
197.76768210279,185.124997915305
197.76768210279,185.124997915305
197.76768210279,185.124997915305
197.76768210279,185.124997915305
195.347560250455,183.430410350914
195.347560250455,183.430410350914
195.347560250455,177.781785136278
195.347560250455,172.133159921642
196.154267534567,165.919672185542
196.154267534567,159.141321927978
196.154267534567,152.362971670415
196.960974818678,146.149483934315
197.76768210279,142.195446284069
199.381096671013,138.806271155288
199.381096671013,136.546821069433
199.381096671013,135.417096026506
199.381096671013,135.417096026506

Velocities: 26
-3,-2
-5,-4
-7,-4
-7,-6
-9,-7
-9,-7
-7,-6
-5,0
-5,0
-4,0
0,0
0,0
0,0
3,0
0,0
5,5
5,5
5,6
6,6
6,6
5,6
3,4
2,4
2,2
1,1
0,0

InverseVelocities: 26
0,0
0,0
0,0
0,0
0,0
0,0
0,0
0,0
0,0
0,0
0,0
0,0
0,0
0,0
0,0
0,0
0,0
0,0
0,0
0,0
0,0
0,0
0,0
0,0
0,0
0,0
