GestureName: tap_right
Duration(ms): 1222
Handedness: right

SpeakerAngles: 2
55
-55

InterpretedPoints: 26
-1.6134145682232,0
-4.03353642055799,-1.69458756439087
-6.45365827289279,-3.38917512878174
-6.45365827289279,-4.51890017170899
-8.87378012522759,-6.21348773609986
-8.87378012522759,-6.21348773609986
-8.87378012522759,-6.21348773609986
-5.64695098878119,-3.95403765024536
-4.84024370466959,-3.38917512878174
-2.4201218523348,-2.82431260731812
-1.6134145682232,-1.12972504292725
0,0
0.806707284111599,0.564862521463623
2.4201218523348,1.69458756439087
4.03353642055799,2.82431260731812
4.84024370466959,3.38917512878174
6.45365827289279,4.51890017170899
5.64695098878119,5.08376269317261
5.64695098878119,3.95403765024536
4.84024370466959,3.38917512878174
3.2268291364464,2.25945008585449
1.6134145682232,1.12972504292725
1.6134145682232,1.12972504292725
0.806707284111599,-0.564862521463623
0.806707284111599,0.564862521463623
0,0

StrokePoints: 27
177.6,130.333333333333
179.213414568223,130.333333333333
183.246950988781,132.027920897724
189.700609261674,135.417096026506
196.154267534567,139.935996198215
205.028047659794,146.149483934315
213.901827785022,152.362971670415
222.77560791025,158.576459406515
228.422558899031,162.53049705676
233.2628026037,165.919672185542
235.682924456035,168.74398479286
237.296339024258,169.873709835787
237.296339024258,169.873709835787
236.489631740147,169.308847314323
234.069509887812,167.614259749933
230.035973467254,164.789947142614
225.195729762584,161.400772013833
218.742071489692,156.881871842124
213.09512050091,151.798109148951
207.448169512129,147.844071498706
202.60792580746,144.454896369924
199.381096671013,142.195446284069
197.76768210279,141.065721241142
196.154267534567,139.935996198215
195.347560250455,140.500858719679
194.540852966344,139.935996198215
194.540852966344,139.935996198215

Velocities: 26
-1,1
-4,1
-7,1
-8,0
-11,0
-11,0
-11,0
-7,0
-6,0
-4,-1
-2,0
0,0
1,0
3,0
5,0
6,0
8,0
8,1
7,0
6,0
4,0
2,0
2,0
0,-1
1,0
0,0

InverseVelocities: 26
0,0
0,0
0,0
0,0
0,0
0,0
0,0
0,0
0,0
0,0
0,0
0,0
0,0
0,0
0,0
0,0
0,0
0,0
0,0
0,0
0,0
0,0
0,0
0,0
0,0
0,0
