GestureName: tap_right
Duration(ms): 1222
Handedness: right

SpeakerAngles: 2
55
-55

InterpretedPoints: 26
-0.806707284111599,-0.564862521463623
-4.03353642055799,-0.564862521463624
-6.45365827289279,-1.12972504292725
-8.06707284111599,-3.38917512878174
-6.45365827289279,-4.51890017170899
-8.06707284111599,-5.64862521463624
-8.87378012522759,-6.21348773609986
-6.45365827289279,-4.51890017170899
-4.84024370466959,-3.38917512878174
-4.84024370466959,-3.38917512878174
-2.4201218523348,-1.69458756439087
0,0
0,0
1.6134145682232,1.12972504292725
0.806707284111599,0.564862521463623
0.806707284111599,6.21348773609986
6.45365827289279,4.51890017170899
6.45365827289279,4.51890017170899
7.26036555700439,5.08376269317261
5.64695098878119,3.95403765024536
7.26036555700439,2.82431260731812
4.03353642055799,2.82431260731812
2.4201218523348,1.69458756439087
2.4201218523348,1.69458756439087
0.806707284111599,0.564862521463623
0,0

StrokePoints: 27
177.6,130.333333333333
178.406707284112,130.898195854797
182.44024370467,131.463058376261
188.893901977562,132.592783419188
196.960974818678,135.98195854797
203.414633091571,140.500858719679
211.481705932687,146.149483934315
220.355486057915,152.362971670415
226.809144330808,156.881871842124
231.649388035477,160.271046970905
236.489631740147,163.660222099687
238.909753592482,165.354809664078
238.909753592482,165.354809664078
238.909753592482,165.354809664078
237.296339024258,164.225084621151
236.489631740147,163.660222099687
235.682924456035,157.446734363587
229.229266183142,152.927834191878
222.77560791025,148.408934020169
215.515242353245,143.325171326997
209.868291364464,139.371133676751
202.60792580746,136.546821069433
198.574389386902,133.722508462115
196.154267534567,132.027920897724
193.734145682232,130.333333333333
192.927438398121,129.76847081187
192.927438398121,129.76847081187

Velocities: 26
-1,0
-3,2
-5,3
-8,2
-8,0
-10,0
-11,0
-8,0
-6,0
-6,0
-3,0
0,0
0,0
2,0
1,0
6,5
8,0
8,0
9,0
7,0
7,-2
5,0
3,0
3,0
1,0
0,0

InverseVelocities: 26
0,0
0,0
0,0
0,0
0,0
0,0
0,0
0,0
0,0
0,0
0,0
0,0
0,0
0,0
0,0
0,0
0,0
0,0
0,0
0,0
0,0
0,0
0,0
0,0
0,0
0,0
