GestureName: tap_down
Duration(ms): 1175
Handedness: right

SpeakerAngles: 2
55
-55

InterpretedPoints: 25
-0.806707284111599,-0.564862521463623
-1.6134145682232,-3.38917512878174
0,-4.51890017170899
-0.806707284111599,-8.47293782195435
-0.806707284111599,-10.7323879078088
1.6134145682232,-10.1675253863452
0,-11.2972504292725
0.806707284111599,-8.47293782195435
0,0
-0.806707284111599,-0.564862521463623
0,0
0,0
1.6134145682232,1.12972504292725
-4.84024370466959,3.38917512878174
-5.64695098878119,5.08376269317261
-2.4201218523348,8.47293782195435
0,7.90807530049073
0,6.77835025756348
-0.806707284111599,6.21348773609986
0.806707284111599,3.95403765024536
-0.806707284111599,2.82431260731812
0,2.25945008585449
-0.806707284111599,1.69458756439087
0.806707284111599,0.564862521463623
0,0

StrokePoints: 26
177.6,130.333333333333
178.406707284112,130.898195854797
180.020121852335,134.287370983579
180.020121852335,138.806271155288
180.826829136446,147.279208977242
181.633536420558,158.011596885051
180.020121852335,168.179122271396
180.020121852335,179.476372700669
179.213414568223,187.949310522623
179.213414568223,187.949310522623
180.020121852335,188.514173044087
180.020121852335,188.514173044087
180.020121852335,188.514173044087
178.406707284112,187.384448001159
183.246950988781,183.995272872378
188.893901977563,178.911510179205
191.314023829897,170.438572357251
191.314023829897,162.53049705676
191.314023829897,155.752146799196
192.120731114009,149.538659063097
191.314023829897,145.584621412851
192.120731114009,142.760308805533
192.120731114009,140.500858719679
192.927438398121,138.806271155288
192.120731114009,138.241408633824
192.120731114009,138.241408633824

Velocities: 25
-1,0
-4,-2
-4,-4
-8,-7
-10,-9
-8,-10
-10,-10
-7,-8
0,0
-1,0
0,0
0,0
2,0
0,6
1,8
6,9
7,7
6,6
5,6
4,3
2,3
2,2
1,2
1,0
0,0

InverseVelocities: 25
0,0
0,0
0,0
0,0
0,0
0,0
0,0
0,0
0,0
0,0
0,0
0,0
0,0
0,0
0,0
0,0
0,0
0,0
0,0
0,0
0,0
0,0
0,0
0,0
0,0
