GestureName: tap_left
Duration(ms): 1175
Handedness: right

SpeakerAngles: 2
55
-55

InterpretedPoints: 25
1.6134145682232,1.12972504292725
3.2268291364464,2.25945008585449
4.03353642055799,1.69458756439087
8.06707284111599,1.12972504292725
11.2939019775624,-3.38917512878174
7.26036555700439,-3.95403765024536
6.45365827289279,-4.51890017170899
4.84024370466959,-3.38917512878174
3.2268291364464,-2.25945008585449
-0.806707284111599,-0.564862521463623
0,0
0,0
0,0
-1.6134145682232,1.12972504292725
-4.84024370466959,3.38917512878174
-4.84024370466959,3.38917512878174
-5.64695098878119,1.69458756439087
-6.45365827289279,1.12972504292725
-5.64695098878119,-0.564862521463623
-5.64695098878119,-1.69458756439087
-3.2268291364464,-2.25945008585449
-2.4201218523348,-1.69458756439087
-2.4201218523348,-1.69458756439087
-0.806707284111599,-0.564862521463623
0,0

StrokePoints: 26
177.6,130.333333333333
175.986585431777,129.203608290406
172.759756295331,126.944158204552
168.726219874773,125.249570640161
160.659147033657,124.119845597233
149.365245056094,127.509020726015
142.10487949909,131.463058376261
135.651221226197,135.98195854797
130.810977521527,139.371133676751
127.584148385081,141.630583762606
128.390855669193,142.195446284069
128.390855669193,142.195446284069
128.390855669193,142.195446284069
128.390855669193,142.195446284069
130.004270237416,141.065721241142
134.844513942085,137.67654611236
139.684757646755,134.287370983579
145.331708635536,132.592783419188
151.785366908429,131.463058376261
157.43231789721,132.027920897724
163.079268885991,133.722508462115
166.306098022438,135.98195854797
168.726219874773,137.67654611236
171.146341727107,139.371133676751
171.953049011219,139.935996198215
171.953049011219,139.935996198215

Velocities: 25
2,0
4,0
4,-1
6,-4
4,-10
1,-8
0,-8
0,-6
0,-4
-1,0
0,0
0,0
0,0
0,2
0,6
0,6
-2,5
-3,5
-4,3
-5,2
-4,0
-3,0
-3,0
-1,0
0,0

InverseVelocities: 25
0,0
0,0
0,0
0,4
-4,3
0,0
0,0
0,0
0,0
0,0
0,0
0,0
0,0
0,0
0,0
0,0
1,0
0,0
0,-3
0,0
0,0
0,0
0,0
0,0
0,0
