GestureName: tap_up
Duration(ms): 987
Handedness: right

SpeakerAngles: 2
55
-55

InterpretedPoints: 21
0.806707284111599,2.82431260731812
3.22682913644639,4.51890017170899
5.64695098878119,3.95403765024536
0,7.90807530049073
1.6134145682232,6.77835025756348
0,6.77835025756348
0,4.51890017170899
-0.806707284111599,1.69458756439087
0,0
0,-1.12972504292725
-0.806707284111599,-2.82431260731812
-1.6134145682232,-3.38917512878174
-0.806707284111599,-6.21348773609986
-0.806707284111599,-6.21348773609986
-0.806707284111599,-5.08376269317261
-1.6134145682232,-4.51890017170899
-1.6134145682232,-3.38917512878174
-0.806707284111599,-2.82431260731812
-0.806707284111599,-1.69458756439087
-0.806707284111599,-1.69458756439087
0,0

StrokePoints: 22
177.6,130.333333333333
176.793292715888,127.509020726015
173.566463579442,122.990120554306
167.919512590661,119.036082904061
167.919512590661,111.12800760357
166.306098022438,104.349657346007
166.306098022438,97.5713070884431
166.306098022438,93.0524069167342
167.112805306549,91.3578193523433
167.112805306549,91.3578193523433
167.112805306549,92.4875443952705
167.919512590661,95.3118570025887
169.532927158884,98.7010321313704
170.339634442996,104.91451986747
171.146341727107,111.12800760357
171.953049011219,116.211770296743
173.566463579442,120.730670468452
175.179878147665,124.119845597233
175.986585431777,126.944158204552
176.793292715889,128.638745768942
177.6,130.333333333333
177.6,130.333333333333

Velocities: 21
3,2
6,2
7,0
7,7
7,5
6,6
4,4
1,2
0,0
-1,-1
-3,-2
-4,-2
-6,-5
-6,-5
-5,-4
-5,-3
-4,-2
-3,-2
-2,-1
-2,-1
0,0

InverseVelocities: 21
0,0
0,0
0,0
0,0
0,0
0,0
0,0
0,0
0,0
0,0
0,0
0,0
0,0
0,0
0,0
0,0
0,0
0,0
0,0
0,0
0,0
