GestureName: tap_down
Duration(ms): 1175
Handedness: right

SpeakerAngles: 2
55
-55

InterpretedPoints: 25
0,-1.12972504292725
0,-3.38917512878174
-0.806707284111599,-7.34321277902711
-1.6134145682232,-10.1675253863452
-1.6134145682232,-10.1675253863452
-0.806707284111599,-11.8621129507361
-0.806707284111599,-10.7323879078088
-8.87378012522759,-6.21348773609986
-5.64695098878119,-3.95403765024536
0,0
0,0
0,0
3.2268291364464,2.25945008585449
0,0
7.26036555700439,6.21348773609986
5.64695098878119,6.21348773609986
-0.806707284111599,8.47293782195435
0,7.90807530049073
0,4.51890017170899
2.4201218523348,3.95403765024536
0,3.38917512878174
-0.806707284111599,1.69458756439087
-0.806707284111599,1.69458756439087
-1.6134145682232,1.12972504292725
0,0

StrokePoints: 26
177.6,130.333333333333
177.6,131.463058376261
177.6,134.852233505042
178.406707284112,142.195446284069
180.020121852335,152.362971670415
181.633536420558,162.53049705676
182.44024370467,174.392610007496
183.246950988781,185.124997915305
192.120731114009,191.338485651405
197.76768210279,195.29252330165
197.76768210279,195.29252330165
197.76768210279,195.29252330165
197.76768210279,195.29252330165
194.540852966344,193.033073215796
194.540852966344,193.033073215796
187.280487409339,186.819585479696
181.633536420558,180.606097743596
182.44024370467,172.133159921642
182.44024370467,164.225084621151
182.44024370467,159.706184449442
180.020121852335,155.752146799196
180.020121852335,152.362971670415
180.826829136447,150.668384106024
181.633536420558,148.973796541633
183.246950988781,147.844071498706
183.246950988781,147.844071498706

Velocities: 25
-1,-1
-3,-3
-7,-6
-10,-8
-10,-8
-11,-10
-10,-9
-11,0
-7,0
0,0
0,0
0,0
4,0
0,0
10,1
9,2
7,8
7,7
4,4
5,2
3,3
1,2
1,2
0,2
0,0

InverseVelocities: 25
0,0
0,0
0,0
0,0
0,0
0,0
0,0
0,0
0,0
0,0
0,0
0,0
0,0
0,0
0,0
0,0
0,0
0,0
0,0
0,0
0,0
0,0
0,0
0,0
0,0
