Started MediaCenter at 12:39:37 PM
Keypress: M

Detected: swipe_down
Channels: 6
Length: 26
Data:
-2 -1 2 7 3 0 -2 -5 -5 1 5 6 0 0 -3 -5 -5 2 5 6 0 0 0 0 0 0 

2 2 1 1 -2 0 3 6 3 0 -1 -5 0 0 3 5 3 0 3 -4 -1 0 0 1 2 1 

2 1 1 5 3 1 3 6 4 2 4 5 -4 -2 -2 -2 -2 4 6 5 -3 0 0 1 2 2 

2 1 1 5 3 1 3 6 4 2 4 5 -4 -2 -2 -2 -2 4 6 5 -3 0 0 1 2 2 

0 0 0 0 0 0 0 0 0 0 0 0 0 0 0 0 0 0 0 0 0 0 0 0 0 0 

0 0 0 0 0 0 0 0 0 0 0 0 0 0 0 0 0 0 0 0 0 0 0 0 0 0 

Detected: swipe_down
Channels: 6
Length: 23
Data:
-1 -2 -2 4 7 1 0 -3 -5 -5 0 4 5 1 0 -3 -3 -3 0 3 1 0 0 

0 0 0 -1 -5 -5 0 0 5 6 0 -2 -6 0 0 1 6 4 1 0 0 1 1 

-5 -3 -1 4 5 4 -4 4 6 3 2 4 3 -4 -2 2 3 2 0 3 2 2 1 

-5 -3 -1 4 5 4 -4 4 6 3 2 4 3 -4 -2 2 3 2 0 3 2 2 1 

0 0 0 0 0 0 0 0 0 0 0 0 0 0 0 -1 -3 0 0 0 0 0 0 

0 0 0 0 0 0 0 0 0 0 0 0 0 0 0 0 0 0 0 0 0 0 0 

Detected: swipe_back
Channels: 6
Length: 31
Data:
0 1 2 1 1 1 1 0 0 0 0 0 0 -2 -2 -4 -4 -3 -3 0 0 0 0 0 5 6 7 3 2 0 0 

0 0 0 0 0 0 0 0 0 0 0 1 2 2 1 1 0 0 0 0 0 0 0 0 0 5 6 -2 -4 0 0 

1 0 1 1 1 0 1 0 0 0 0 0 0 -3 -3 -1 -3 -1 -1 -1 0 0 0 0 4 4 6 3 3 -3 -1 

1 0 1 1 1 0 1 0 0 0 0 0 0 -3 -3 -1 -3 -1 -1 -1 0 0 0 0 4 4 6 3 3 -3 -1 

0 0 0 0 0 0 0 0 0 0 0 0 0 -1 -2 -2 -1 0 0 0 0 0 0 0 0 5 3 0 0 0 0 

0 0 0 0 0 0 0 0 0 0 0 0 0 -1 -1 0 0 0 0 0 0 0 0 0 0 0 0 0 0 0 0 

Detected: swipe_front
Channels: 6
Length: 18
Data:
0 0 3 4 3 4 0 1 1 0 0 0 0 -2 -3 -4 -5 0 

0 0 0 1 1 1 0 0 0 0 0 1 1 2 1 1 0 0 

1 4 3 5 4 2 3 2 1 0 0 0 2 3 4 -3 -1 0 

1 4 3 5 4 2 3 2 1 0 0 0 2 3 4 -3 -1 0 

0 0 0 0 0 0 0 0 0 0 0 0 0 -1 -2 -3 -3 -1 

0 0 0 -1 0 0 0 0 0 0 0 0 0 0 0 0 0 0 

Detected: swipe_left
Channels: 6
Length: 7
Data:
0 7 7 0 0 0 0 

0 6 4 -2 -6 0 0 

3 5 8 4 -7 -4 -3 

3 5 8 4 -7 -4 -3 

0 0 8 0 0 0 0 

0 0 0 0 0 0 0 

Keypress: System

Keypress: System

