Started MediaCenter at 12:36:54 PM
Keypress: M

Detected: swipe_right
Channels: 6
Length: 4
Data:
0 0 -19 0 

0 0 0 0 

-3 -3 -3 -2 

-3 -3 -3 -2 

0 0 0 0 

0 0 0 0 

Detected: swipe_front
Channels: 6
Length: 9
Data:
0 0 0 0 0 0 0 0 0 

0 0 0 0 0 0 0 0 0 

1 2 1 3 2 2 0 0 -1 

1 2 1 3 2 2 0 0 -1 

0 0 0 0 0 0 0 0 0 

0 0 0 0 0 0 0 0 0 

Detected: swipe_front
Channels: 6
Length: 3
Data:
0 0 0 

0 0 0 

1 1 1 

1 1 1 

0 0 0 

0 0 0 

Keypress: M

Keypress: NumPad1

Detected: swipe_left
Channels: 6
Length: 4
Data:
8 6 4 2 

0 0 -1 0 

4 1 3 2 

4 1 3 2 

0 0 0 0 

0 0 0 0 

Detected: swipe_down
Channels: 6
Length: 13
Data:
-2 -2 -2 0 5 9 5 0 -1 -3 -2 -2 -1 

0 0 0 0 3 12 11 0 0 -1 -1 0 0 

-1 -3 -3 1 7 14 6 0 -2 -4 -4 -4 0 

-1 -3 -3 1 7 14 6 0 -2 -4 -4 -4 0 

0 0 0 0 0 0 4 0 -1 -1 -1 0 0 

0 0 0 0 0 0 2 0 0 -2 0 -2 0 

Detected: swipe_down
Channels: 6
Length: 10
Data:
1 5 9 0 0 -2 -1 -3 -2 -2 

0 4 8 4 0 -1 -1 -2 -2 0 

2 7 9 4 0 -4 -3 -6 -5 -2 

2 7 9 4 0 -4 -3 -6 -5 -2 

0 0 0 1 0 0 0 0 0 0 

0 0 0 0 0 -2 0 0 0 0 

Detected: swipe_down
Channels: 6
Length: 12
Data:
-1 0 6 9 12 0 0 -6 -6 -7 -4 0 

0 0 4 9 10 0 -2 -5 -6 -5 -1 0 

0 2 7 10 11 4 -4 -6 -7 -11 -5 -1 

0 2 7 10 11 4 -4 -6 -7 -11 -5 -1 

0 0 0 0 3 2 0 0 0 0 0 0 

0 0 0 0 0 0 0 0 0 0 0 0 

Detected: tap_up
Channels: 6
Length: 14
Data:
-1 -5 -9 -13 -9 -2 0 5 8 9 6 5 3 0 

0 0 -5 -8 -1 0 0 0 4 8 6 7 2 0 

0 -7 -13 -13 -9 -1 0 1 9 12 6 6 5 3 

0 -7 -13 -13 -9 -1 0 1 9 12 6 6 5 3 

0 0 0 0 0 0 0 0 0 0 0 1 0 0 

0 0 0 0 0 0 0 0 0 0 0 0 0 0 

Detected: swipe_front
Channels: 6
Length: 17
Data:
-4 -7 -2 -2 0 0 0 0 0 1 1 0 7 6 3 2 1 

0 0 0 0 0 0 0 0 0 0 0 0 0 0 0 0 1 

-1 -1 0 0 -2 0 0 0 0 0 0 0 6 5 2 1 1 

-1 -1 0 0 -2 0 0 0 0 0 0 0 6 5 2 1 1 

0 0 0 0 0 0 0 0 0 0 0 0 0 0 0 0 0 

0 0 0 0 0 0 0 0 0 0 0 0 0 0 0 0 0 

Detected: tap_up
Channels: 6
Length: 20
Data:
-1 -2 0 -7 -7 -7 0 0 0 0 0 0 1 2 2 5 6 0 2 1 

0 0 0 0 0 0 0 0 0 0 0 0 0 2 1 0 0 0 0 0 

-1 -3 -2 -4 -6 0 -1 -1 0 0 0 0 2 1 0 0 4 0 2 1 

-1 -3 -2 -4 -6 0 -1 -1 0 0 0 0 2 1 0 0 4 0 2 1 

0 -2 0 0 0 0 0 0 0 0 0 0 0 0 0 0 0 0 0 0 

0 0 0 0 0 0 0 0 0 0 0 0 0 0 0 0 0 0 0 0 

Detected: swipe_down
Channels: 6
Length: 14
Data:
-1 -2 -11 -10 -10 -4 1 5 7 9 8 0 0 0 

0 -4 -7 -8 -6 0 0 0 3 8 5 3 1 0 

-2 -9 -10 -13 -10 -5 0 3 13 16 15 6 2 2 

-2 -9 -10 -13 -10 -5 0 3 13 16 15 6 2 2 

0 0 0 0 0 0 0 0 0 0 2 0 0 0 

-1 0 0 0 0 0 0 0 0 0 0 0 0 0 

Detected: swipe_left
Channels: 6
Length: 12
Data:
-6 -14 -15 -9 0 0 2 0 13 14 3 1 

-5 -7 -10 0 0 0 0 0 12 13 2 0 

-12 -16 -15 -2 0 0 0 4 18 15 7 2 

-12 -16 -15 -2 0 0 0 4 18 15 7 2 

0 0 0 0 0 0 0 0 0 0 0 0 

-2 0 0 0 0 0 0 0 0 0 0 0 

Detected: swipe_back
Channels: 6
Length: 14
Data:
0 -1 -13 -15 -10 -2 0 1 1 8 13 8 3 0 

0 -2 -11 -9 0 0 0 0 0 6 11 8 2 0 

-1 -7 -18 -17 -12 -1 0 0 0 10 16 12 5 2 

-1 -7 -18 -17 -12 -1 0 0 0 10 16 12 5 2 

0 0 0 0 0 0 0 0 0 0 0 0 0 0 

0 -1 0 0 0 0 0 0 0 0 0 0 0 0 

