Started MediaCenter at 12:40:37 PM
Keypress: M

Detected: swipe_left
Channels: 6
Length: 6
Data:
0 0 0 0 0 0 

0 0 1 1 1 1 

1 2 1 2 2 1 

1 2 1 2 2 1 

0 0 0 0 0 0 

0 0 0 0 0 0 

Detected: tap_down
Channels: 6
Length: 16
Data:
0 -2 -12 -12 -10 -6 -3 0 0 4 7 8 8 5 2 0 

0 -3 -7 -8 -5 0 0 0 0 2 5 6 7 4 1 0 

-1 -2 -14 -13 -12 -6 -4 0 2 6 9 10 12 7 4 2 

-1 -2 -14 -13 -12 -6 -4 0 2 6 9 10 12 7 4 2 

0 0 -2 0 -3 0 0 0 0 0 0 0 1 0 0 0 

0 0 -7 0 0 0 0 0 0 0 0 0 0 0 0 0 

Detected: swipe_left
Channels: 6
Length: 20
Data:
-1 -8 0 0 0 -3 -1 0 0 0 0 1 0 0 0 0 0 0 3 1 

-1 0 0 0 0 0 0 0 0 0 0 0 0 0 0 0 0 2 0 1 

-5 -4 -3 0 0 0 -2 0 0 0 0 5 5 0 2 3 4 2 3 1 

-5 -4 -3 0 0 0 -2 0 0 0 0 5 5 0 2 3 4 2 3 1 

0 0 0 0 0 0 0 0 0 0 0 0 0 0 0 0 0 0 0 0 

0 0 0 0 0 0 0 0 0 0 0 0 0 0 0 0 0 0 0 0 

Detected: swipe_left
Channels: 6
Length: 5
Data:
0 0 0 0 0 

0 0 0 0 0 

4 0 0 0 1 

4 0 0 0 1 

0 0 0 0 0 

0 0 0 0 0 

Keypress: M

Keypress: M

Keypress: M

Keypress: M

Keypress: M

Keypress: NumPad1

Detected: tap_down
Channels: 6
Length: 15
Data:
0 -2 -9 -9 -7 -5 -2 0 0 5 7 9 4 1 0 

0 -2 -3 -4 0 0 0 0 0 0 5 5 7 5 3 

-1 -6 -8 -9 -7 -5 0 0 0 4 11 13 9 4 4 

-1 -6 -8 -9 -7 -5 0 0 0 4 11 13 9 4 4 

0 -2 0 0 0 0 0 0 0 0 0 0 0 0 0 

0 0 0 0 0 0 0 0 0 0 0 0 0 0 0 

Detected: swipe_left
Channels: 6
Length: 7
Data:
-1 0 0 0 0 -2 0 

1 0 0 0 0 0 0 

0 -1 -2 -1 0 0 -1 

0 -1 -2 -1 0 0 -1 

-1 0 0 0 0 0 0 

0 0 0 0 0 0 0 

Detected: swipe_left
Channels: 6
Length: 8
Data:
0 -1 0 0 0 6 3 1 

0 0 0 0 0 3 0 0 

4 3 0 0 2 3 2 1 

4 3 0 0 2 3 2 1 

0 0 0 0 0 0 3 2 

0 0 0 0 0 0 0 0 

Detected: horizontal_circle
Channels: 6
Length: 24
Data:
-1 -1 0 0 2 2 2 1 0 0 0 0 0 0 0 0 0 0 0 0 0 -1 -1 -1 

0 0 0 0 0 0 -2 -1 0 0 0 0 0 0 0 0 0 0 1 1 5 5 1 1 

0 0 0 0 1 0 -1 -2 -3 -9 0 -1 -1 0 0 2 3 4 6 6 3 2 0 0 

0 0 0 0 1 0 -1 -2 -3 -9 0 -1 -1 0 0 2 3 4 6 6 3 2 0 0 

0 0 0 0 0 0 0 0 0 0 0 0 0 0 0 0 0 0 0 0 0 0 0 0 

0 0 0 0 0 -2 -3 0 0 0 0 0 0 0 0 0 0 0 0 0 0 0 0 0 

Keypress: P

Detected: tap_down
Channels: 6
Length: 16
Data:
-1 -4 -10 -10 -9 -7 0 0 0 0 5 6 10 8 8 3 

0 -3 -6 -6 -5 0 0 0 0 0 0 0 5 6 4 4 

-2 -7 -11 -12 -11 -7 0 0 0 0 6 0 10 9 8 6 

-2 -7 -11 -12 -11 -7 0 0 0 0 6 0 10 9 8 6 

0 0 0 0 0 0 0 0 0 0 0 0 0 0 0 0 

-2 0 0 0 0 0 0 0 0 0 0 0 0 0 0 0 

Detected: horizontal_circle
Channels: 6
Length: 22
Data:
0 -1 -6 -4 0 0 -4 -1 0 0 0 0 0 2 0 0 7 8 6 4 2 0 

1 2 2 0 0 0 0 0 0 0 0 0 0 0 0 0 0 0 1 4 -1 1 

0 -3 -2 -7 -3 -1 -4 -2 -1 0 0 0 2 2 3 0 0 6 5 2 2 1 

0 -3 -2 -7 -3 -1 -4 -2 -1 0 0 0 2 2 3 0 0 6 5 2 2 1 

0 0 0 0 0 0 0 0 0 0 0 0 0 0 0 0 0 0 0 2 0 0 

0 0 0 0 0 0 0 0 0 0 0 0 0 0 0 0 0 0 0 0 0 0 

Keypress: P

Detected: swipe_left
Channels: 6
Length: 14
Data:
-1 -4 -2 0 4 9 3 0 0 0 0 -2 -1 -1 

0 -2 0 2 6 8 1 0 0 0 0 0 -1 0 

-1 -2 -2 3 11 12 6 0 0 0 -1 -2 -2 -2 

-1 -2 -2 3 11 12 6 0 0 0 -1 -2 -2 -2 

0 0 0 0 0 0 0 0 0 0 0 0 0 0 

0 0 0 0 0 0 0 0 0 0 0 0 0 -1 

Detected: swipe_left
Channels: 6
Length: 22
Data:
1 3 4 4 0 0 0 0 0 0 0 0 0 0 0 0 0 0 0 -2 -2 -1 

0 0 -1 -4 -7 -4 0 0 0 0 0 0 0 0 0 7 5 6 4 5 3 1 

2 3 3 1 -3 -4 -8 -5 -3 -1 0 0 3 4 4 4 4 5 3 2 1 0 

2 3 3 1 -3 -4 -8 -5 -3 -1 0 0 3 4 4 4 4 5 3 2 1 0 

0 0 0 0 0 0 0 0 0 0 0 0 0 0 0 0 0 0 0 0 0 0 

0 0 -3 -1 0 0 0 0 0 0 0 0 0 0 0 0 0 0 0 0 1 0 

Detected: tap_down
Channels: 6
Length: 15
Data:
0 -5 -8 -7 -8 -6 -4 0 0 4 12 14 7 2 0 

0 -3 -4 -5 -4 -3 0 0 0 0 0 13 13 2 0 

-1 -6 -9 -10 -9 -8 -4 0 0 3 13 15 14 2 1 

-1 -6 -9 -10 -9 -8 -4 0 0 3 13 15 14 2 1 

0 0 0 0 0 0 0 0 0 0 0 0 3 0 0 

0 0 0 0 0 0 0 0 0 0 0 0 8 0 0 

Detected: tap_down
Channels: 6
Length: 19
Data:
-1 -4 -10 0 0 -4 -4 0 0 0 0 3 0 0 0 4 5 3 0 

0 1 0 0 0 0 0 0 0 0 0 0 0 0 0 3 2 0 1 

-1 -2 -7 -4 0 -10 -3 0 0 1 2 0 0 0 8 4 3 2 1 

-1 -2 -7 -4 0 -10 -3 0 0 1 2 0 0 0 8 4 3 2 1 

-1 0 0 0 0 0 0 0 0 0 0 0 0 0 0 0 3 3 0 

0 0 0 0 0 0 0 0 0 0 0 0 0 0 0 0 1 0 0 

Detected: swipe_left
Channels: 6
Length: 9
Data:
0 -3 -4 0 -4 -4 0 0 -4 

1 2 2 -2 0 0 0 0 0 

1 -1 -2 -4 0 -3 -4 0 0 

1 -1 -2 -4 0 -3 -4 0 0 

-1 -3 -3 0 0 0 0 0 0 

0 0 0 0 0 0 0 0 0 

Detected: swipe_left
Channels: 6
Length: 5
Data:
0 0 0 0 0 

0 0 0 0 0 

-3 -3 0 0 1 

-3 -3 0 0 1 

0 0 0 0 0 

0 0 0 0 0 

Detected: swipe_left
Channels: 6
Length: 8
Data:
0 1 0 0 0 0 0 1 

0 0 0 0 0 0 0 0 

1 2 1 4 0 2 0 1 

1 2 1 4 0 2 0 1 

0 0 0 0 0 0 0 0 

0 0 0 0 0 0 0 0 

Detected: tap_down
Channels: 6
Length: 35
Data:
0 -1 -3 4 10 11 0 0 -1 -3 5 5 0 0 0 0 0 3 8 0 0 0 0 0 5 11 5 0 0 0 0 0 0 0 0 

0 0 0 0 0 -8 -7 0 4 4 2 0 -6 0 0 1 2 4 9 -7 -4 0 0 3 8 7 4 -7 0 0 0 0 1 0 2 

-1 -3 -3 4 11 12 -6 -2 -1 2 6 10 -5 -3 0 0 3 5 6 -5 -6 -2 1 2 10 12 6 -8 -6 -1 1 2 1 1 2 

-1 -3 -3 4 11 12 -6 -2 -1 2 6 10 -5 -3 0 0 3 5 6 -5 -6 -2 1 2 10 12 6 -8 -6 -1 1 2 1 1 2 

0 0 -2 0 0 5 0 0 0 0 0 2 0 0 0 0 0 0 3 0 0 0 0 0 0 0 3 0 0 0 0 0 0 0 0 

0 0 0 0 0 0 0 0 0 0 0 0 0 0 0 0 0 0 0 0 0 0 0 0 0 0 0 0 0 0 0 0 0 0 0 

Detected: x
Channels: 6
Length: 35
Data:
0 -3 -5 -4 -3 0 7 15 14 0 0 -1 -2 7 6 -1 0 0 -2 5 8 0 0 0 -2 -2 8 8 0 0 0 0 1 0 0 

0 -3 -4 0 0 0 9 8 11 -10 0 0 6 5 5 -10 -5 0 5 5 8 0 -4 0 0 3 9 0 -9 0 0 5 6 5 0 

-2 -7 -5 -5 -2 5 11 11 13 -12 -5 -2 -1 6 9 -5 -6 0 4 8 7 7 -3 0 -1 10 12 8 -9 -6 3 3 8 7 3 

-2 -7 -5 -5 -2 5 11 11 13 -12 -5 -2 -1 6 9 -5 -6 0 4 8 7 7 -3 0 -1 10 12 8 -9 -6 3 3 8 7 3 

0 0 0 0 0 0 0 0 9 0 0 0 0 0 5 0 0 0 0 0 0 0 0 0 0 0 0 0 0 0 0 -1 0 0 0 

0 0 0 0 0 0 0 0 0 0 0 0 0 0 0 0 0 0 0 0 0 0 0 0 0 0 0 0 0 0 0 0 1 1 0 

Detected: swipe_right
Channels: 6
Length: 13
Data:
-2 -1 0 2 3 3 2 0 0 0 0 0 0 

0 0 0 0 0 -1 -4 -7 -8 0 0 0 0 

0 0 0 0 2 1 2 -1 -5 -9 -8 -4 -2 

0 0 0 0 2 1 2 -1 -5 -9 -8 -4 -2 

0 0 0 0 0 0 0 0 0 0 0 0 0 

0 0 0 0 0 0 0 0 0 0 0 0 0 

Detected: swipe_left
Channels: 6
Length: 4
Data:
0 0 0 0 

0 0 3 0 

2 2 4 3 

2 2 4 3 

0 0 0 0 

0 0 0 0 

Detected: swipe_left
Channels: 6
Length: 3
Data:
0 -5 0 

1 0 0 

-1 -3 -1 

-1 -3 -1 

-1 0 0 

0 0 0 

Detected: swipe_left
Channels: 6
Length: 3
Data:
0 0 1 

0 0 0 

2 3 2 

2 3 2 

0 0 1 

0 0 0 

Detected: tap_down
Channels: 6
Length: 28
Data:
-5 0 3 12 2 0 0 -2 2 8 0 0 0 -1 3 5 0 0 0 0 0 4 12 4 0 0 0 0 

-1 0 5 15 0 0 0 3 2 11 0 0 0 5 7 9 -8 0 0 0 4 9 10 -3 0 0 0 1 

-2 -3 7 11 8 -4 -2 5 9 9 -8 -8 3 6 6 10 5 -6 -2 2 5 8 15 5 -10 -4 1 1 

-2 -3 7 11 8 -4 -2 5 9 9 -8 -8 3 6 6 10 5 -6 -2 2 5 8 15 5 -10 -4 1 1 

0 0 0 0 0 0 0 -2 0 4 0 0 0 0 0 3 0 0 0 0 0 0 0 0 0 0 0 0 

0 0 0 0 0 0 0 0 0 0 0 0 0 0 0 0 0 0 0 0 0 0 0 0 0 0 0 0 

Detected: swipe_left
Channels: 6
Length: 9
Data:
-1 -5 0 0 0 0 -3 0 0 

4 1 0 0 0 0 0 0 0 

4 -7 -4 -3 -5 0 0 -3 -1 

4 -7 -4 -3 -5 0 0 -3 -1 

0 0 0 0 0 0 0 0 0 

0 0 0 0 0 0 0 0 0 

Detected: swipe_left
Channels: 6
Length: 6
Data:
0 0 0 0 0 0 

0 0 0 0 0 0 

1 0 0 0 1 1 

1 0 0 0 1 1 

0 0 0 0 0 0 

0 0 0 0 0 0 

Detected: tap_down
Channels: 6
Length: 40
Data:
0 0 0 2 4 8 8 0 0 0 -2 8 7 0 0 0 -1 9 9 0 -1 0 0 1 11 7 0 0 -1 -3 -2 -1 0 2 2 3 0 0 0 -1 

-1 0 0 5 9 8 10 -7 0 0 6 8 10 -6 -1 0 0 7 8 -4 0 0 4 2 8 15 -5 0 1 1 0 0 0 0 0 -2 -8 0 0 0 

-2 -2 -3 4 2 12 11 1 -6 -1 -1 9 8 -7 -4 0 5 10 13 -9 -5 -3 4 8 15 11 -7 -2 -3 -3 0 0 1 2 3 1 -2 -16 -14 -4 

-2 -2 -3 4 2 12 11 1 -6 -1 -1 9 8 -7 -4 0 5 10 13 -9 -5 -3 4 8 15 11 -7 -2 -3 -3 0 0 1 2 3 1 -2 -16 -14 -4 

0 0 0 -2 0 0 0 0 0 0 -2 0 0 0 0 0 0 0 1 0 0 0 0 0 0 7 0 0 0 -3 0 0 0 0 0 0 0 0 0 0 

0 0 0 0 0 0 8 0 0 0 0 0 0 0 0 0 0 0 0 0 0 0 0 0 0 0 0 0 0 0 0 0 0 0 0 -2 -6 0 0 0 

Detected: swipe_front
Channels: 6
Length: 6
Data:
0 0 0 0 0 0 

0 0 0 0 0 2 

2 4 4 3 3 0 

2 4 4 3 3 0 

0 0 0 0 0 0 

0 0 0 0 0 0 

Detected: swipe_right
Channels: 6
Length: 31
Data:
0 -4 0 3 9 11 0 0 0 0 7 5 0 0 0 0 5 4 0 0 0 0 2 5 4 0 0 0 0 0 0 

0 0 2 8 9 15 -8 -3 0 6 8 11 -5 0 0 5 7 10 -8 0 0 4 7 6 9 -10 0 0 0 1 0 

-1 -4 -3 9 11 5 -10 -7 -3 -1 9 14 3 -6 -2 7 8 14 -7 -6 -1 6 4 10 7 -11 -7 -2 2 2 1 

-1 -4 -3 9 11 5 -10 -7 -3 -1 9 14 3 -6 -2 7 8 14 -7 -6 -1 6 4 10 7 -11 -7 -2 2 2 1 

0 0 0 0 0 0 0 0 0 0 0 10 0 0 0 0 0 5 0 0 0 0 0 0 2 0 0 0 0 0 0 

0 0 0 0 0 12 0 0 0 0 0 0 0 0 0 0 0 0 0 0 0 0 0 0 0 0 0 0 0 0 0 

Detected: swipe_left
Channels: 6
Length: 9
Data:
0 -3 -4 0 0 0 0 0 -1 

1 1 0 0 0 0 0 0 0 

-1 -2 -3 -4 0 0 0 0 0 

-1 -2 -3 -4 0 0 0 0 0 

0 -1 0 0 0 0 0 0 0 

0 0 0 0 0 0 0 0 0 

Detected: swipe_left
Channels: 6
Length: 4
Data:
0 1 1 1 

0 0 0 0 

1 1 2 2 

1 1 2 2 

0 0 0 0 

0 0 0 0 

Detected: tap_down
Channels: 6
Length: 28
Data:
0 0 0 -1 8 13 6 0 0 -3 7 9 0 0 -2 -1 6 0 0 0 -2 -1 13 0 0 0 0 0 

0 -1 0 1 9 16 0 -4 0 7 11 0 -6 -1 6 6 0 -3 -3 0 5 9 9 -7 0 4 5 3 

-1 -2 -2 -2 11 16 3 -6 -3 -2 10 8 -7 -4 -2 12 15 1 -5 -3 6 8 6 2 1 7 7 1 

-1 -2 -2 -2 11 16 3 -6 -3 -2 10 8 -7 -4 -2 12 15 1 -5 -3 6 8 6 2 1 7 7 1 

0 0 0 0 0 0 0 0 0 -1 0 6 0 0 0 0 6 0 0 0 0 0 11 0 0 0 0 0 

0 0 0 0 0 0 0 0 0 0 0 10 0 0 0 0 3 0 0 0 0 0 0 0 0 0 0 0 

Detected: swipe_left
Channels: 6
Length: 19
Data:
0 0 3 5 0 0 0 0 0 0 0 0 0 0 0 0 0 0 0 

0 0 2 -6 -9 0 0 0 0 0 0 0 0 0 0 0 0 0 1 

-1 0 2 1 -11 -16 -6 -4 0 0 0 2 4 3 3 4 2 3 1 

-1 0 2 1 -11 -16 -6 -4 0 0 0 2 4 3 3 4 2 3 1 

0 0 0 0 0 0 0 0 0 0 0 0 0 0 0 0 0 0 0 

0 0 0 0 -8 0 0 0 0 0 0 0 0 0 0 0 0 0 0 

Detected: swipe_left
Channels: 6
Length: 5
Data:
0 0 0 0 0 

0 0 0 0 0 

2 1 0 0 1 

2 1 0 0 1 

0 0 0 0 0 

0 0 0 0 0 

Detected: swipe_right
Channels: 6
Length: 28
Data:
0 -1 -3 2 7 7 0 0 0 0 5 5 0 0 0 0 6 6 0 0 0 0 0 10 5 0 0 0 

0 0 -1 7 7 10 0 -4 2 5 8 0 -9 0 2 6 6 1 0 0 0 3 3 8 11 -3 -2 0 

-2 -3 -3 6 13 13 -4 -5 -3 5 7 7 1 -2 0 5 5 10 -5 -5 0 4 6 12 8 -2 -3 -1 

-2 -3 -3 6 13 13 -4 -5 -3 5 7 7 1 -2 0 5 5 10 -5 -5 0 4 6 12 8 -2 -3 -1 

0 0 0 0 0 0 0 0 0 0 0 5 0 0 0 0 0 7 0 0 0 0 0 0 8 0 0 0 

0 0 0 0 0 0 0 0 0 0 0 0 0 0 0 0 1 0 0 0 0 0 0 0 0 0 0 0 

Detected: x
Channels: 6
Length: 31
Data:
0 -5 -1 0 7 12 10 0 0 0 2 8 1 0 0 0 1 6 5 0 0 0 0 5 12 0 0 0 0 0 0 

-1 -1 0 1 10 13 2 -6 0 0 8 9 -8 -3 0 4 9 8 -9 -3 0 0 7 9 11 -7 -1 0 1 1 1 

-1 -6 -3 2 12 11 9 -7 -5 4 9 10 7 -8 -4 4 7 11 2 -12 -3 2 7 8 16 -8 -5 -2 1 1 0 

-1 -6 -3 2 12 11 9 -7 -5 4 9 10 7 -8 -4 4 7 11 2 -12 -3 2 7 8 16 -8 -5 -2 1 1 0 

0 0 0 0 0 0 7 0 0 0 0 0 0 0 0 0 0 0 0 0 0 0 0 0 2 0 0 0 0 0 0 

0 0 0 0 0 0 0 0 0 0 0 0 0 0 0 0 0 0 0 0 0 0 0 0 0 0 0 0 0 0 0 

Detected: swipe_right
Channels: 6
Length: 8
Data:
0 -3 -7 -10 0 0 -2 0 

1 3 2 0 0 0 0 0 

-1 -4 -5 -4 0 0 -5 -3 

-1 -4 -5 -4 0 0 -5 -3 

0 0 0 0 0 0 0 0 

0 0 0 0 0 0 0 0 

Detected: swipe_left
Channels: 6
Length: 3
Data:
0 0 1 

0 0 1 

1 1 1 

1 1 1 

0 0 0 

0 0 0 

Detected: tap_down
Channels: 6
Length: 31
Data:
-4 -5 -1 5 0 11 0 0 -2 5 10 0 0 0 -1 0 3 0 0 0 -2 -1 5 9 8 0 0 0 0 0 0 

0 -1 0 6 0 0 -6 0 0 7 6 0 -4 0 0 1 5 7 0 0 0 4 9 7 13 -7 -3 0 4 3 1 

-4 -1 2 8 8 12 -9 -3 -1 5 10 11 -4 0 2 6 11 8 -4 -4 0 3 9 11 11 -9 -1 0 4 4 1 

-4 -1 2 8 8 12 -9 -3 -1 5 10 11 -4 0 2 6 11 8 -4 -4 0 3 9 11 11 -9 -1 0 4 4 1 

0 0 0 0 0 0 0 0 0 0 0 0 0 0 0 0 0 0 0 0 0 0 0 0 4 0 0 0 0 0 0 

0 0 0 0 0 0 0 0 0 0 0 0 0 0 0 0 0 0 0 0 0 0 0 0 0 0 0 0 0 0 0 

Detected: swipe_left
Channels: 6
Length: 6
Data:
2 2 2 0 0 0 

0 -2 -8 -10 0 0 

1 1 2 -11 -13 -1 

1 1 2 -11 -13 -1 

0 0 0 0 0 0 

0 -3 -7 0 0 0 

Detected: swipe_left
Channels: 6
Length: 9
Data:
0 0 0 0 0 0 0 0 0 

0 0 0 0 0 0 0 1 1 

1 0 0 0 1 1 0 1 1 

1 0 0 0 1 1 0 1 1 

0 0 0 0 0 0 0 0 0 

0 0 0 0 0 0 0 0 0 

Keypress: OemPeriod

Keypress: OemPeriod

Keypress: OemPeriod

Keypress: OemPeriod

Keypress: OemPeriod

Keypress: OemPeriod

Keypress: OemPeriod

Keypress: OemPeriod

Keypress: OemPeriod

Keypress: OemPeriod

Keypress: OemPeriod

Keypress: OemPeriod

Keypress: OemPeriod

Keypress: OemPeriod

Keypress: OemPeriod

Keypress: OemComma

Detected: swipe_left
Channels: 6
Length: 5
Data:
0 0 0 0 0 

0 0 0 0 0 

-4 0 0 0 2 

-4 0 0 0 2 

0 0 0 0 0 

0 0 0 0 0 

Keypress: OemComma

Keypress: OemComma

Detected: tap_down
Channels: 6
Length: 32
Data:
0 0 0 4 8 12 2 0 0 -1 7 12 2 0 0 -3 3 11 2 0 0 -3 -1 9 10 3 0 0 0 0 0 0 

0 0 0 5 7 10 3 -7 0 0 9 15 1 -4 0 3 7 8 -5 -3 0 2 1 9 13 12 -4 -2 0 0 0 0 

-3 -2 2 7 12 11 10 -9 -1 4 10 13 4 -4 0 3 7 14 2 -6 0 1 4 13 15 7 -6 -2 -1 0 1 1 

-3 -2 2 7 12 11 10 -9 -1 4 10 13 4 -4 0 3 7 14 2 -6 0 1 4 13 15 7 -6 -2 -1 0 1 1 

0 0 0 0 0 0 0 0 0 0 0 0 0 0 0 0 0 3 0 0 0 0 0 0 0 0 0 0 0 0 0 0 

0 0 0 0 0 0 0 0 0 0 0 0 0 0 0 0 0 0 0 0 0 0 0 0 0 0 0 0 0 0 0 0 

Detected: swipe_left
Channels: 6
Length: 6
Data:
0 0 0 -4 -9 0 

0 0 4 4 6 0 

-1 0 3 3 1 -3 

-1 0 3 3 1 -3 

0 0 0 0 0 0 

0 0 0 0 0 0 

Detected: swipe_left
Channels: 6
Length: 7
Data:
0 0 0 0 0 3 2 

0 0 0 0 0 0 1 

3 2 0 0 2 2 3 

3 2 0 0 2 2 3 

0 0 0 0 0 0 0 

0 0 0 0 0 0 0 

Detected: scratchout
Channels: 6
Length: 34
Data:
0 0 0 -3 0 4 11 14 0 0 0 0 10 9 0 0 0 0 2 10 2 0 0 -1 3 11 10 0 0 0 0 0 0 0 

0 0 0 0 2 10 10 15 -11 0 0 0 10 0 -8 0 0 0 7 14 -6 0 0 1 12 13 16 -3 -2 0 0 0 1 1 

-1 -2 -2 -3 2 10 14 13 5 -5 -1 6 10 15 -6 -4 -1 3 12 16 1 -5 -3 3 9 14 12 -6 -4 0 0 1 1 2 

-1 -2 -2 -3 2 10 14 13 5 -5 -1 6 10 15 -6 -4 -1 3 12 16 1 -5 -3 3 9 14 12 -6 -4 0 0 1 1 2 

0 0 0 0 0 0 0 0 0 0 0 0 0 0 0 0 0 0 0 0 0 0 0 0 0 0 0 0 0 0 0 0 0 0 

0 0 0 0 0 0 0 0 0 0 0 0 0 0 0 0 0 0 0 0 0 0 0 0 0 0 0 0 0 0 0 0 0 0 

Detected: swipe_up
Channels: 6
Length: 7
Data:
2 2 2 0 0 -1 0 

1 0 -3 -2 0 0 0 

1 2 0 -8 -15 -11 -2 

1 2 0 -8 -15 -11 -2 

0 0 0 0 0 0 0 

0 -2 0 0 0 0 0 

Detected: swipe_left
Channels: 6
Length: 4
Data:
0 0 0 0 

0 0 0 0 

1 2 1 1 

1 2 1 1 

0 0 0 0 

0 0 0 0 

Detected: tap_down
Channels: 6
Length: 25
Data:
-3 0 3 9 6 0 0 0 0 0 6 0 0 0 0 0 7 0 0 0 -1 1 7 2 0 

0 0 6 10 0 -9 -3 0 0 8 8 -8 -3 0 0 6 8 -5 -4 0 1 8 11 6 -5 

-4 3 10 12 9 6 -6 -2 5 6 12 2 -5 0 1 4 8 1 -4 -2 -1 8 16 9 -8 

-4 3 10 12 9 6 -6 -2 5 6 12 2 -5 0 1 4 8 1 -4 -2 -1 8 16 9 -8 

0 0 0 0 0 0 0 0 0 0 0 0 0 0 0 0 0 0 0 0 0 0 0 0 0 

0 0 0 0 0 0 0 0 0 0 0 0 0 0 0 0 0 0 0 0 0 0 0 0 0 

Detected: swipe_left
Channels: 6
Length: 7
Data:
0 -9 0 0 0 -3 -1 

5 4 0 0 0 0 0 

2 -6 0 0 0 0 0 

2 -6 0 0 0 0 0 

0 0 0 0 0 0 0 

0 0 0 0 0 0 0 

Detected: swipe_left
Channels: 6
Length: 14
Data:
0 0 0 0 0 0 0 0 0 0 0 0 0 0 

0 0 0 0 0 0 0 0 0 0 0 0 0 0 

-3 -3 0 0 3 1 0 0 0 0 1 3 0 1 

-3 -3 0 0 3 1 0 0 0 0 1 3 0 1 

0 0 0 0 0 0 0 0 0 0 0 0 0 0 

0 0 0 0 0 0 0 0 0 0 0 0 0 0 

Detected: tap_down
Channels: 6
Length: 27
Data:
0 -1 -1 0 2 8 11 3 0 0 -2 -1 5 0 0 0 -3 5 4 0 0 0 0 4 2 3 0 

0 0 0 2 11 9 0 -9 -4 0 4 5 10 -7 -2 0 6 5 7 -7 -5 0 4 8 6 3 0 

-1 -1 -2 5 8 8 14 2 -6 -1 1 5 9 -8 -2 -2 6 5 11 -7 -6 -5 6 7 3 2 2 

-1 -1 -2 5 8 8 14 2 -6 -1 1 5 9 -8 -2 -2 6 5 11 -7 -6 -5 6 7 3 2 2 

0 0 0 0 0 0 0 0 0 0 0 0 5 0 0 0 0 0 7 0 0 0 0 0 0 3 0 

0 0 0 0 0 0 0 0 0 0 0 0 0 0 0 0 0 0 0 0 0 0 0 0 0 0 0 

Detected: swipe_left
Channels: 6
Length: 9
Data:
-1 0 -1 -4 0 0 0 0 -1 

-2 0 0 6 0 0 0 0 0 

-3 -1 -1 -5 -4 0 0 0 -5 

-3 -1 -1 -5 -4 0 0 0 -5 

0 0 0 0 0 0 0 0 0 

0 0 0 0 0 0 0 0 0 

Detected: swipe_left
Channels: 6
Length: 9
Data:
0 0 0 0 0 0 0 0 0 

0 0 0 0 0 0 0 0 0 

2 2 0 0 2 1 1 1 1 

2 2 0 0 2 1 1 1 1 

0 0 0 0 0 0 0 0 0 

0 0 0 0 0 0 0 0 0 

Detected: tap_down
Channels: 6
Length: 28
Data:
0 0 -1 0 0 4 11 11 0 0 0 -1 7 11 0 0 0 -1 1 13 3 0 0 0 0 0 0 0 

0 -1 0 0 5 9 5 8 -12 -5 3 5 4 12 -10 -3 0 2 8 7 3 -11 0 2 5 5 3 1 

-2 -3 -2 -2 5 9 10 10 4 -7 -1 6 11 12 3 -9 -4 -1 9 15 9 -7 -4 3 5 5 3 0 

-2 -3 -2 -2 5 9 10 10 4 -7 -1 6 11 12 3 -9 -4 -1 9 15 9 -7 -4 3 5 5 3 0 

0 0 0 0 0 0 0 11 0 0 0 0 0 10 0 0 0 0 0 0 0 0 0 0 0 0 0 0 

0 0 0 0 0 0 0 0 0 0 0 0 0 0 0 0 0 0 0 0 0 0 0 0 0 0 1 0 

Detected: tap_up
Channels: 6
Length: 8
Data:
0 1 1 5 4 0 0 -2 

0 0 0 0 -10 -16 0 0 

-1 1 3 4 4 -19 -14 -3 

-1 1 3 4 4 -19 -14 -3 

0 0 0 0 0 0 0 0 

0 0 0 -4 -10 0 0 0 

Detected: swipe_left
Channels: 6
Length: 6
Data:
0 0 0 0 0 0 

0 0 0 0 0 0 

1 2 2 2 0 1 

1 2 2 2 0 1 

0 0 0 0 0 0 

0 0 0 0 0 0 

Detected: scratchout
Channels: 6
Length: 23
Data:
-1 5 9 3 0 0 0 -1 5 8 0 0 0 -2 8 3 0 0 -1 0 4 4 0 

3 11 13 2 0 0 2 7 4 8 -6 -2 1 7 7 0 -8 -3 0 4 6 5 0 

4 11 16 13 -8 -5 -1 6 9 13 1 -2 0 3 9 5 -6 -4 2 5 7 8 4 

4 11 16 13 -8 -5 -1 6 9 13 1 -2 0 3 9 5 -6 -4 2 5 7 8 4 

0 0 0 0 0 0 0 0 0 0 0 0 0 0 0 0 0 0 0 0 0 0 1 

0 0 0 0 0 0 0 0 0 0 0 0 0 0 0 0 0 0 0 0 0 0 0 

Detected: swipe_up
Channels: 6
Length: 8
Data:
4 5 4 0 0 0 0 0 

0 -1 -9 -12 -12 0 0 0 

2 4 1 -10 -14 -11 -5 -5 

2 4 1 -10 -14 -11 -5 -5 

0 0 0 0 0 0 0 0 

0 -2 -5 -9 0 0 0 0 

Detected: swipe_left
Channels: 6
Length: 8
Data:
0 0 0 0 0 0 0 0 

0 0 0 0 0 0 0 0 

1 0 2 3 3 5 4 2 

1 0 2 3 3 5 4 2 

0 0 0 0 0 0 0 0 

0 0 0 0 0 0 0 0 

Detected: swipe_left
Channels: 6
Length: 3
Data:
1 0 0 

0 2 1 

1 1 0 

1 1 0 

0 0 0 

0 0 0 

Detected: swipe_left
Channels: 6
Length: 6
Data:
-1 -2 -2 -1 0 2 

0 0 0 0 0 0 

0 -3 -2 -1 0 0 

0 -3 -2 -1 0 0 

0 0 0 0 0 0 

0 0 0 0 0 0 

Detected: scratchout
Channels: 6
Length: 30
Data:
0 0 0 0 -2 -8 0 8 6 0 0 -5 -5 1 6 1 0 -5 -7 -2 4 6 -1 -3 -5 -2 1 0 0 0 

0 0 0 0 0 0 0 0 -4 0 0 5 2 0 -4 -2 1 7 7 0 -6 -5 0 7 2 0 0 -2 0 0 

0 0 5 7 -3 -5 3 5 5 1 6 7 5 6 3 1 4 8 9 2 7 3 4 9 7 -2 -1 -3 -5 -4 

0 0 5 7 -3 -5 3 5 5 1 6 7 5 6 3 1 4 8 9 2 7 3 4 9 7 -2 -1 -3 -5 -4 

0 0 0 0 0 0 0 0 0 0 0 0 0 0 0 0 0 0 0 0 6 6 0 0 0 0 2 0 0 0 

1 1 0 0 0 0 0 0 0 0 0 0 0 0 0 0 0 0 0 0 0 0 0 0 0 0 0 0 0 0 

Detected: swipe_left
Channels: 6
Length: 6
Data:
0 0 0 0 0 0 

0 0 0 0 0 0 

2 0 0 0 0 -1 

2 0 0 0 0 -1 

0 0 0 0 0 0 

0 0 0 0 0 0 

Detected: x
Channels: 6
Length: 25
Data:
0 0 -1 -3 0 2 5 0 0 0 -7 -8 8 8 -1 -2 -4 -7 0 1 0 0 0 0 0 

0 0 6 4 0 0 -5 0 0 6 13 5 1 1 0 2 10 4 0 -2 0 0 0 0 0 

3 2 7 5 0 7 5 -10 0 8 11 7 7 7 -9 8 9 4 2 3 -1 0 2 -3 -2 

3 2 7 5 0 7 5 -10 0 8 11 7 7 7 -9 8 9 4 2 3 -1 0 2 -3 -2 

0 0 0 0 0 0 0 0 0 0 -5 0 0 6 0 0 -5 0 0 1 0 0 0 0 0 

0 0 0 0 0 0 0 0 0 0 0 0 0 0 0 0 0 0 0 0 0 0 0 0 0 

Detected: swipe_left
Channels: 6
Length: 21
Data:
0 -2 0 0 0 0 -2 0 0 0 0 0 0 0 0 0 0 0 0 0 0 

4 4 0 0 0 0 0 0 0 0 0 0 0 0 0 0 0 0 0 0 0 

2 2 -3 -2 0 0 0 0 0 0 0 1 0 0 3 0 0 1 4 3 1 

2 2 -3 -2 0 0 0 0 0 0 0 1 0 0 3 0 0 1 4 3 1 

0 0 0 0 0 0 0 0 0 0 0 0 0 0 0 0 0 0 0 0 0 

0 0 0 0 0 0 0 0 0 0 0 0 0 0 0 0 0 0 0 0 0 

Detected: tap_down
Channels: 6
Length: 22
Data:
0 0 -6 0 9 9 0 0 -4 -6 0 5 -1 -1 -4 -3 5 4 0 0 0 0 

0 0 0 0 3 1 0 0 9 5 0 -5 0 0 6 5 0 -2 -5 0 2 3 

3 3 -3 0 5 5 -9 -3 9 4 2 7 1 6 9 6 5 4 -6 -5 6 4 

3 3 -3 0 5 5 -9 -3 9 4 2 7 1 6 9 6 5 4 -6 -5 6 4 

0 0 0 0 0 0 0 0 -4 0 0 0 0 0 0 0 0 0 0 0 0 0 

0 0 0 0 0 0 0 0 0 0 0 0 0 0 0 0 0 0 0 0 0 0 

Detected: swipe_left
Channels: 6
Length: 15
Data:
0 1 2 -4 0 -5 0 0 0 0 2 3 2 -1 -1 

0 2 2 3 0 0 0 0 0 1 2 4 3 -1 -1 

2 4 12 7 3 0 -1 0 0 4 5 7 4 2 -4 

2 4 12 7 3 0 -1 0 0 4 5 7 4 2 -4 

0 0 0 -4 0 0 0 0 0 0 3 4 0 0 0 

0 0 0 0 0 0 0 0 0 0 0 3 1 0 0 

Detected: swipe_left
Channels: 6
Length: 5
Data:
0 0 0 0 0 

0 0 0 0 0 

1 0 0 0 1 

1 0 0 0 1 

0 0 0 0 0 

0 0 0 0 0 

Detected: scratchout
Channels: 6
Length: 28
Data:
0 0 0 -5 -3 9 12 8 0 0 -1 -6 -4 10 9 0 1 -3 -4 -5 9 2 0 0 -1 -2 -2 0 

0 0 0 0 0 0 0 -5 0 3 8 9 2 1 -3 0 3 0 5 4 -5 -4 0 2 3 3 2 1 

2 4 2 -2 -3 1 11 8 -9 -1 9 9 4 8 6 -11 5 9 8 6 7 5 -6 3 2 2 1 0 

2 4 2 -2 -3 1 11 8 -9 -1 9 9 4 8 6 -11 5 9 8 6 7 5 -6 3 2 2 1 0 

0 0 0 0 0 0 0 0 0 0 0 -4 0 0 0 0 0 0 -2 0 0 0 0 0 0 0 0 0 

0 0 0 0 0 0 0 0 0 0 0 0 0 0 0 0 0 0 0 0 0 0 0 0 0 0 0 0 

Detected: swipe_left
Channels: 6
Length: 20
Data:
0 -2 -1 -1 2 2 0 0 0 0 0 0 0 0 0 -1 0 0 0 0 

0 -2 -2 3 2 2 0 0 0 0 0 0 0 0 0 1 0 0 0 0 

-1 -1 -1 -2 -2 4 2 4 0 0 0 2 -6 -7 -5 -3 -2 -2 -1 -1 

-1 -1 -1 -2 -2 4 2 4 0 0 0 2 -6 -7 -5 -3 -2 -2 -1 -1 

0 0 0 0 0 -1 0 0 0 0 0 0 0 0 0 0 0 0 0 0 

0 0 0 0 0 0 0 0 0 0 0 0 0 0 0 0 0 0 0 0 

Detected: scratchout
Channels: 6
Length: 26
Data:
0 -5 -7 -5 8 8 0 0 -4 -6 -5 7 7 0 0 -3 -5 -2 0 2 0 0 0 0 0 0 

5 9 7 0 -3 -8 -4 0 7 6 4 -4 -3 0 1 7 6 0 0 0 -3 -3 0 1 1 1 

3 8 8 -2 -5 -11 -12 6 9 7 1 6 3 -9 6 8 7 1 0 2 2 -2 -1 0 0 0 

3 8 8 -2 -5 -11 -12 6 9 7 1 6 3 -9 6 8 7 1 0 2 2 -2 -1 0 0 0 

0 0 -5 0 0 3 0 0 0 0 0 0 0 0 0 0 0 0 0 0 0 0 0 0 0 0 

0 0 0 0 0 0 0 0 0 0 0 0 0 0 0 0 0 0 0 0 0 0 0 0 0 0 

Detected: tap_down
Channels: 6
Length: 22
Data:
0 -2 -3 1 4 7 4 0 0 0 0 0 0 0 0 0 0 0 0 0 0 0 

0 0 0 0 0 0 -7 -11 0 0 0 0 0 0 0 0 0 0 3 2 1 0 

0 -1 0 1 7 8 6 -18 -13 -8 -1 -1 0 0 1 1 3 3 3 3 1 1 

0 -1 0 1 7 8 6 -18 -13 -8 -1 -1 0 0 1 1 3 3 3 3 1 1 

-1 0 0 0 1 0 0 0 0 0 0 0 0 0 0 0 0 0 0 0 0 0 

0 0 0 0 0 -4 0 0 0 0 0 0 0 0 0 0 0 0 0 0 0 0 

Detected: tap_down
Channels: 6
Length: 18
Data:
0 0 0 -9 -4 10 7 0 0 -3 -5 -1 -1 1 0 -1 -2 0 

0 0 10 7 0 -4 -7 0 0 7 6 0 -6 -3 0 4 3 2 

2 8 10 9 1 8 5 1 7 9 7 7 7 -9 1 5 6 3 

2 8 10 9 1 8 5 1 7 9 7 7 7 -9 1 5 6 3 

0 0 0 0 0 2 5 0 0 -4 -3 0 5 0 0 0 0 0 

0 0 0 0 0 0 0 0 0 0 0 0 0 0 0 0 0 0 

Detected: swipe_right
Channels: 6
Length: 26
Data:
-2 -7 -1 3 9 9 0 0 -5 -4 10 10 1 0 -2 -3 -1 0 4 0 0 -3 -3 -2 0 1 

2 3 0 0 -3 -2 -1 4 8 4 3 3 -5 0 4 10 7 0 -6 -6 0 6 4 1 0 -1 

0 -1 0 0 8 7 2 6 9 6 8 8 2 3 7 8 7 2 5 -7 -3 -2 -2 0 0 -1 

0 -1 0 0 8 7 2 6 9 6 8 8 2 3 7 8 7 2 5 -7 -3 -2 -2 0 0 -1 

-1 0 0 0 0 6 0 0 -3 0 0 6 0 0 0 -5 -3 0 5 0 0 -4 -4 0 0 1 

0 0 0 0 0 0 0 0 0 0 0 0 0 0 0 0 0 0 0 0 0 0 0 0 0 0 

Detected: tap_back
Channels: 6
Length: 23
Data:
-2 -2 2 8 7 2 0 -1 -5 -9 7 10 2 0 -6 -10 -8 5 10 0 -2 -2 -1 

0 0 0 -1 -7 -8 -2 3 10 8 0 -8 -4 0 10 9 3 -1 -8 0 4 3 1 

-2 0 2 6 7 4 -7 -1 -1 -4 -2 -8 -11 -2 -3 -6 -6 -6 -10 -6 -3 -2 3 

-2 0 2 6 7 4 -7 -1 -1 -4 -2 -8 -11 -2 -3 -6 -6 -6 -10 -6 -3 -2 3 

-1 0 0 0 0 0 0 0 0 -4 0 0 0 0 0 -5 0 0 0 0 0 -1 0 

0 0 0 0 0 0 0 0 0 0 0 0 0 0 0 0 0 0 0 0 0 0 0 

Detected: swipe_left
Channels: 6
Length: 21
Data:
-2 -3 -1 4 2 0 -1 -4 -5 -1 7 0 0 -2 -4 -2 4 3 0 -1 -2 

0 0 0 -4 -7 -2 5 7 5 -2 -6 0 0 8 5 2 -4 -5 2 3 0 

0 -1 0 4 4 2 5 7 5 4 4 2 3 6 5 4 4 3 2 4 2 

0 -1 0 4 4 2 5 7 5 4 4 2 3 6 5 4 4 3 2 4 2 

0 0 0 0 0 0 0 0 -2 0 0 0 0 0 -4 0 4 0 0 -2 -1 

0 0 0 0 0 0 0 0 0 0 0 0 0 0 0 0 0 0 0 0 0 

Detected: swipe_left
Channels: 6
Length: 19
Data:
6 5 0 0 -8 -8 9 10 2 -1 -3 -3 -1 -1 0 0 0 0 0 

-2 -6 0 3 7 4 1 -8 -1 3 6 0 -2 -2 2 3 2 0 0 

-3 -4 -7 -3 -5 -4 -3 -8 -7 2 5 3 3 3 2 3 3 0 1 

-3 -4 -7 -3 -5 -4 -3 -8 -7 2 5 3 3 3 2 3 3 0 1 

2 0 0 0 0 0 0 5 0 0 -3 0 0 0 0 -1 -1 0 0 

0 0 0 0 0 0 0 0 0 0 0 0 0 0 0 0 0 0 0 

Detected: swipe_left
Channels: 6
Length: 20
Data:
-4 -2 2 9 0 -1 -3 -1 7 3 0 -3 -6 1 7 0 -3 -4 1 1 

-2 0 -1 -5 0 3 5 4 4 3 0 2 3 0 -2 1 5 -2 0 0 

-2 -1 1 4 -3 1 6 3 5 4 0 3 3 2 6 1 3 -4 2 0 

-2 -1 1 4 -3 1 6 3 5 4 0 3 3 2 6 1 3 -4 2 0 

0 0 0 7 0 0 -3 -2 6 3 0 -3 -4 0 5 0 -4 -4 1 1 

0 0 0 0 0 0 0 0 0 0 0 0 0 0 0 0 0 0 0 0 

Detected: swipe_left
Channels: 6
Length: 26
Data:
0 -5 -3 0 2 4 0 0 -1 -5 0 4 2 0 0 -1 1 4 1 0 0 -1 -2 -1 0 0 

0 0 0 0 0 0 0 0 7 4 -1 -1 0 0 0 0 0 -4 -2 0 0 3 2 0 0 0 

-1 -1 0 0 4 3 2 2 4 4 1 1 -3 -1 5 4 -1 -2 -3 -1 1 2 0 0 1 1 

-1 -1 0 0 4 3 2 2 4 4 1 1 -3 -1 5 4 -1 -2 -3 -1 1 2 0 0 1 1 

0 0 0 0 0 0 0 0 0 0 0 0 0 0 0 0 0 0 0 0 0 0 0 0 0 0 

0 0 0 0 0 0 0 0 0 0 0 0 0 0 0 0 0 0 0 0 0 0 0 0 0 0 

Detected: scratchout
Channels: 6
Length: 27
Data:
1 5 6 4 0 0 -6 -8 0 0 5 0 0 0 -8 -6 2 5 5 0 0 0 0 -2 -6 -5 -1 

0 0 -5 -7 0 0 9 4 0 -2 -4 0 0 6 6 3 0 -4 -5 0 0 0 6 10 8 2 0 

2 3 5 2 -1 7 9 7 0 2 3 -2 3 6 8 -2 3 4 4 -13 -6 1 7 9 7 3 0 

2 3 5 2 -1 7 9 7 0 2 3 -2 3 6 8 -2 3 4 4 -13 -6 1 7 9 7 3 0 

0 0 0 0 0 0 0 0 0 0 0 0 0 0 0 0 0 0 0 0 0 0 0 0 -5 0 0 

0 0 0 0 0 0 0 0 0 0 0 0 0 0 0 0 0 0 0 0 0 0 0 0 0 0 0 

Detected: swipe_left
Channels: 6
Length: 20
Data:
0 0 0 2 2 0 0 0 0 0 0 0 0 0 0 0 -4 -5 -1 0 

-1 -2 -1 2 6 -2 0 6 0 0 0 0 -1 -2 2 0 4 4 1 0 

0 -1 -3 -3 -3 -3 10 6 1 0 0 0 -3 -3 -1 -6 -7 -6 -2 -1 

0 -1 -3 -3 -3 -3 10 6 1 0 0 0 -3 -3 -1 -6 -7 -6 -2 -1 

0 0 0 0 0 -5 0 0 0 0 0 0 0 0 3 2 2 1 0 0 

0 0 0 0 0 -1 0 0 0 0 0 0 0 0 0 1 1 -2 1 0 

Detected: swipe_left
Channels: 6
Length: 9
Data:
0 0 0 0 0 0 0 0 0 

0 0 0 0 0 0 0 0 0 

-3 0 -4 -3 -1 0 0 0 1 

-3 0 -4 -3 -1 0 0 0 1 

0 0 0 0 0 0 0 0 0 

0 0 0 0 0 0 0 0 0 

Detected: swipe_left
Channels: 6
Length: 22
Data:
0 -2 -4 -2 7 9 4 0 -2 -4 -2 7 5 0 -4 -5 -5 2 4 1 0 0 

0 3 3 1 0 -4 -1 0 7 6 1 -3 -3 0 6 7 1 0 -3 0 0 0 

1 2 1 2 4 7 5 5 8 7 2 5 2 2 7 8 4 2 -4 -3 0 1 

1 2 1 2 4 7 5 5 8 7 2 5 2 2 7 8 4 2 -4 -3 0 1 

0 -3 0 0 0 0 5 0 -3 0 0 0 0 0 0 -4 0 0 3 1 0 0 

0 0 0 0 0 1 0 0 0 0 0 0 0 0 0 0 0 0 0 0 0 0 

Detected: tap_down
Channels: 6
Length: 26
Data:
0 -4 -4 -3 5 5 4 0 0 0 -5 -5 -3 5 5 0 0 -3 -5 0 3 2 0 0 0 0 

1 3 2 0 0 -2 -7 -3 0 0 8 5 -1 -4 -9 0 0 9 9 0 -6 -7 0 0 1 1 

2 3 2 -2 0 5 4 -8 -2 -2 -3 -2 -2 -6 -7 -8 3 10 7 3 4 -9 -7 3 5 2 

2 3 2 -2 0 5 4 -8 -2 -2 -3 -2 -2 -6 -7 -8 3 10 7 3 4 -9 -7 3 5 2 

0 -3 0 0 0 0 0 0 0 0 0 0 0 0 0 0 0 0 0 0 0 0 0 0 0 0 

0 -2 0 0 0 0 0 0 0 0 0 0 0 0 0 0 0 0 0 0 0 0 0 0 0 0 

Detected: swipe_right
Channels: 6
Length: 21
Data:
-4 -5 -4 4 6 6 2 0 -3 -4 2 1 1 0 -1 -2 0 2 1 0 0 

0 0 0 0 -4 -6 0 0 5 8 0 -8 0 0 0 7 0 -1 0 0 1 

-2 -4 -3 2 4 4 3 3 6 5 1 2 -4 2 7 6 0 0 1 0 1 

-2 -4 -3 2 4 4 3 3 6 5 1 2 -4 2 7 6 0 0 1 0 1 

0 0 0 0 0 0 0 0 0 0 0 0 0 0 0 0 0 0 0 0 0 

0 0 0 0 0 0 0 0 0 0 0 0 0 0 0 0 0 0 0 0 0 

Detected: tap_up
Channels: 6
Length: 10
Data:
-1 0 0 4 6 4 0 0 -1 0 

0 0 0 0 -1 0 -3 0 0 0 

0 1 2 4 4 1 -15 -12 -7 -4 

0 1 2 4 4 1 -15 -12 -7 -4 

0 0 0 0 0 0 0 0 0 0 

0 0 0 0 0 -10 0 0 0 0 

Detected: swipe_left
Channels: 6
Length: 8
Data:
0 0 0 0 0 0 0 0 

0 0 0 0 3 2 0 1 

2 2 2 2 2 2 1 0 

2 2 2 2 2 2 1 0 

0 0 0 0 0 0 0 0 

0 0 0 0 0 0 0 0 

Detected: swipe_left
Channels: 6
Length: 5
Data:
0 0 0 0 0 

0 0 0 0 0 

2 1 0 0 2 

2 1 0 0 2 

0 0 0 0 0 

0 0 0 0 0 

Keypress: A

Detected: swipe_front
Channels: 6
Length: 10
Data:
0 0 3 3 2 1 1 0 0 0 

0 0 -1 3 2 1 0 4 3 0 

1 2 5 6 6 9 8 5 2 1 

1 2 5 6 6 9 8 5 2 1 

0 0 0 0 0 -2 0 0 0 0 

0 0 0 1 1 0 0 0 0 0 

Detected: swipe_left
Channels: 6
Length: 10
Data:
0 0 0 0 -2 -3 -1 -1 0 0 

0 0 0 0 0 0 0 0 0 0 

-1 -1 0 -3 -3 -4 -3 -2 -2 1 

-1 -1 0 -3 -3 -4 -3 -2 -2 1 

0 0 0 0 0 2 1 0 0 0 

0 0 0 0 0 0 0 0 0 0 

Keypress: A

Keypress: A

Detected: swipe_left
Channels: 6
Length: 6
Data:
0 0 0 0 0 0 

-2 -2 -3 0 0 0 

1 4 3 1 2 -1 

1 4 3 1 2 -1 

0 0 0 0 0 0 

0 0 0 0 0 0 

Detected: swipe_left
Channels: 6
Length: 4
Data:
0 0 0 0 

0 0 0 1 

1 1 1 -2 

1 1 1 -2 

0 0 0 0 

0 0 0 0 

Keypress: A

Detected: swipe_left
Channels: 6
Length: 10
Data:
1 2 2 0 0 0 0 0 0 0 

0 0 -1 0 0 0 -3 -1 0 0 

0 2 3 4 0 0 -2 -3 -2 -1 

0 2 3 4 0 0 -2 -3 -2 -1 

0 0 0 0 0 0 0 0 0 0 

0 0 -2 0 0 0 0 0 0 0 

Detected: swipe_left
Channels: 6
Length: 6
Data:
0 0 0 0 -1 0 

0 0 0 0 0 0 

1 0 0 0 0 1 

1 0 0 0 0 1 

0 0 0 0 0 0 

0 0 0 0 0 0 

Keypress: A

Detected: swipe_left
Channels: 6
Length: 7
Data:
0 0 -5 -4 -7 -4 0 

0 4 7 2 0 0 0 

4 6 7 1 -3 0 -2 

4 6 7 1 -3 0 -2 

0 0 -3 0 0 0 0 

0 0 0 0 0 0 0 

Keypress: A

Detected: swipe_left
Channels: 6
Length: 8
Data:
0 0 1 1 1 0 1 0 

0 0 0 0 0 0 0 0 

1 0 0 0 2 0 0 2 

1 0 0 0 2 0 0 2 

0 0 0 0 0 0 0 0 

0 0 0 0 0 0 0 0 

Keypress: A

Detected: swipe_left
Channels: 6
Length: 7
Data:
0 0 -1 -5 0 0 0 

1 1 2 4 0 0 0 

1 2 2 3 0 0 -2 

1 2 2 3 0 0 -2 

0 -1 0 0 0 0 0 

0 0 0 0 0 0 0 

Detected: swipe_left
Channels: 6
Length: 9
Data:
0 0 2 0 0 0 0 0 0 

0 0 0 0 0 0 0 0 0 

1 0 0 0 0 0 1 0 1 

1 0 0 0 0 0 1 0 1 

0 0 0 0 0 0 0 0 0 

0 0 0 0 0 0 0 0 0 

Keypress: A

Detected: swipe_left
Channels: 6
Length: 7
Data:
2 1 0 0 0 0 0 

0 0 -3 -2 -2 0 0 

0 3 4 2 1 -1 -1 

0 3 4 2 1 -1 -1 

0 0 0 0 0 0 0 

0 0 0 0 0 0 0 

Detected: swipe_left
Channels: 6
Length: 8
Data:
0 0 0 0 0 0 0 0 

0 0 0 0 1 1 0 1 

1 0 -2 0 -2 -1 0 0 

1 0 -2 0 -2 -1 0 0 

0 0 0 0 0 0 0 0 

0 0 0 0 0 0 0 0 

Detected: tap_up
Channels: 6
Length: 11
Data:
0 0 -1 -8 -8 -13 0 -6 -3 -2 -1 

0 0 6 6 4 0 0 -1 0 0 0 

4 4 6 4 -5 -10 -9 -5 -4 -3 -2 

4 4 6 4 -5 -10 -9 -5 -4 -3 -2 

0 0 -1 0 0 0 0 0 0 0 0 

0 0 0 0 0 0 0 0 0 0 0 

Detected: horizontal_circle
Channels: 6
Length: 21
Data:
0 0 5 3 1 0 0 0 0 0 -3 -5 -10 0 -2 -1 -6 -2 0 0 13 

0 0 0 0 -3 -1 0 0 2 2 6 5 5 0 0 0 0 0 0 0 0 

4 1 6 6 2 0 0 0 3 7 8 7 2 0 0 0 -1 -1 0 0 0 

4 1 6 6 2 0 0 0 3 7 8 7 2 0 0 0 -1 -1 0 0 0 

0 0 6 0 0 0 0 0 0 0 0 0 0 0 0 0 0 0 0 0 0 

0 0 0 0 0 0 0 0 0 0 0 0 0 0 0 0 0 0 0 0 0 

Detected: tap_down
Channels: 6
Length: 13
Data:
1 2 0 6 7 10 14 15 8 0 -2 0 0 

0 0 0 2 3 0 0 2 -9 0 -6 0 0 

2 2 3 5 8 9 13 16 9 -9 -9 -4 -1 

2 2 3 5 8 9 13 16 9 -9 -9 -4 -1 

0 0 0 0 0 0 0 0 0 0 0 0 0 

0 0 0 0 0 0 0 0 -4 0 0 0 0 

Detected: swipe_left
Channels: 6
Length: 5
Data:
0 0 -1 -2 -2 

3 2 2 3 1 

2 1 1 1 0 

2 1 1 1 0 

0 0 0 -1 0 

0 0 0 0 0 

Detected: horizontal_circle
Channels: 6
Length: 13
Data:
0 0 0 0 -8 -3 6 6 0 0 0 0 0 

0 0 0 0 4 0 -2 -6 -4 0 2 2 1 

-4 -1 0 0 7 3 5 6 -7 -3 3 2 0 

-4 -1 0 0 7 3 5 6 -7 -3 3 2 0 

0 0 0 0 0 0 0 5 0 0 0 0 0 

0 0 0 0 0 0 0 0 0 0 0 0 0 

Detected: swipe_left
Channels: 6
Length: 5
Data:
0 3 3 0 0 

0 0 0 0 -1 

1 3 2 3 3 

1 3 2 3 3 

0 0 0 0 0 

0 0 -3 0 0 

Detected: swipe_left
Channels: 6
Length: 6
Data:
0 0 0 0 0 0 

1 0 1 1 1 2 

0 0 0 -2 -2 -2 

0 0 0 -2 -2 -2 

0 0 0 0 0 0 

0 0 0 0 0 0 

Detected: swipe_left
Channels: 6
Length: 6
Data:
0 0 -3 0 0 0 

1 5 5 2 0 0 

2 5 2 0 0 -3 

2 5 2 0 0 -3 

0 0 0 0 0 0 

0 0 0 0 0 0 

Detected: swipe_down
Channels: 6
Length: 8
Data:
1 2 3 4 3 0 0 0 

0 1 2 4 2 0 0 1 

4 6 6 6 10 9 5 3 

4 6 6 6 10 9 5 3 

0 0 0 0 0 0 0 0 

0 0 0 0 0 0 0 0 

Detected: swipe_up
Channels: 6
Length: 9
Data:
0 0 0 -2 0 -1 0 0 0 

0 0 0 0 -2 -1 0 0 0 

-4 -4 -2 -6 -5 -3 -2 -2 -1 

-4 -4 -2 -6 -5 -3 -2 -2 -1 

0 0 0 0 1 0 0 0 0 

0 0 0 0 0 0 0 0 0 

Keypress: A

Detected: swipe_front
Channels: 6
Length: 8
Data:
0 2 0 4 0 0 0 0 

0 1 3 3 0 0 0 0 

3 6 6 5 4 6 4 1 

3 6 6 5 4 6 4 1 

0 0 0 0 0 0 0 0 

0 0 0 0 0 0 0 0 

Detected: swipe_left
Channels: 6
Length: 9
Data:
0 0 0 0 -1 -2 -2 -2 0 

0 0 0 0 0 -1 0 0 0 

-1 -3 0 -1 -3 -5 -3 -3 -2 

-1 -3 0 -1 -3 -5 -3 -3 -2 

0 0 0 1 0 0 0 0 0 

0 0 0 0 0 0 0 0 0 

