Started MediaCenter at 1:48:40 PM
Keypress: M

Keypress: M

Keypress: M

Detected: swipe_front
Channels: 6
Length: 5
Data:
0 0 0 0 0 

0 0 0 0 0 

-3 -3 -2 -3 -1 

-3 -3 -2 -3 -1 

0 0 0 0 0 

0 0 0 0 0 

Detected: swipe_front
Channels: 6
Length: 11
Data:
0 0 0 0 0 0 0 0 0 0 0 

0 0 0 0 0 0 0 0 0 0 0 

3 3 3 3 3 4 4 0 0 0 -3 

3 3 3 3 3 4 4 0 0 0 -3 

0 0 0 0 0 0 0 0 0 0 0 

0 0 0 0 0 0 0 0 0 0 0 

Detected: swipe_back
Channels: 6
Length: 6
Data:
-3 -4 -2 -4 -2 -1 

0 0 0 -2 -1 0 

-7 -6 -1 -5 -3 -1 

-7 -6 -1 -5 -3 -1 

0 0 0 0 0 0 

0 0 0 0 0 0 

Detected: swipe_down
Channels: 6
Length: 8
Data:
2 10 12 12 12 12 5 0 

0 0 11 15 14 10 0 0 

3 2 16 17 17 13 7 2 

3 2 16 17 17 13 7 2 

0 0 0 0 0 0 1 1 

0 0 0 0 0 1 0 0 

Detected: swipe_back
Channels: 6
Length: 8
Data:
0 0 0 0 -2 -2 0 0 

-1 -1 0 0 0 -1 0 0 

-1 -2 -1 -3 -8 -7 -5 -1 

-1 -2 -1 -3 -8 -7 -5 -1 

0 0 0 0 0 0 0 0 

0 -1 0 0 0 0 0 0 

Detected: tap_up
Channels: 6
Length: 21
Data:
0 0 -1 -6 -8 -4 0 0 15 14 13 7 0 0 -13 -10 -15 -14 -12 -8 -3 

0 0 0 0 0 0 0 0 0 18 13 2 1 0 0 -4 -7 -12 0 0 0 

-2 -1 -3 -2 -3 0 0 1 19 20 17 9 5 0 -13 -17 -17 -17 -12 -8 0 

-2 -1 -3 -2 -3 0 0 1 19 20 17 9 5 0 -13 -17 -17 -17 -12 -8 0 

0 0 0 0 0 0 0 0 0 0 5 3 0 0 0 0 0 0 0 0 0 

0 0 0 0 0 0 0 0 0 0 0 0 0 0 0 0 0 0 0 0 0 

Detected: swipe_back
Channels: 6
Length: 3
Data:
0 -4 -11 

1 0 1 

0 0 -2 

0 0 -2 

0 0 0 

0 0 0 

Keypress: M

Keypress: P

Keypress: P

Keypress: M

Keypress: M

Keypress: M

Keypress: M

Keypress: M

Keypress: M

Detected: swipe_front
Channels: 6
Length: 3
Data:
-1 0 0 

0 0 1 

0 0 2 

0 0 2 

0 0 0 

0 0 -2 

Detected: swipe_right
Channels: 6
Length: 17
Data:
-3 0 0 2 0 12 0 0 0 0 -2 -6 0 -8 -8 -5 -3 

0 0 0 0 9 10 12 7 0 0 0 0 0 -9 0 0 0 

0 0 0 0 9 17 17 9 2 0 0 -6 -15 -14 0 0 -1 

0 0 0 0 9 17 17 9 2 0 0 -6 -15 -14 0 0 -1 

0 0 0 0 0 0 0 0 0 0 0 0 0 0 0 0 0 

0 0 0 0 0 0 0 1 0 0 0 -1 0 0 0 0 0 

Detected: tap_up
Channels: 6
Length: 19
Data:
-1 -4 -3 0 3 13 16 16 0 2 0 -4 -6 -10 -12 -11 -9 -4 -1 

0 0 0 0 0 0 16 15 0 0 0 0 -7 -8 -8 -8 -1 0 0 

0 0 0 0 0 20 20 19 10 3 0 -9 -11 -11 -14 -13 -9 -2 0 

0 0 0 0 0 20 20 19 10 3 0 -9 -11 -11 -14 -13 -9 -2 0 

0 0 0 0 0 0 0 0 0 0 0 0 0 0 0 0 0 0 0 

0 0 0 0 0 0 0 0 0 0 0 0 0 0 0 0 0 0 0 

Detected: swipe_back
Channels: 6
Length: 8
Data:
1 1 0 -6 -8 -7 0 -2 

0 0 0 7 3 0 0 0 

2 3 2 3 0 0 0 0 

2 3 2 3 0 0 0 0 

0 0 0 0 0 0 0 0 

0 0 0 0 0 0 0 0 

Detected: x
Channels: 6
Length: 25
Data:
0 3 0 11 12 1 0 -8 -11 -6 6 7 4 0 -3 -6 -9 3 5 2 0 0 -5 -4 -2 

0 0 2 2 -4 -8 5 0 7 2 -2 -3 -7 2 9 8 4 -2 -6 -7 -1 8 7 3 0 

1 0 0 8 9 2 3 8 9 -4 -3 -6 -6 -3 6 10 -2 -3 -5 -8 -4 7 8 2 0 

1 0 0 8 9 2 3 8 9 -4 -3 -6 -6 -3 6 10 -2 -3 -5 -8 -4 7 8 2 0 

0 0 0 0 0 0 0 0 0 0 0 0 7 0 0 -5 0 0 0 7 0 0 -6 0 0 

0 0 0 0 0 0 0 0 0 0 0 0 0 0 0 0 0 0 0 0 0 0 2 0 0 

Detected: swipe_front
Channels: 6
Length: 9
Data:
0 3 5 7 2 0 -4 -4 -2 

0 0 0 0 0 0 0 -4 0 

1 2 3 5 4 -13 -8 -6 -3 

1 2 3 5 4 -13 -8 -6 -3 

0 0 0 0 0 0 0 0 0 

0 0 0 0 0 0 0 0 0 

Detected: x
Channels: 6
Length: 34
Data:
0 0 0 0 0 0 0 1 2 4 4 1 0 1 0 -7 -6 0 6 5 3 0 0 -5 -6 -1 3 2 0 0 0 -3 -3 -2 

1 0 0 0 1 1 0 3 2 0 -2 -7 -3 1 8 10 1 0 -1 -6 -5 -1 6 9 5 0 -2 -5 -6 -3 6 9 7 2 

1 4 5 5 1 2 3 3 3 3 3 2 -2 4 7 7 1 0 3 6 -5 -1 4 9 5 0 2 3 -3 -1 4 7 7 0 

1 4 5 5 1 2 3 3 3 3 3 2 -2 4 7 7 1 0 3 6 -5 -1 4 9 5 0 2 3 -3 -1 4 7 7 0 

0 0 0 0 0 0 0 -1 0 0 0 0 0 0 0 0 0 0 0 7 0 0 0 -6 0 0 0 0 0 0 0 -5 -5 0 

0 0 0 0 0 0 0 0 0 0 0 0 0 0 0 0 0 0 0 -1 0 0 0 0 0 0 0 0 0 0 0 2 0 0 

Detected: swipe_front
Channels: 6
Length: 7
Data:
0 0 0 0 -3 -4 -16 

0 0 0 2 6 6 0 

0 0 0 3 5 2 -4 

0 0 0 3 5 2 -4 

1 0 0 0 -5 -5 0 

0 0 0 0 0 0 0 

Detected: tap_up
Channels: 6
Length: 20
Data:
-6 -6 -4 0 0 7 15 16 15 11 0 -1 -7 -9 -11 -14 -14 -12 -6 -3 

-7 0 0 0 0 0 0 15 16 9 0 0 0 -8 -10 -12 0 -9 -1 0 

-7 -8 0 0 1 8 0 20 20 15 7 1 -5 -12 -16 -17 -14 -11 -4 0 

-7 -8 0 0 1 8 0 20 20 15 7 1 -5 -12 -16 -17 -14 -11 -4 0 

0 0 0 0 0 0 0 0 0 0 0 0 0 0 0 0 0 0 0 0 

0 0 0 0 0 0 0 0 0 0 0 0 0 0 0 0 0 0 0 0 

Detected: swipe_front
Channels: 6
Length: 7
Data:
1 0 3 0 -10 -6 -4 

0 0 5 11 10 0 0 

1 0 7 7 4 -6 0 

1 0 7 7 4 -6 0 

0 0 0 0 0 0 0 

0 0 0 0 0 0 0 

Detected: tap_down
Channels: 6
Length: 21
Data:
0 2 4 0 0 0 0 -5 -5 -15 -16 -14 -6 -2 0 4 0 13 12 7 2 

0 0 5 5 2 0 0 -1 -6 -9 -12 0 0 0 0 0 0 15 14 9 3 

1 3 6 6 3 0 0 -6 -12 -18 -20 -14 0 0 0 8 18 20 19 9 3 

1 3 6 6 3 0 0 -6 -12 -18 -20 -14 0 0 0 8 18 20 19 9 3 

0 0 0 0 0 0 0 -1 0 0 0 0 0 0 0 0 0 0 0 2 0 

0 0 0 0 0 0 0 0 0 0 0 0 0 0 0 0 0 0 0 0 0 

Detected: swipe_front
Channels: 6
Length: 12
Data:
0 0 0 0 0 0 0 7 4 0 0 0 

0 0 0 0 0 0 6 8 5 2 0 0 

-1 -3 0 -2 0 3 8 10 8 3 -2 -1 

-1 -3 0 -2 0 3 8 10 8 3 -2 -1 

0 0 0 0 0 0 0 0 0 0 0 0 

0 0 0 0 0 0 0 0 0 0 0 0 

