Started MediaCenter at 1:50:44 PM
Detected: swipe_left
Channels: 6
Length: 16
Data:
2 0 7 18 16 0 1 0 0 -7 -10 -10 -12 -11 -6 -2 

0 0 7 16 15 14 3 0 0 -2 -8 -9 -10 -9 0 0 

1 0 5 0 13 17 8 0 -5 -11 -11 -14 -15 -13 0 0 

1 0 5 0 13 17 8 0 -5 -11 -11 -14 -15 -13 0 0 

0 0 0 0 0 0 0 0 0 0 0 0 0 0 0 0 

0 0 0 0 0 0 0 0 0 0 0 0 0 0 0 0 

Detected: swipe_left
Channels: 6
Length: 16
Data:
3 0 16 14 9 3 0 0 -1 -5 -7 -9 -10 -9 -5 -1 

0 0 14 16 9 3 1 0 -1 -4 -7 -7 -10 -7 0 0 

0 0 20 20 16 12 5 0 -4 -9 -11 -14 -14 -11 -7 -1 

0 0 20 20 16 12 5 0 -4 -9 -11 -14 -14 -11 -7 -1 

0 0 0 0 0 0 0 0 0 0 0 0 0 0 0 0 

0 0 0 0 0 0 0 0 0 0 0 0 0 0 0 0 

Detected: swipe_left
Channels: 6
Length: 15
Data:
5 7 17 18 10 6 0 0 0 -7 -10 -14 -15 -11 -7 

0 0 0 17 13 5 2 0 0 -5 -8 -11 -12 0 0 

0 0 17 20 19 12 5 1 -4 -10 -15 -18 -15 -15 0 

0 0 17 20 19 12 5 1 -4 -10 -15 -18 -15 -15 0 

0 0 0 0 0 0 0 0 0 0 0 0 0 0 0 

0 0 0 0 0 0 0 0 0 -1 0 0 0 0 0 

Detected: scratchout
Channels: 6
Length: 26
Data:
4 0 0 0 0 0 5 0 0 0 -11 -15 -16 -14 -6 -3 0 0 7 11 10 9 7 3 1 0 

0 0 0 0 9 8 0 1 0 -2 -8 -14 -9 -4 0 0 0 0 0 0 10 9 6 4 3 0 

0 9 0 0 14 13 11 1 0 -11 -14 -18 -19 -15 0 0 0 0 0 11 14 12 8 7 2 1 

0 9 0 0 14 13 11 1 0 -11 -14 -18 -19 -15 0 0 0 0 0 11 14 12 8 7 2 1 

0 0 0 0 0 0 0 0 0 0 0 0 0 0 0 0 0 0 0 0 0 0 0 0 0 0 

0 0 0 0 0 0 0 0 0 0 0 0 0 0 0 0 0 0 0 0 0 0 0 0 0 0 

Detected: swipe_back
Channels: 6
Length: 4
Data:
0 0 0 0 

0 0 0 0 

-1 -2 0 -1 

-1 -2 0 -1 

0 0 0 0 

0 0 0 0 

Detected: swipe_front
Channels: 6
Length: 12
Data:
0 0 0 0 1 1 0 0 0 0 0 0 

0 0 0 0 0 0 0 0 0 0 2 1 

1 1 1 2 2 2 1 0 1 1 1 1 

1 1 1 2 2 2 1 0 1 1 1 1 

0 0 0 0 0 0 0 0 0 0 0 0 

0 0 0 0 0 0 0 0 0 0 0 0 

Detected: swipe_left
Channels: 6
Length: 15
Data:
6 14 12 12 8 0 0 -1 -7 -8 -15 -15 -5 -3 -1 

0 0 14 11 6 0 0 0 -2 -10 -10 -4 0 0 0 

0 0 19 15 15 2 0 -6 -13 -18 -19 -16 -6 -1 0 

0 0 19 15 15 2 0 -6 -13 -18 -19 -16 -6 -1 0 

0 0 0 0 0 0 0 0 0 0 0 0 0 0 0 

0 0 0 0 0 0 0 0 0 0 0 0 0 0 0 

