Started MediaCenter at 4:18:39 PM
Keypress: M

Keypress: M

Detected: tap_down
Channels: 6
Length: 14
Data:
-5 0 0 0 0 4 18 0 0 0 0 0 -13 0 

0 0 0 0 0 0 0 0 0 0 0 0 0 0 

-3 0 -1 0 3 0 16 0 0 -1 8 0 -9 -2 

-3 0 -1 0 3 0 16 0 0 -1 8 0 -9 -2 

0 0 0 0 0 0 0 0 0 0 0 0 0 0 

0 0 0 0 0 0 0 0 0 0 0 0 0 0 

Detected: tap_down
Channels: 6
Length: 11
Data:
-3 0 0 0 0 10 15 0 0 0 0 

0 0 0 0 1 0 -6 -15 0 0 0 

-1 0 1 0 10 7 11 -13 -11 -4 -2 

-1 0 1 0 10 7 11 -13 -11 -4 -2 

0 0 0 0 0 0 0 0 0 0 0 

0 0 0 0 0 0 0 0 0 0 0 

Detected: swipe_back
Channels: 6
Length: 16
Data:
0 0 0 0 -7 -17 -6 0 0 0 0 16 0 0 0 0 

1 0 0 8 11 0 0 0 0 0 0 0 -12 0 0 0 

1 3 4 5 7 -4 0 0 0 0 12 12 -1 -9 -6 -2 

1 3 4 5 7 -4 0 0 0 0 12 12 -1 -9 -6 -2 

0 0 0 0 0 0 0 0 0 0 0 0 0 0 0 0 

0 0 0 0 0 0 0 0 0 0 0 0 0 0 0 0 

Detected: scratchout
Channels: 6
Length: 18
Data:
0 -5 -4 -7 -6 2 0 20 11 0 0 0 0 0 -11 -8 -4 0 

0 0 0 0 0 0 0 17 20 0 0 0 0 0 -9 -7 -2 0 

-2 -6 -7 -8 -4 -1 8 20 20 -20 0 7 0 -8 -15 -14 -5 -1 

-2 -6 -7 -8 -4 -1 8 20 20 -20 0 7 0 -8 -15 -14 -5 -1 

0 0 0 0 0 0 0 -18 -20 0 0 0 0 0 0 0 -2 0 

0 0 0 0 0 0 0 0 0 0 0 0 0 0 0 0 0 0 

Detected: tap_down
Channels: 6
Length: 14
Data:
0 -3 -4 -6 -5 5 9 20 0 0 0 -7 -6 0 

0 0 -4 -5 0 0 18 20 0 0 0 -7 -3 0 

-1 -5 -6 -8 -3 9 20 20 0 0 -9 -12 -9 -2 

-1 -5 -6 -8 -3 9 20 20 0 0 -9 -12 -9 -2 

0 0 0 0 0 0 0 -19 0 0 0 0 0 0 

0 0 0 0 0 0 0 0 0 0 0 0 0 0 

Detected: tap_down
Channels: 6
Length: 13
Data:
7 15 0 0 0 -2 0 0 0 0 0 0 0 

0 -4 -14 -13 0 0 0 0 0 4 4 0 0 

12 8 1 -16 -10 -6 0 0 5 5 5 3 1 

12 8 1 -16 -10 -6 0 0 5 5 5 3 1 

0 0 0 0 0 0 0 0 0 0 0 0 0 

0 -3 0 0 0 0 0 0 0 0 0 0 0 

Detected: tap_down
Channels: 6
Length: 12
Data:
0 0 0 0 0 0 0 0 -6 -20 -16 0 

0 0 0 0 0 0 0 10 17 11 0 0 

0 -5 -7 -5 0 1 9 18 17 -16 -6 -3 

0 -5 -7 -5 0 1 9 18 17 -16 -6 -3 

0 0 0 0 0 0 0 0 0 0 0 0 

-1 -3 0 0 0 0 0 0 0 0 0 0 

Detected: tap_down
Channels: 6
Length: 8
Data:
0 11 9 0 0 0 0 0 

0 -1 -10 -14 0 0 0 0 

9 6 5 -12 -11 0 -5 -2 

9 6 5 -12 -11 0 -5 -2 

0 0 0 0 0 0 0 0 

0 0 0 0 0 0 0 0 

Detected: swipe_right
Channels: 6
Length: 10
Data:
0 0 0 3 0 -4 -7 -10 -8 0 

0 0 0 6 8 8 9 3 0 0 

2 4 6 8 10 8 3 -5 -6 -4 

2 4 6 8 10 8 3 -5 -6 -4 

0 0 0 0 0 0 0 0 0 0 

0 0 0 0 0 0 0 0 0 0 

Detected: x
Channels: 6
Length: 24
Data:
0 0 0 0 0 0 0 -3 -1 0 0 0 0 0 0 0 2 1 -3 -8 -11 -11 -5 0 

0 0 0 0 0 0 0 0 -3 -2 -1 0 0 0 0 0 4 4 11 9 5 1 0 0 

1 0 0 0 0 -3 -4 -5 -7 -4 -3 0 0 0 2 4 6 7 11 5 2 -7 -6 -4 

1 0 0 0 0 -3 -4 -5 -7 -4 -3 0 0 0 2 4 6 7 11 5 2 -7 -6 -4 

0 0 0 0 0 0 0 0 0 0 0 0 0 0 0 0 0 0 0 0 0 0 0 0 

0 0 0 0 0 0 0 0 0 0 0 0 0 0 0 0 0 0 0 0 0 0 0 0 

Detected: tap_down
Channels: 6
Length: 14
Data:
0 -5 -4 -2 -3 3 10 7 0 0 0 -8 -5 -1 

0 -5 -5 -3 0 1 0 0 0 0 0 -8 -1 0 

-1 -7 -7 -6 -2 3 15 19 1 0 0 -11 -8 -3 

-1 -7 -7 -6 -2 3 15 19 1 0 0 -11 -8 -3 

0 0 0 0 0 0 0 0 0 0 0 0 0 0 

0 0 0 0 0 0 0 0 0 0 0 0 0 0 

Detected: tap_down
Channels: 6
Length: 10
Data:
2 11 10 0 0 0 -9 -8 -4 -1 

2 2 0 0 0 0 -7 -8 -2 0 

4 13 4 0 0 0 -12 -12 -7 -1 

4 13 4 0 0 0 -12 -12 -7 -1 

0 0 0 0 0 0 0 0 0 0 

0 0 0 0 0 0 0 0 0 0 

Detected: swipe_left
Channels: 6
Length: 17
Data:
-1 -1 0 0 0 0 4 5 8 6 5 2 0 0 0 0 0 

0 0 0 0 0 0 0 0 0 -1 -6 -10 -9 0 0 0 0 

0 0 0 0 0 0 5 8 8 7 2 -6 -9 -10 -7 -4 -2 

0 0 0 0 0 0 5 8 8 7 2 -6 -9 -10 -7 -4 -2 

0 0 0 0 0 0 0 0 0 0 0 0 0 0 0 0 0 

0 0 0 0 0 0 0 0 0 -1 -2 -5 0 0 0 0 0 

Detected: swipe_left
Channels: 6
Length: 5
Data:
0 0 0 0 0 

0 0 0 0 0 

2 -1 0 0 2 

2 -1 0 0 2 

0 0 0 0 0 

0 0 0 0 0 

Detected: scratchout
Channels: 6
Length: 74
Data:
0 0 0 1 -7 -2 0 4 7 0 0 0 -3 -3 -6 3 5 3 0 0 -4 -5 -2 5 5 0 0 0 -2 -11 -2 0 4 4 2 0 -3 0 0 0 4 -6 -11 -9 0 0 0 0 7 9 0 0 0 0 3 2 -8 -5 0 0 6 6 3 0 0 1 0 -7 0 0 0 3 3 0 

0 0 0 16 15 4 0 -4 -8 -6 0 0 10 8 3 -1 -5 -11 -3 4 9 3 2 0 -9 -7 0 5 9 7 0 0 0 -2 -9 -9 0 0 0 0 9 9 9 0 0 0 0 0 0 -6 -6 0 0 0 5 10 8 0 0 0 -4 -7 -6 -3 0 0 4 3 0 0 0 0 -5 -2 

3 6 11 17 12 2 0 -5 -10 -11 -3 5 11 9 2 4 4 -10 -8 8 9 4 2 2 1 -13 0 11 12 7 -2 0 3 5 -8 -15 -12 -4 1 8 17 17 7 -7 0 0 0 0 8 9 2 -12 -4 6 8 10 6 -6 0 2 5 5 1 -7 3 5 5 2 0 0 0 3 -5 -4 

3 6 11 17 12 2 0 -5 -10 -11 -3 5 11 9 2 4 4 -10 -8 8 9 4 2 2 1 -13 0 11 12 7 -2 0 3 5 -8 -15 -12 -4 1 8 17 17 7 -7 0 0 0 0 8 9 2 -12 -4 6 8 10 6 -6 0 2 5 5 1 -7 3 5 5 2 0 0 0 3 -5 -4 

0 0 0 0 0 0 0 0 0 0 0 0 0 0 0 0 0 3 0 0 0 -1 0 0 0 0 0 0 0 -9 0 0 0 0 0 0 0 0 0 0 0 0 -6 0 0 0 0 0 0 0 0 0 0 0 0 0 0 0 0 0 1 0 0 0 0 0 0 0 0 0 0 0 0 0 

0 0 0 0 4 0 0 0 0 0 0 0 0 0 0 0 -1 0 0 0 0 0 0 -1 -2 0 0 0 0 0 0 0 0 0 0 0 0 0 0 0 0 0 0 0 0 0 0 0 0 0 -3 0 0 0 0 0 0 0 0 0 0 -2 -2 0 0 0 0 0 0 0 0 0 0 0 

Detected: swipe_right
Channels: 6
Length: 4
Data:
0 0 -5 -4 

0 4 0 0 

2 4 3 -2 

2 4 3 -2 

0 -2 0 0 

0 0 0 0 

Detected: x
Channels: 6
Length: 4
Data:
1 0 0 0 

3 0 0 0 

0 0 0 -1 

0 0 0 -1 

0 0 0 0 

0 0 0 0 

Detected: x
Channels: 6
Length: 3
Data:
-4 0 0 

0 0 0 

-3 0 -1 

-3 0 -1 

0 0 0 

0 0 0 

Detected: swipe_left
Channels: 6
Length: 14
Data:
0 8 13 9 0 0 0 0 0 0 0 0 0 0 

1 1 0 -6 -10 0 -2 0 0 0 0 0 0 0 

1 12 11 7 -4 -7 -5 -1 0 0 0 0 1 1 

1 12 11 7 -4 -7 -5 -1 0 0 0 0 1 1 

0 0 0 0 0 0 0 0 0 0 0 0 0 0 

0 0 0 -4 0 0 0 0 0 0 0 0 0 0 

Detected: swipe_left
Channels: 6
Length: 9
Data:
0 0 0 0 0 0 0 0 0 

0 0 0 0 0 0 0 1 0 

-1 -2 -2 0 0 3 3 3 1 

-1 -2 -2 0 0 3 3 3 1 

0 0 0 0 0 0 0 0 0 

0 0 0 0 0 0 0 0 0 

Detected: tap_down
Channels: 6
Length: 21
Data:
0 0 0 0 0 0 0 -6 0 0 0 0 0 0 0 15 6 3 0 0 0 

0 0 0 0 6 0 0 0 0 0 0 0 0 0 0 0 -9 -15 -9 0 0 

1 3 5 4 4 0 0 0 0 -1 0 2 4 0 0 7 6 -14 -13 -6 -1 

1 3 5 4 4 0 0 0 0 -1 0 2 4 0 0 7 6 -14 -13 -6 -1 

0 0 0 0 0 0 0 0 0 0 0 0 0 0 0 0 0 0 0 0 0 

0 0 0 0 0 0 0 0 0 0 0 0 0 0 0 0 -4 0 0 0 0 

Detected: tap_down
Channels: 6
Length: 28
Data:
0 0 0 0 0 0 0 0 0 7 0 0 0 0 0 0 0 -5 -9 -9 0 0 0 8 10 -8 0 0 

0 0 0 0 0 0 0 0 6 0 1 0 0 0 0 0 0 7 2 4 0 0 0 -2 -10 -14 0 0 

-1 -1 0 0 0 0 1 0 0 9 3 1 0 0 1 2 3 4 -4 -7 -4 0 0 7 4 -17 0 0 

-1 -1 0 0 0 0 1 0 0 9 3 1 0 0 1 2 3 4 -4 -7 -4 0 0 7 4 -17 0 0 

0 0 0 0 0 0 0 0 0 0 0 0 0 0 0 0 0 0 0 0 0 0 0 0 0 0 0 0 

0 0 0 0 0 0 0 0 0 0 0 0 0 0 0 0 0 0 0 0 0 0 0 0 0 0 0 -1 

Detected: x
Channels: 6
Length: 25
Data:
0 0 -1 0 0 0 0 0 0 0 0 0 0 0 0 -2 -6 -5 -4 0 0 4 5 3 0 

0 0 0 0 0 0 0 0 0 0 0 0 1 0 7 8 5 0 0 0 0 0 -7 0 0 

-4 -3 -2 0 0 0 6 8 8 0 0 0 1 4 6 5 4 -4 -4 0 0 1 1 -15 -12 

-4 -3 -2 0 0 0 6 8 8 0 0 0 1 4 6 5 4 -4 -4 0 0 1 1 -15 -12 

0 0 0 0 0 0 0 0 0 0 0 0 0 0 0 0 0 0 0 0 0 0 0 0 0 

0 0 0 0 0 0 0 0 0 0 0 0 0 0 0 0 0 0 0 0 0 0 0 0 0 

Detected: x
Channels: 6
Length: 35
Data:
0 0 5 -2 -4 -3 1 6 2 0 0 -3 -4 -4 0 3 0 0 -5 -7 -10 -8 -1 0 0 0 5 6 9 5 0 0 0 0 0 

0 0 0 0 7 4 0 0 -6 -4 3 8 5 3 0 -1 -2 0 0 0 0 0 0 0 0 0 0 0 -3 -8 -9 -8 -5 -1 0 

2 5 15 11 7 2 0 2 3 -7 -1 7 7 1 0 2 1 -1 -4 -7 -7 -5 -1 0 0 0 7 9 7 2 -9 -10 -7 -5 -3 

2 5 15 11 7 2 0 2 3 -7 -1 7 7 1 0 2 1 -1 -4 -7 -7 -5 -1 0 0 0 7 9 7 2 -9 -10 -7 -5 -3 

0 0 0 0 0 0 0 0 0 0 0 0 -3 0 0 0 0 0 -2 -5 0 0 0 0 0 0 0 0 0 0 0 0 0 0 0 

0 0 0 0 0 0 0 0 0 0 0 0 0 0 0 0 0 0 0 0 0 0 0 0 0 0 0 0 -2 -5 -6 0 0 0 0 

Detected: swipe_right
Channels: 6
Length: 6
Data:
0 0 0 0 0 0 

1 2 2 0 0 1 

1 2 2 2 0 0 

1 2 2 2 0 0 

0 0 0 0 0 0 

0 0 2 0 0 0 

Detected: swipe_left
Channels: 6
Length: 13
Data:
0 0 5 8 7 5 0 0 0 0 0 0 0 

0 0 0 0 0 -3 -5 0 0 -4 -2 0 0 

4 0 7 7 5 2 -1 -6 -6 -5 -3 -2 -1 

4 0 7 7 5 2 -1 -6 -6 -5 -3 -2 -1 

0 0 0 0 0 0 0 0 0 0 0 0 0 

0 0 0 0 0 0 -4 0 0 0 0 0 0 

Detected: swipe_right
Channels: 6
Length: 10
Data:
0 0 5 9 8 0 0 0 0 0 

0 1 0 0 -5 -6 0 0 0 -1 

5 5 8 6 3 -6 -8 -7 -5 -1 

5 5 8 6 3 -6 -8 -7 -5 -1 

0 0 0 0 0 0 0 0 0 0 

0 0 0 0 -1 0 0 0 0 0 

Detected: x
Channels: 6
Length: 26
Data:
0 0 0 0 0 0 0 0 0 0 0 0 0 0 0 0 -2 -7 -8 0 0 8 8 0 0 0 

0 0 0 0 0 0 0 0 0 0 0 0 0 0 0 4 8 7 4 0 0 0 0 0 0 0 

-1 -3 -2 0 -4 -3 -2 0 0 13 17 14 1 0 1 4 6 4 -3 -2 0 -1 -12 -18 -9 0 

-1 -3 -2 0 -4 -3 -2 0 0 13 17 14 1 0 1 4 6 4 -3 -2 0 -1 -12 -18 -9 0 

0 0 0 0 0 0 0 0 0 0 0 0 0 0 0 0 0 0 0 0 0 0 0 0 0 0 

0 0 0 0 0 0 0 0 0 0 0 0 0 0 0 0 0 0 0 0 0 0 0 0 0 -1 

Detected: tap_down
Channels: 6
Length: 29
Data:
0 0 -2 -4 -1 4 5 0 0 0 0 -3 -3 -8 -8 0 0 0 7 9 8 4 0 0 0 0 0 0 0 

6 0 17 8 1 -4 -9 -8 0 0 0 3 3 0 0 0 0 0 0 0 0 -6 -9 -8 -7 0 -3 -1 0 

11 15 15 10 0 -5 -6 -9 -4 2 8 4 -6 -6 -5 0 1 5 7 8 5 -2 -7 -8 -8 -4 -4 -1 -1 

11 15 15 10 0 -5 -6 -9 -4 2 8 4 -6 -6 -5 0 1 5 7 8 5 -2 -7 -8 -8 -4 -4 -1 -1 

0 0 0 0 0 0 0 0 0 0 0 0 0 0 0 0 0 0 0 0 0 0 0 0 0 0 0 0 0 

0 0 0 2 0 -1 -2 0 0 0 0 0 0 1 0 0 0 0 0 0 -1 -5 -6 0 0 0 0 0 0 

Detected: swipe_right
Channels: 6
Length: 13
Data:
0 0 0 0 0 0 0 -6 -9 -9 0 0 0 

0 0 0 0 8 7 8 6 2 0 0 0 0 

1 3 5 6 9 9 7 2 -4 -5 -4 -2 -1 

1 3 5 6 9 9 7 2 -4 -5 -4 -2 -1 

0 0 0 0 0 0 0 0 0 0 0 0 0 

0 0 0 0 0 0 0 0 0 0 0 0 0 

Detected: x
Channels: 6
Length: 5
Data:
0 0 0 0 0 

0 0 0 0 0 

1 0 0 0 1 

1 0 0 0 1 

0 0 0 0 0 

0 0 0 0 0 

Detected: x
Channels: 6
Length: 11
Data:
0 0 0 5 12 13 1 0 0 0 0 

0 0 0 0 0 -7 -9 0 0 0 0 

1 0 0 8 10 8 -9 -7 -6 -3 -1 

1 0 0 8 10 8 -9 -7 -6 -3 -1 

0 0 0 0 0 0 0 0 0 0 0 

0 0 0 0 0 -3 -3 0 0 0 0 

Detected: swipe_right
Channels: 6
Length: 10
Data:
0 0 0 0 0 -7 -10 -10 -3 -1 

0 1 2 0 0 13 8 0 0 0 

1 4 7 10 13 4 -6 -4 -5 -2 

1 4 7 10 13 4 -6 -4 -5 -2 

0 0 0 0 0 0 0 0 0 0 

0 0 0 0 0 5 0 0 0 0 

Detected: tap_down
Channels: 6
Length: 8
Data:
4 8 7 0 0 0 0 0 

0 0 -12 -14 0 0 0 0 

8 8 6 -13 -14 -8 -4 -2 

8 8 6 -13 -14 -8 -4 -2 

0 0 0 0 0 0 0 0 

0 -3 0 0 0 0 0 0 

Detected: swipe_right
Channels: 6
Length: 13
Data:
0 0 0 0 0 0 0 0 1 -2 -4 -4 -3 

0 0 2 5 5 4 4 5 4 3 0 0 0 

2 4 5 6 4 3 4 3 1 0 0 0 -1 

2 4 5 6 4 3 4 3 1 0 0 0 -1 

0 0 0 0 0 0 0 0 0 0 0 0 0 

0 0 0 0 0 0 0 0 0 0 0 0 0 

Detected: swipe_left
Channels: 6
Length: 5
Data:
0 0 0 0 0 

0 0 0 0 0 

1 1 0 0 1 

1 1 0 0 1 

0 0 0 0 0 

0 0 0 0 0 

Detected: x
Channels: 6
Length: 12
Data:
0 -4 -2 0 9 13 3 0 0 -5 -3 -1 

0 -1 0 0 7 15 0 0 0 0 0 0 

-3 -2 -5 -2 13 20 5 0 0 -8 -7 -2 

-3 -2 -5 -2 13 20 5 0 0 -8 -7 -2 

0 0 0 0 0 0 0 0 0 0 0 0 

0 0 0 0 0 0 0 0 0 0 0 0 

Detected: tap_down
Channels: 6
Length: 18
Data:
1 0 -2 -9 -9 -7 -3 3 14 17 0 -5 0 0 0 -10 -6 -1 

0 0 0 0 -8 -5 0 0 0 0 0 0 0 0 0 -7 -4 0 

1 2 -3 -8 -13 -9 -1 4 20 20 0 -5 0 0 0 -15 -7 -2 

1 2 -3 -8 -13 -9 -1 4 20 20 0 -5 0 0 0 -15 -7 -2 

0 0 0 0 0 0 0 0 0 0 0 0 0 0 0 0 0 0 

0 0 0 0 0 0 0 0 0 0 0 0 0 0 0 0 0 0 

Detected: tap_down
Channels: 6
Length: 4
Data:
0 1 3 2 

0 0 2 0 

2 3 4 5 

2 3 4 5 

0 0 0 0 

0 0 0 0 

Detected: swipe_right
Channels: 6
Length: 16
Data:
0 0 0 0 0 0 0 0 0 0 0 0 -1 -2 0 -7 

0 -4 0 0 0 0 0 0 0 0 3 2 6 4 2 0 

-1 -3 -4 -3 -2 0 0 0 0 5 5 4 3 1 -3 0 

-1 -3 -4 -3 -2 0 0 0 0 5 5 4 3 1 -3 0 

0 0 0 0 0 0 0 0 0 0 0 0 0 -3 0 0 

0 0 0 0 0 0 0 0 0 0 0 0 0 0 0 0 

Detected: x
Channels: 6
Length: 45
Data:
0 0 -5 0 0 0 0 11 5 0 -2 0 3 3 -8 -8 0 0 3 6 0 0 0 0 -8 -2 0 1 3 0 0 0 0 -5 -3 0 2 4 0 0 0 0 -6 -5 -3 

4 3 0 0 0 0 0 0 -6 -8 0 0 5 6 10 1 0 0 0 -3 -2 0 0 5 6 0 0 0 -2 -2 -1 2 6 5 0 0 0 -4 -9 -6 0 6 9 5 0 

0 2 0 0 0 0 9 10 10 -9 -7 -2 7 13 11 1 -2 2 6 6 -8 -5 5 9 8 -3 0 2 3 -6 -6 8 9 5 -4 0 2 4 -13 -10 -2 9 11 3 -3 

0 2 0 0 0 0 9 10 10 -9 -7 -2 7 13 11 1 -2 2 6 6 -8 -5 5 9 8 -3 0 2 3 -6 -6 8 9 5 -4 0 2 4 -13 -10 -2 9 11 3 -3 

0 0 0 0 0 0 0 0 0 0 0 0 0 0 0 0 0 0 0 0 0 0 0 0 0 0 0 0 0 0 0 0 0 -4 0 0 0 0 0 0 0 0 0 0 0 

0 0 0 0 0 0 0 0 0 0 0 0 0 0 0 0 0 0 0 0 0 0 0 0 0 0 0 0 0 0 0 0 0 0 0 0 0 0 0 0 0 0 0 0 0 

Detected: swipe_front
Channels: 6
Length: 3
Data:
0 8 3 

0 10 5 

19 19 8 

19 19 8 

0 0 0 

0 0 0 

Detected: swipe_right
Channels: 6
Length: 8
Data:
0 0 0 0 0 0 0 0 

0 0 0 0 0 0 0 0 

-1 -1 -2 -1 0 0 0 -3 

-1 -1 -2 -1 0 0 0 -3 

0 0 0 0 0 0 0 0 

0 0 0 0 0 0 0 0 

