Started MediaCenter at 12:51:44 PM
Detected: swipe_left
Channels: 6
Length: 3
Data:
0 0 0 

0 0 0 

1 1 1 

1 1 1 

0 0 0 

0 0 0 

Detected: swipe_right
Channels: 6
Length: 20
Data:
-3 0 -10 -15 -15 -17 -11 -7 -1 2 4 9 20 20 13 9 0 0 -1 0 

-3 -3 -10 -15 -14 -14 0 -1 0 0 3 13 19 20 19 7 0 0 0 0 

-2 -6 -17 -20 -20 -17 -5 -6 0 3 6 9 20 20 19 12 2 -1 -2 -1 

-2 -6 -17 -20 -20 -17 -5 -6 0 3 6 9 20 20 19 12 2 -1 -2 -1 

0 0 0 0 0 0 0 0 0 0 0 0 -20 -20 0 0 0 0 -1 0 

0 0 0 0 0 0 0 0 0 0 0 0 0 0 0 1 0 0 0 0 

Detected: swipe_right
Channels: 6
Length: 19
Data:
-1 -2 -4 -15 -16 -14 -13 -7 -3 0 6 14 19 19 6 2 2 0 -1 

0 -2 -7 -14 -13 -12 -11 -6 -2 0 9 11 18 20 15 4 1 0 0 

-3 -14 -11 -19 -18 -16 -10 -8 -3 0 8 12 20 20 16 10 6 0 -1 

-3 -14 -11 -19 -18 -16 -10 -8 -3 0 8 12 20 20 16 10 6 0 -1 

-2 -1 0 0 0 0 0 0 0 0 0 0 0 0 0 0 2 0 0 

0 0 0 0 0 0 0 0 0 0 0 0 0 0 0 0 2 0 0 

Detected: swipe_right
Channels: 6
Length: 21
Data:
-5 -8 -14 -15 -18 -17 -11 -7 0 2 9 19 20 20 9 0 0 -1 -3 0 0 

0 -2 -10 -15 -17 -12 -4 -2 0 0 0 19 20 20 14 2 0 0 0 0 0 

0 -16 -20 -20 -20 -18 -11 -3 -1 3 0 19 20 20 19 5 0 -2 -3 -1 -1 

0 -16 -20 -20 -20 -18 -11 -3 -1 3 0 19 20 20 19 5 0 -2 -3 -1 -1 

0 -9 0 0 0 0 0 0 0 0 0 0 -20 -20 0 0 0 0 0 0 0 

0 0 0 0 0 0 0 0 0 0 0 0 0 0 0 0 0 0 0 0 0 

Detected: swipe_up
Channels: 6
Length: 13
Data:
-1 -2 -5 -9 -7 -10 -8 -8 -4 -6 -3 -2 -1 

0 0 -6 -4 -4 -6 -7 -7 -6 -5 -2 0 0 

-2 -8 -10 -10 -10 -11 -11 -7 -6 -6 -3 -1 0 

-2 -8 -10 -10 -10 -11 -11 -7 -6 -6 -3 -1 0 

0 -3 0 0 0 0 0 0 0 0 0 0 0 

-1 0 0 0 0 0 0 0 0 0 0 0 0 

Detected: tap_down
Channels: 6
Length: 18
Data:
0 7 14 18 20 13 11 4 0 -14 -11 -18 -19 -17 -12 -8 -4 -1 

2 7 11 19 20 14 6 0 0 -9 -9 -16 -15 -14 -12 -3 -1 0 

2 7 16 20 20 19 10 4 -3 -12 -15 -20 -20 -16 -8 -5 -3 0 

2 7 16 20 20 19 10 4 -3 -12 -15 -20 -20 -16 -8 -5 -3 0 

0 0 0 0 0 0 0 0 0 0 0 0 0 0 0 0 0 0 

0 0 0 0 0 0 0 4 -3 0 0 0 0 0 0 0 0 0 

Detected: tap_down
Channels: 6
Length: 19
Data:
0 1 7 8 16 19 15 12 6 0 -3 -12 -18 -16 -16 -17 -7 -5 -1 

0 0 7 10 17 18 20 10 5 0 0 -4 -11 -15 -15 -14 -8 0 0 

1 4 5 10 17 20 20 17 9 0 -8 -10 -17 -20 -20 -16 -11 -4 -1 

1 4 5 10 17 20 20 17 9 0 -8 -10 -17 -20 -20 -16 -11 -4 -1 

0 0 0 0 0 0 0 0 0 0 0 0 0 0 0 0 0 0 0 

0 0 0 0 0 0 0 0 0 0 0 0 0 0 0 0 0 0 0 

Detected: tap_down
Channels: 6
Length: 11
Data:
3 4 4 4 4 4 3 1 -4 -14 -13 

2 3 3 3 4 3 3 4 4 3 0 

2 4 4 4 6 5 5 4 1 -2 -11 

2 4 4 4 6 5 5 4 1 -2 -11 

0 0 0 0 0 0 0 0 0 0 0 

0 0 0 0 0 0 0 0 0 0 0 

Detected: swipe_right
Channels: 6
Length: 22
Data:
0 0 0 0 0 -2 -6 -14 -14 -13 -12 -8 -5 0 3 10 18 20 20 12 10 4 

0 0 1 0 0 -1 -6 -13 -13 -5 0 -2 0 0 2 5 17 18 20 20 8 2 

2 1 2 0 0 -5 -11 -20 -20 -16 -12 -5 -3 0 1 6 12 19 20 20 15 7 

2 1 2 0 0 -5 -11 -20 -20 -16 -12 -5 -3 0 1 6 12 19 20 20 15 7 

0 0 0 0 0 0 0 0 0 0 0 0 0 0 0 0 0 0 -20 0 0 0 

0 0 0 0 0 0 0 0 0 0 0 0 0 0 0 0 0 0 0 0 0 0 

Detected: tap_up
Channels: 6
Length: 36
Data:
-2 -4 -11 -8 -9 -10 -7 -6 -2 -1 -1 0 0 0 0 4 8 14 18 14 14 11 0 -11 -16 -17 -16 -17 -11 -7 -3 0 0 2 0 0 

-1 -3 -5 -6 -8 -6 -3 0 -2 -2 0 0 0 0 0 4 5 12 18 17 13 2 0 -1 -12 -13 -16 -12 0 -2 0 0 0 0 0 1 

-5 -10 -11 -11 -13 -12 -7 -6 -6 -2 0 0 0 0 1 3 7 16 20 20 17 13 2 -9 -17 -20 -20 -18 -12 -7 -1 0 1 3 2 1 

-5 -10 -11 -11 -13 -12 -7 -6 -6 -2 0 0 0 0 1 3 7 16 20 20 17 13 2 -9 -17 -20 -20 -18 -12 -7 -1 0 1 3 2 1 

0 0 0 0 0 0 0 0 0 0 0 0 0 0 0 0 0 0 0 0 0 0 0 0 0 0 -4 0 0 0 0 0 0 0 0 0 

-2 0 0 0 0 0 0 0 0 0 0 0 0 0 0 0 0 0 0 0 0 0 0 0 0 0 0 0 0 0 0 0 0 0 0 0 

Detected: swipe_right
Channels: 6
Length: 26
Data:
-1 -1 -1 -1 0 0 5 12 16 16 7 10 3 -5 -11 -11 -17 -18 -13 -7 -2 0 0 2 0 0 

0 0 0 0 0 0 6 10 15 17 14 9 1 0 -4 -11 -16 -12 -12 -1 0 0 0 2 1 1 

0 0 0 0 0 2 6 10 20 20 18 8 6 -8 -18 -20 -20 -20 -14 -9 -1 0 2 2 2 0 

0 0 0 0 0 2 6 10 20 20 18 8 6 -8 -18 -20 -20 -20 -14 -9 -1 0 2 2 2 0 

0 0 0 0 0 0 0 0 0 0 0 0 0 0 0 0 0 -3 0 0 0 0 0 0 0 0 

0 0 0 0 0 0 0 0 0 0 0 0 0 0 0 0 0 0 0 0 0 0 0 0 0 0 

Detected: swipe_front
Channels: 6
Length: 9
Data:
0 1 0 2 3 1 2 0 0 

1 0 2 2 2 3 2 2 0 

2 0 2 4 4 3 4 4 2 

2 0 2 4 4 3 4 4 2 

0 0 0 0 0 0 0 0 0 

0 0 0 0 0 0 0 0 0 

Keypress: System

Keypress: System

