Started MediaCenter at 12:47:25 PM
Detected: swipe_right
Channels: 6
Length: 6
Data:
0 -2 -1 -1 -2 0 

0 0 0 -3 -2 -1 

-3 0 -4 -3 -3 -1 

-3 0 -4 -3 -3 -1 

0 0 0 0 0 0 

0 0 0 0 0 0 

Detected: swipe_right
Channels: 6
Length: 15
Data:
1 2 4 8 14 14 3 0 -5 -10 -10 -11 -10 -7 -1 

0 2 5 8 13 15 9 0 -3 -5 -8 -8 -7 -1 0 

1 2 6 14 19 20 10 -1 -8 -12 -14 -14 -12 -4 -1 

1 2 6 14 19 20 10 -1 -8 -12 -14 -14 -12 -4 -1 

0 0 0 0 0 0 0 0 0 0 0 0 0 0 0 

0 0 0 0 0 0 0 0 0 -1 -1 0 0 0 0 

Detected: swipe_front
Channels: 6
Length: 8
Data:
1 3 4 3 3 0 1 0 

0 2 5 5 0 0 1 0 

1 5 6 6 5 4 3 1 

1 5 6 6 5 4 3 1 

0 0 0 0 0 0 0 0 

0 0 0 0 0 0 0 0 

Detected: swipe_right
Channels: 6
Length: 23
Data:
0 -1 -2 -2 -3 -2 -3 -1 -1 -1 -1 -1 0 0 0 1 2 3 3 3 2 1 1 

0 0 0 0 0 0 0 0 0 0 0 0 0 0 0 1 2 2 4 0 0 0 0 

-1 -1 -1 -3 -3 -3 -3 -2 -1 -1 -1 0 0 0 0 1 3 5 5 5 2 2 1 

-1 -1 -1 -3 -3 -3 -3 -2 -1 -1 -1 0 0 0 0 1 3 5 5 5 2 2 1 

0 0 0 0 0 0 0 0 0 0 0 0 0 0 0 0 0 0 0 0 0 0 0 

0 0 0 0 0 0 0 0 0 0 0 0 0 0 0 0 0 0 0 0 0 0 0 

Detected: swipe_right
Channels: 6
Length: 8
Data:
-2 0 0 0 0 0 0 0 

0 0 0 0 0 0 0 1 

-5 0 0 0 0 1 2 1 

-5 0 0 0 0 1 2 1 

0 0 0 0 0 0 0 0 

0 0 0 0 0 0 0 0 

Detected: tap_down
Channels: 6
Length: 18
Data:
0 -5 -14 -19 -19 -11 -4 0 7 11 20 20 9 0 0 0 0 0 

0 -3 -13 -15 0 0 0 0 0 0 16 20 10 0 0 0 0 0 

-2 -12 -20 -20 -20 -11 -4 0 2 13 20 20 18 2 0 0 -2 -1 

-2 -12 -20 -20 -20 -11 -4 0 2 13 20 20 18 2 0 0 -2 -1 

0 -3 0 0 0 0 0 0 0 0 -20 0 0 0 0 0 0 0 

0 0 0 0 0 0 0 0 0 0 0 0 0 0 0 0 0 0 

Detected: swipe_front
Channels: 6
Length: 40
Data:
-2 -6 -5 7 10 0 0 0 -1 -7 -6 -1 5 0 0 0 0 -3 -7 -7 2 10 8 0 0 0 0 -4 -8 -7 2 8 7 0 0 0 0 0 -8 0 

0 2 0 0 -5 -7 0 3 8 3 3 0 -1 -5 -4 1 6 7 5 0 0 0 -4 0 0 0 8 9 3 0 0 -1 -5 -5 0 0 0 9 12 5 

-2 -3 -2 6 7 3 -4 2 3 3 1 1 4 7 -4 2 1 5 5 -3 1 6 5 -5 -2 5 4 6 3 -3 1 4 7 -6 -7 0 9 12 11 0 

-2 -3 -2 6 7 3 -4 2 3 3 1 1 4 7 -4 2 1 5 5 -3 1 6 5 -5 -2 5 4 6 3 -3 1 4 7 -6 -7 0 9 12 11 0 

0 0 0 0 0 0 0 0 0 0 0 0 0 0 0 0 0 0 0 0 0 0 0 0 0 0 0 -3 0 0 0 0 0 0 0 0 0 0 0 0 

0 0 0 0 0 0 0 0 0 0 0 0 0 0 0 0 0 0 0 0 0 0 0 0 0 0 0 0 0 0 0 0 0 0 0 0 0 0 0 0 

Detected: swipe_up
Channels: 6
Length: 46
Data:
7 9 8 0 0 0 0 -9 -9 0 6 9 1 0 0 0 0 -10 -13 0 4 10 7 0 0 0 0 -7 -11 -9 0 7 12 3 0 0 0 0 0 0 1 -1 0 0 0 0 

0 0 -7 -8 0 6 11 8 2 0 0 0 0 0 0 6 13 6 2 0 0 -5 -6 -10 0 0 0 13 9 1 0 -1 -1 0 0 0 0 3 0 0 11 12 0 0 0 0 

5 7 7 -13 -4 8 8 8 3 -1 6 4 2 -11 0 10 11 10 2 -5 5 6 4 -11 -4 3 13 11 6 -10 0 9 7 2 0 -5 0 2 8 16 16 12 0 0 0 -7 

5 7 7 -13 -4 8 8 8 3 -1 6 4 2 -11 0 10 11 10 2 -5 5 6 4 -11 -4 3 13 11 6 -10 0 9 7 2 0 -5 0 2 8 16 16 12 0 0 0 -7 

0 0 0 0 0 0 0 0 0 0 0 0 0 0 0 0 0 0 0 0 0 0 0 0 0 0 0 0 0 0 0 0 0 0 0 0 0 0 0 0 0 0 0 0 0 0 

0 0 0 0 0 0 0 0 0 0 0 0 0 0 0 0 0 0 0 0 0 0 0 0 0 0 0 0 0 0 0 0 0 0 0 0 0 0 0 0 0 0 0 0 0 0 

Detected: swipe_up
Channels: 6
Length: 25
Data:
-1 -3 -5 -7 -9 -9 -8 -2 0 7 13 16 18 13 6 0 0 -6 -10 -10 -10 -9 -8 -4 -1 

0 0 -5 -8 -9 0 -1 0 0 0 7 18 19 13 4 0 0 0 -5 -8 -9 -9 -5 -2 0 

-2 -7 -7 -9 -12 -11 -10 -4 1 8 17 20 20 20 7 2 -1 -8 -19 -13 -14 -14 -11 -6 -1 

-2 -7 -7 -9 -12 -11 -10 -4 1 8 17 20 20 20 7 2 -1 -8 -19 -13 -14 -14 -11 -6 -1 

0 0 0 0 0 0 0 0 0 0 0 0 0 2 0 0 0 0 0 0 0 0 0 0 0 

0 0 0 0 0 0 0 0 0 0 0 0 0 0 0 0 0 0 0 0 0 0 0 0 0 

Detected: tap_down
Channels: 6
Length: 20
Data:
0 1 8 13 16 14 10 0 -4 -5 -15 -16 -18 -15 -10 0 0 0 0 0 

0 1 4 11 14 14 12 1 0 -5 -11 -13 -13 -9 -2 0 0 0 0 1 

1 2 8 17 20 20 16 4 -4 -12 -17 -20 -20 -15 -10 -2 0 0 2 0 

1 2 8 17 20 20 16 4 -4 -12 -17 -20 -20 -15 -10 -2 0 0 2 0 

0 0 0 0 0 0 0 0 0 0 0 0 0 0 0 0 0 0 0 0 

0 0 0 0 0 0 0 0 0 -2 0 0 0 0 0 0 0 0 0 0 

Detected: swipe_front
Channels: 6
Length: 24
Data:
0 1 2 3 4 3 3 2 1 0 0 0 0 0 0 1 2 0 0 0 0 0 0 -3 

0 0 2 0 3 3 2 0 0 0 0 0 0 0 0 2 4 10 11 0 0 0 -5 0 

1 1 3 5 5 5 3 3 1 1 0 0 0 0 3 6 7 9 7 0 -16 0 -9 0 

1 1 3 5 5 5 3 3 1 1 0 0 0 0 3 6 7 9 7 0 -16 0 -9 0 

0 0 0 0 0 0 0 0 0 0 0 0 0 0 0 0 0 0 0 0 0 0 0 0 

0 0 0 0 0 0 0 0 0 0 0 0 0 0 0 0 0 0 0 0 0 0 0 0 

Detected: swipe_right
Channels: 6
Length: 3
Data:
0 2 2 

0 0 0 

1 2 1 

1 2 1 

0 0 0 

0 0 0 

Detected: swipe_right
Channels: 6
Length: 9
Data:
0 0 -5 -10 -12 0 0 0 -3 

1 4 6 4 0 0 0 -5 -2 

0 2 3 2 -11 -16 -16 0 -3 

0 2 3 2 -11 -16 -16 0 -3 

0 0 0 0 0 0 0 0 0 

0 0 0 0 0 0 0 0 0 

Detected: swipe_right
Channels: 6
Length: 5
Data:
2 0 0 0 0 

0 0 0 0 0 

0 2 0 1 1 

0 2 0 1 1 

0 0 0 0 0 

0 0 0 0 0 

Detected: swipe_right
Channels: 6
Length: 15
Data:
-1 -5 -16 -15 -17 -13 -10 -2 2 6 14 18 19 7 0 

0 0 -9 -13 -14 0 -1 0 0 0 10 20 20 11 4 

0 -10 -17 -20 -20 -14 -7 0 0 7 15 20 20 15 3 

0 -10 -17 -20 -20 -14 -7 0 0 7 15 20 20 15 3 

0 0 0 0 0 0 0 0 0 0 0 0 0 0 0 

0 0 0 0 0 0 0 0 0 0 0 0 0 0 0 

Detected: tap_down
Channels: 6
Length: 19
Data:
-1 -7 -14 -18 -18 -16 -10 -6 0 2 10 18 20 20 7 1 0 0 -1 

-3 -7 -12 -15 -17 -14 0 0 0 0 3 0 20 20 12 0 0 0 0 

-4 -9 -16 -20 -19 -17 -12 -5 0 0 11 17 20 20 17 7 0 -2 -1 

-4 -9 -16 -20 -19 -17 -12 -5 0 0 11 17 20 20 17 7 0 -2 -1 

0 0 0 0 0 0 0 0 0 0 0 0 -20 -20 0 0 0 0 0 

-3 0 0 0 0 0 0 0 0 0 0 0 0 0 0 0 0 0 0 

Detected: swipe_right
Channels: 6
Length: 9
Data:
0 -3 -9 -13 0 0 0 -5 0 

1 3 3 0 0 0 -6 -3 -1 

0 -3 -5 -5 -16 -16 0 0 -1 

0 -3 -5 -5 -16 -16 0 0 -1 

0 -2 0 0 0 0 0 0 0 

0 0 0 0 0 0 0 0 0 

Detected: swipe_right
Channels: 6
Length: 3
Data:
2 0 0 

0 0 0 

2 1 4 

2 1 4 

0 0 0 

0 0 0 

Detected: swipe_front
Channels: 6
Length: 4
Data:
0 1 1 0 

0 0 0 0 

1 1 1 1 

1 1 1 1 

0 0 0 0 

0 0 0 0 

Detected: swipe_right
Channels: 6
Length: 17
Data:
-5 -9 -13 -17 -15 -13 -7 -4 0 7 11 20 20 16 8 2 0 

0 -3 -11 -15 -13 -8 0 0 0 1 0 17 20 18 8 3 0 

-4 -13 -18 -20 -18 -14 -9 -4 0 0 12 20 20 20 11 5 -1 

-4 -13 -18 -20 -18 -14 -9 -4 0 0 12 20 20 20 11 5 -1 

-4 0 0 0 0 0 0 0 0 0 0 0 -20 -20 0 0 0 

-5 0 -3 0 0 0 0 0 0 0 0 0 0 0 0 0 0 

Detected: swipe_right
Channels: 6
Length: 18
Data:
-3 -5 -15 -15 -14 -17 -15 -10 -5 0 1 12 15 20 16 10 7 1 

-3 -3 -8 -14 -15 -14 -13 -2 0 0 1 4 16 20 20 15 4 0 

-1 -16 -20 -19 -20 -19 -15 -11 0 0 2 13 17 20 20 18 10 1 

-1 -16 -20 -19 -20 -19 -15 -11 0 0 2 13 17 20 20 18 10 1 

0 -2 0 0 0 -2 0 0 0 0 0 0 0 0 0 0 0 0 

-3 -1 0 -13 0 0 0 0 0 0 0 0 0 0 0 0 7 0 

Detected: tap_down
Channels: 6
Length: 24
Data:
-4 -12 -12 -11 -15 -13 -11 -7 -1 4 12 15 20 19 11 7 0 0 0 0 0 0 1 1 

-2 -2 -6 -13 -14 -13 -10 -3 0 4 10 17 20 20 12 3 0 0 0 0 0 0 0 0 

-6 -12 -16 -19 -19 -17 -13 -7 -1 6 13 17 20 20 17 7 0 0 -1 0 0 0 0 0 

-6 -12 -16 -19 -19 -17 -13 -7 -1 6 13 17 20 20 17 7 0 0 -1 0 0 0 0 0 

0 0 0 0 0 0 0 0 0 0 0 0 0 0 0 0 0 0 0 0 0 0 0 0 

-3 0 0 0 0 0 0 0 0 0 0 0 0 0 0 1 0 0 0 0 0 0 0 0 

Detected: swipe_left
Channels: 6
Length: 8
Data:
-1 0 0 0 0 -7 0 0 

0 -11 -14 -10 -5 -4 -2 0 

1 -8 -16 -17 -13 -7 -7 -1 

1 -8 -16 -17 -13 -7 -7 -1 

0 0 0 0 0 0 0 0 

-2 -6 0 0 0 -3 0 0 

Detected: swipe_right
Channels: 6
Length: 5
Data:
0 0 0 0 0 

0 0 0 0 0 

3 0 0 0 2 

3 0 0 0 2 

0 0 0 0 0 

0 0 0 0 0 

Detected: swipe_right
Channels: 6
Length: 11
Data:
0 0 0 0 0 0 0 0 0 0 0 

0 0 4 5 4 0 0 0 0 0 1 

3 2 2 3 3 4 4 5 3 2 1 

3 2 2 3 3 4 4 5 3 2 1 

0 0 0 0 0 0 0 0 0 0 0 

0 0 0 0 0 0 1 1 0 0 0 

Detected: swipe_right
Channels: 6
Length: 10
Data:
-1 -2 -2 0 0 0 0 0 -2 -1 

0 0 0 0 0 0 0 1 1 0 

-2 -2 -3 -2 0 0 0 2 1 0 

-2 -2 -3 -2 0 0 0 2 1 0 

0 0 0 0 0 0 0 0 0 0 

0 0 0 0 0 0 0 0 0 0 

Detected: swipe_up
Channels: 6
Length: 32
Data:
-5 -4 -4 0 -1 -2 0 0 0 1 4 6 15 20 20 16 0 0 0 0 0 0 0 0 -7 -3 -1 0 4 8 5 3 

0 0 0 0 0 0 0 0 0 0 0 7 13 15 0 6 0 0 0 0 0 0 0 0 -2 0 1 3 9 17 20 18 

0 0 0 0 0 0 0 0 0 0 0 8 0 20 20 14 -1 0 0 0 0 -4 -5 -2 -5 -1 0 3 10 20 20 14 

0 0 0 0 0 0 0 0 0 0 0 8 0 20 20 14 -1 0 0 0 0 -4 -5 -2 -5 -1 0 3 10 20 20 14 

0 0 0 0 0 0 0 0 0 0 0 0 0 0 0 0 0 0 0 0 0 0 0 0 0 0 0 0 0 0 0 0 

0 0 0 0 0 0 0 0 0 0 0 0 0 0 0 0 0 0 0 0 0 0 0 0 0 0 0 0 0 0 0 0 

Detected: swipe_right
Channels: 6
Length: 9
Data:
-3 -5 -6 -6 -4 -2 -2 -1 -1 

-4 0 0 0 -3 0 0 0 0 

0 0 0 0 -6 -4 0 0 0 

0 0 0 0 -6 -4 0 0 0 

0 0 0 0 0 0 0 0 0 

0 0 0 0 0 0 0 0 0 

Detected: x
Channels: 6
Length: 23
Data:
9 15 17 20 20 12 0 0 0 0 0 0 -13 -6 -9 -6 -1 2 6 11 13 13 0 

0 9 16 16 5 -1 0 -6 0 0 0 -5 -7 -6 0 0 0 0 3 0 20 20 20 

0 12 19 20 20 13 0 -8 -4 -2 -4 -6 -10 -11 -6 -3 -1 0 5 14 20 20 15 

0 12 19 20 20 13 0 -8 -4 -2 -4 -6 -10 -11 -6 -3 -1 0 5 14 20 20 15 

0 0 0 0 0 0 0 0 0 0 0 0 0 0 0 0 0 0 0 0 0 0 0 

0 0 0 0 0 0 0 0 0 0 0 0 0 0 0 0 0 0 0 0 0 0 0 

Detected: swipe_front
Channels: 6
Length: 11
Data:
0 0 1 2 3 5 0 0 0 2 1 

0 0 0 1 0 10 12 12 1 1 0 

1 2 2 3 0 8 1 8 1 3 2 

1 2 2 3 0 8 1 8 1 3 2 

0 0 0 0 0 0 0 0 0 0 0 

0 0 0 0 0 0 0 0 0 0 0 

Detected: swipe_right
Channels: 6
Length: 5
Data:
0 0 0 0 0 

0 0 0 -1 0 

-1 -2 -2 -4 -4 

-1 -2 -2 -4 -4 

0 0 0 0 0 

0 0 0 0 0 

Detected: swipe_right
Channels: 6
Length: 16
Data:
0 0 0 0 0 0 -1 -6 -8 -9 -10 -9 -6 -5 -4 -2 

0 0 0 0 0 0 0 0 0 0 0 -6 -3 -3 0 0 

3 2 0 0 0 0 0 -6 -7 0 0 -7 0 0 0 0 

3 2 0 0 0 0 0 -6 -7 0 0 -7 0 0 0 0 

0 0 0 0 0 0 0 0 0 0 0 0 0 0 0 0 

0 0 0 0 0 0 0 0 0 0 0 0 0 0 0 0 

Detected: swipe_up
Channels: 6
Length: 26
Data:
0 16 20 20 20 0 0 0 0 0 0 -10 -14 -11 -8 -1 0 4 10 12 11 8 0 0 0 0 

9 12 17 16 5 0 0 -2 0 0 -4 -3 -3 -2 0 0 0 0 6 17 20 20 0 0 0 0 

0 0 20 20 19 4 -6 -4 0 -6 -12 -15 -14 -7 -4 -2 0 9 15 18 20 20 0 -20 0 -1 

0 0 20 20 19 4 -6 -4 0 -6 -12 -15 -14 -7 -4 -2 0 9 15 18 20 20 0 -20 0 -1 

0 0 0 0 0 0 0 0 0 0 0 0 0 0 0 0 0 0 0 0 0 0 0 0 0 0 

0 0 0 0 0 0 -4 0 0 0 0 0 0 0 0 0 0 0 0 0 0 0 0 0 0 0 

Detected: swipe_right
Channels: 6
Length: 8
Data:
-5 -6 -5 -6 -7 -3 -3 -1 

0 0 0 -3 0 0 0 0 

0 0 0 0 0 0 0 0 

0 0 0 0 0 0 0 0 

0 0 0 0 0 0 0 0 

0 0 0 0 0 0 0 0 

Detected: swipe_up
Channels: 6
Length: 27
Data:
1 5 8 17 20 20 20 0 0 0 0 0 0 -13 -14 -9 -5 -3 -1 0 4 5 14 13 0 0 0 

0 0 0 0 17 12 10 0 -6 0 0 -2 -5 -8 -8 -2 -1 0 0 0 0 0 20 20 20 0 0 

0 0 0 0 18 20 20 6 -5 -4 0 0 -9 -12 -11 -5 -4 -2 0 0 9 13 20 20 20 0 -15 

0 0 0 0 18 20 20 6 -5 -4 0 0 -9 -12 -11 -5 -4 -2 0 0 9 13 20 20 20 0 -15 

0 0 0 0 0 -20 0 0 0 0 0 0 0 0 0 0 0 0 0 0 0 0 0 0 0 0 0 

0 0 0 0 0 0 0 0 -3 0 0 0 0 0 0 0 0 0 0 0 0 0 0 0 0 0 0 

Detected: swipe_right
Channels: 6
Length: 8
Data:
-4 -4 -5 -5 -4 -3 -2 -1 

0 0 0 0 0 0 0 0 

0 0 0 0 0 0 0 0 

0 0 0 0 0 0 0 0 

0 0 0 0 0 0 0 0 

0 0 0 0 0 0 0 0 

Detected: swipe_up
Channels: 6
Length: 24
Data:
4 7 12 20 20 20 0 0 0 0 0 0 0 -15 -10 -6 -5 -1 1 2 10 13 11 4 

0 6 7 14 12 9 1 -7 -5 0 0 -4 0 0 -3 -2 -1 0 2 0 17 20 20 19 

0 0 0 19 20 18 12 -5 -5 -1 0 -8 -11 -13 -11 -5 -2 0 0 0 14 20 19 20 

0 0 0 19 20 18 12 -5 -5 -1 0 -8 -11 -13 -11 -5 -2 0 0 0 14 20 19 20 

0 0 0 0 0 0 0 0 0 0 0 0 0 0 0 0 0 0 0 0 0 0 0 0 

0 0 0 0 0 0 0 0 0 0 0 0 0 0 0 0 0 0 0 0 0 0 0 0 

Detected: swipe_up
Channels: 6
Length: 70
Data:
-3 -5 -5 0 -2 0 0 0 1 3 3 3 4 4 2 0 0 0 20 0 0 0 0 -11 -12 -2 9 11 0 0 0 -8 0 0 0 14 13 0 0 -9 -13 0 0 11 14 0 0 0 -2 -12 0 0 6 15 1 0 0 -3 -15 -13 0 0 0 15 0 0 0 0 0 0 

0 -6 0 0 0 0 0 0 0 0 0 0 7 7 6 0 0 0 -3 0 0 0 0 13 5 0 0 -7 -6 0 8 9 0 0 0 -4 -8 0 0 8 6 0 0 0 -9 0 0 0 9 8 0 0 0 -8 -14 0 0 16 8 0 0 0 0 -5 0 0 0 0 0 0 

0 0 -7 0 0 0 0 0 0 4 5 6 7 0 0 0 0 0 15 10 0 0 9 12 6 3 9 3 -10 -1 6 10 -1 -6 6 10 4 -4 7 11 6 -9 4 13 6 -12 0 7 8 7 -2 0 12 9 -11 -11 10 12 9 -14 0 0 14 13 1 -5 0 0 0 1 

0 0 -7 0 0 0 0 0 0 4 5 6 7 0 0 0 0 0 15 10 0 0 9 12 6 3 9 3 -10 -1 6 10 -1 -6 6 10 4 -4 7 11 6 -9 4 13 6 -12 0 7 8 7 -2 0 12 9 -11 -11 10 12 9 -14 0 0 14 13 1 -5 0 0 0 1 

0 0 0 0 0 0 0 0 0 0 0 0 0 0 0 0 0 0 0 0 0 0 0 0 0 0 0 0 0 0 0 0 0 0 0 0 0 0 0 0 0 0 0 0 0 0 0 0 0 0 0 0 0 0 0 0 0 0 0 0 0 0 0 0 0 0 0 0 0 0 

0 0 0 0 0 0 0 0 0 0 0 0 0 0 0 0 0 0 0 0 0 0 0 0 0 0 0 0 0 0 0 0 0 0 0 0 0 0 0 0 0 0 0 0 0 0 0 0 0 0 0 0 0 0 0 0 0 0 0 0 0 0 0 0 0 -3 0 0 0 0 

Detected: swipe_up
Channels: 6
Length: 46
Data:
-2 0 0 0 0 0 0 0 0 17 0 0 0 0 0 -13 -17 -8 0 9 14 0 0 0 -12 -15 -9 0 0 14 0 0 0 0 -12 -16 0 0 0 16 0 0 0 0 0 0 

2 0 0 0 0 0 0 0 0 1 0 0 0 0 0 14 4 0 0 0 0 -11 0 9 10 8 0 0 0 -4 0 0 0 11 13 0 0 0 0 -3 0 0 0 0 0 0 

3 2 -7 0 -9 0 0 0 18 15 -18 -15 -5 11 15 9 3 -9 2 14 7 -6 -2 4 9 3 -12 -1 9 18 6 -10 -4 10 11 -6 -14 0 9 18 1 -10 0 2 5 2 

3 2 -7 0 -9 0 0 0 18 15 -18 -15 -5 11 15 9 3 -9 2 14 7 -6 -2 4 9 3 -12 -1 9 18 6 -10 -4 10 11 -6 -14 0 9 18 1 -10 0 2 5 2 

-3 0 0 0 0 0 0 0 0 0 0 0 0 0 0 0 0 0 0 0 0 0 0 0 0 0 0 0 0 0 0 0 0 0 0 0 0 0 0 0 0 0 0 0 0 0 

0 0 0 0 0 0 0 0 0 0 -9 0 0 0 0 0 0 0 0 0 0 0 0 0 0 0 0 0 0 0 0 0 0 0 0 0 0 0 0 0 0 0 0 0 0 0 

