Started MediaCenter at 1:55:43 PM
Detected: swipe_right
Channels: 6
Length: 18
Data:
0 0 -6 -5 -6 -5 -4 -3 3 20 20 0 0 0 -5 -5 -3 -1 

0 0 0 -4 -2 -3 -1 1 0 20 20 0 0 0 0 -2 0 0 

1 0 -2 -7 -8 -7 -4 -2 7 20 20 0 0 -4 -7 -6 -4 0 

1 0 -2 -7 -8 -7 -4 -2 7 20 20 0 0 -4 -7 -6 -4 0 

0 0 0 0 0 0 0 0 0 0 -19 0 0 0 0 0 0 0 

0 0 -2 -3 0 0 0 0 0 0 0 0 0 0 0 0 0 0 

Detected: swipe_right
Channels: 6
Length: 11
Data:
0 -5 -5 -3 18 16 0 -4 -6 -4 -2 

0 -2 -2 5 15 8 0 0 0 -5 -1 

-3 -6 -7 -2 20 20 1 -2 -9 -9 -4 

-3 -6 -7 -2 20 20 1 -2 -9 -9 -4 

0 0 0 0 -20 -20 0 0 0 0 0 

0 0 0 0 0 3 0 0 0 0 0 

Detected: tap_down
Channels: 6
Length: 14
Data:
-1 -1 5 15 2 -4 -6 -6 -1 -1 0 0 0 0 

0 2 12 12 2 0 0 0 -3 0 0 0 1 1 

0 1 20 20 4 -3 -9 -10 -7 -2 0 1 1 1 

0 1 20 20 4 -3 -9 -10 -7 -2 0 1 1 1 

0 0 0 0 0 0 0 0 0 0 0 0 0 0 

0 0 0 2 0 0 0 0 0 0 0 0 0 0 

Detected: swipe_right
Channels: 6
Length: 5
Data:
0 0 0 0 0 

0 0 1 8 11 

1 1 2 4 5 

1 1 2 4 5 

0 0 0 0 0 

0 0 0 0 0 

Detected: swipe_right
Channels: 6
Length: 5
Data:
1 1 0 -7 -17 

0 0 9 12 0 

1 1 6 6 0 

1 1 6 6 0 

0 0 0 0 0 

0 0 0 0 0 

Detected: swipe_left
Channels: 6
Length: 8
Data:
0 0 2 4 4 0 2 1 

0 0 0 0 0 0 0 0 

1 1 1 1 1 1 2 1 

1 1 1 1 1 1 2 1 

0 0 0 0 0 0 0 0 

0 0 0 0 0 0 -2 0 

Detected: tap_back
Channels: 6
Length: 14
Data:
-2 -5 -7 13 20 7 -3 -7 -8 -6 -2 0 0 0 

0 0 3 6 10 7 -1 -7 -7 -5 -1 0 0 1 

-2 -5 -6 -1 20 12 -7 -11 -13 -11 -5 1 2 2 

-2 -5 -6 -1 20 12 -7 -11 -13 -11 -5 1 2 2 

0 0 0 0 0 0 0 0 0 0 0 0 0 0 

0 0 0 0 0 0 0 0 -1 0 0 0 0 0 

Detected: tap_down
Channels: 6
Length: 12
Data:
-1 -4 -4 -2 6 16 8 0 -3 -3 -3 0 

0 -2 -1 0 5 10 12 0 -3 -4 -3 0 

-4 -6 -7 -4 8 20 20 -1 -7 -7 -7 -2 

-4 -6 -7 -4 8 20 20 -1 -7 -7 -7 -2 

0 0 0 0 0 -20 0 0 0 0 0 0 

0 0 0 0 0 0 0 0 -3 0 0 0 

Detected: tap_right
Channels: 6
Length: 14
Data:
1 1 1 0 -12 -15 0 0 0 0 0 0 0 0 

0 0 2 12 14 0 0 0 0 0 0 0 0 0 

0 1 2 11 12 -13 -12 0 0 0 0 2 1 1 

0 1 2 11 12 -13 -12 0 0 0 0 2 1 1 

0 0 0 0 -12 0 0 0 0 0 0 0 0 0 

0 0 0 0 0 0 0 0 0 0 0 0 0 0 

Detected: tap_up
Channels: 6
Length: 18
Data:
0 -2 -7 -8 -5 7 20 20 5 -4 -11 -11 -7 -1 1 2 0 0 

0 -3 -7 -6 -5 4 20 15 4 -5 -12 -10 -7 0 1 0 1 1 

-2 -6 -9 -12 -8 5 20 20 4 -12 -19 -19 -15 -4 3 4 2 1 

-2 -6 -9 -12 -8 5 20 20 4 -12 -19 -19 -15 -4 3 4 2 1 

0 0 0 0 0 0 -20 -20 0 0 0 0 0 0 0 0 0 0 

0 -1 0 0 0 0 0 0 0 0 0 0 0 0 0 0 0 0 

Detected: swipe_left
Channels: 6
Length: 7
Data:
0 1 0 -1 -15 -17 0 

0 4 10 10 4 0 0 

1 6 8 5 -5 0 -2 

1 6 8 5 -5 0 -2 

0 0 0 0 0 0 0 

0 0 0 3 0 0 0 

Detected: swipe_right
Channels: 6
Length: 4
Data:
0 0 0 0 

0 0 0 0 

11 11 9 2 

11 11 9 2 

0 0 0 0 

0 0 0 0 

Detected: swipe_right
Channels: 6
Length: 16
Data:
0 -4 -4 -4 -3 4 11 20 13 0 -3 -7 -6 -6 -2 -1 

0 -2 -3 -3 0 0 9 15 16 5 -3 -6 -6 -4 0 0 

-2 -5 -6 -6 -4 2 18 20 20 4 -8 -11 -13 -11 -4 0 

-2 -5 -6 -6 -4 2 18 20 20 4 -8 -11 -13 -11 -4 0 

0 0 0 0 0 0 1 -20 -20 0 0 0 0 -2 0 0 

0 0 0 0 0 0 0 0 0 0 0 0 0 0 0 0 

Detected: tap_down
Channels: 6
Length: 15
Data:
0 7 16 14 1 -7 -9 -8 -6 -2 0 0 0 0 0 

1 5 13 13 -1 -3 -7 -7 -2 0 0 0 0 0 0 

4 14 20 20 2 -7 -13 -16 -9 -3 0 0 1 0 1 

4 14 20 20 2 -7 -13 -16 -9 -3 0 0 1 0 1 

0 0 0 6 0 0 0 0 0 0 0 0 0 0 0 

0 0 0 0 0 -1 0 -7 0 0 0 0 0 0 0 

Detected: swipe_right
Channels: 6
Length: 9
Data:
0 0 3 -20 -19 0 0 0 0 

0 3 10 11 0 0 0 0 0 

1 2 9 9 -19 0 0 0 -2 

1 2 9 9 -19 0 0 0 -2 

0 0 0 0 0 0 0 0 0 

0 0 0 0 0 0 0 0 0 

Detected: swipe_left
Channels: 6
Length: 5
Data:
0 0 0 0 0 

0 0 0 0 0 

1 0 0 0 1 

1 0 0 0 1 

0 0 0 0 0 

0 0 0 0 0 

Detected: swipe_right
Channels: 6
Length: 18
Data:
-1 -4 -3 -2 2 15 12 0 -1 -5 -7 -6 -5 -1 0 0 0 0 

0 -2 -1 0 5 10 14 0 0 -5 -6 -5 0 0 0 1 1 0 

-4 -5 -4 -2 10 20 20 10 -2 -8 -12 -11 -8 -3 1 2 2 1 

-4 -5 -4 -2 10 20 20 10 -2 -8 -12 -11 -8 -3 1 2 2 1 

0 0 0 0 0 0 0 0 0 0 0 0 0 0 0 0 0 0 

0 0 0 0 0 0 1 0 0 0 0 0 0 0 0 0 0 0 

Detected: tap_down
Channels: 6
Length: 15
Data:
-2 1 10 14 5 -4 -5 -7 -7 -4 0 1 3 2 0 

0 3 6 14 9 -1 -6 -6 -3 -2 0 0 1 2 1 

-4 -3 20 20 16 -6 -9 -11 -11 -6 -1 5 8 4 2 

-4 -3 20 20 16 -6 -9 -11 -11 -6 -1 5 8 4 2 

0 0 0 0 0 0 0 0 0 0 0 0 0 0 0 

0 0 0 0 0 0 0 0 0 0 0 0 0 0 0 

Detected: swipe_left
Channels: 6
Length: 10
Data:
2 2 2 2 1 1 0 0 0 0 

0 1 0 0 -3 -7 -2 -1 0 0 

2 3 3 3 1 -2 -7 -2 -2 -1 

2 3 3 3 1 -2 -7 -2 -2 -1 

0 0 0 0 0 0 0 0 0 0 

0 0 0 0 0 -1 0 0 0 0 

Detected: tap_down
Channels: 6
Length: 29
Data:
0 0 0 0 0 0 -1 -2 -1 -2 -4 -4 -2 2 7 15 15 10 0 0 -6 -8 -6 -3 -1 0 0 0 0 

0 0 0 3 2 0 0 0 0 0 -1 0 0 1 2 12 12 9 0 -5 -5 -5 -3 -1 0 0 0 0 0 

4 3 3 4 1 1 0 -1 -3 -5 -5 -4 -3 3 10 20 20 17 -1 -4 -10 -11 -9 -4 -1 0 0 0 1 

4 3 3 4 1 1 0 -1 -3 -5 -5 -4 -3 3 10 20 20 17 -1 -4 -10 -11 -9 -4 -1 0 0 0 1 

0 0 0 0 0 0 0 0 0 0 0 0 0 0 0 0 0 0 0 0 0 -1 0 0 0 0 0 0 0 

0 0 0 0 0 0 0 0 0 0 0 0 0 0 0 0 0 0 0 0 0 0 0 0 0 0 0 0 0 

Detected: swipe_right
Channels: 6
Length: 9
Data:
0 0 0 0 0 -1 -5 -8 -8 

0 1 2 3 4 5 2 0 0 

1 2 1 2 3 -1 -3 0 0 

1 2 1 2 3 -1 -3 0 0 

0 0 0 0 0 0 0 0 0 

0 0 0 0 0 0 0 0 0 

Detected: swipe_left
Channels: 6
Length: 4
Data:
0 0 0 0 

0 0 0 0 

-2 0 0 1 

-2 0 0 1 

0 0 0 0 

0 0 0 0 

Detected: tap_down
Channels: 6
Length: 25
Data:
0 0 0 0 0 0 0 -4 -7 -6 1 10 17 7 0 -2 -6 -7 -5 -2 0 0 0 0 0 

0 0 0 0 0 0 0 -1 -2 2 2 8 11 10 0 -1 -4 -4 -3 -1 0 0 0 0 0 

1 1 0 0 0 0 0 -5 -8 -6 5 18 20 20 1 -3 -7 -11 -9 -4 0 0 1 0 1 

1 1 0 0 0 0 0 -5 -8 -6 5 18 20 20 1 -3 -7 -11 -9 -4 0 0 1 0 1 

0 0 0 0 0 0 0 0 0 0 0 0 0 0 0 0 0 0 0 0 0 0 0 0 0 

0 0 -1 -1 0 0 0 0 0 0 0 0 0 0 0 0 0 0 0 0 0 0 0 0 0 

Detected: swipe_left
Channels: 6
Length: 6
Data:
0 0 0 -1 0 -10 

1 2 3 4 3 0 

2 3 3 2 -2 -3 

2 3 3 2 -2 -3 

0 0 0 0 0 0 

0 0 1 0 0 0 

Detected: tap_down
Channels: 6
Length: 18
Data:
0 0 -1 -5 -6 -6 3 5 15 19 6 -2 -2 -4 -2 -2 -2 -1 

0 0 0 -1 -3 0 2 3 7 12 10 0 0 -2 -1 -1 0 0 

1 1 -3 -7 -8 -7 -3 12 20 20 14 -4 -3 -5 -5 -5 -4 -2 

1 1 -3 -7 -8 -7 -3 12 20 20 14 -4 -3 -5 -5 -5 -4 -2 

0 0 0 0 0 0 0 0 0 0 0 0 0 -3 0 0 0 0 

0 0 0 0 0 0 0 0 0 2 2 0 0 0 0 0 0 0 

Detected: swipe_right
Channels: 6
Length: 6
Data:
1 0 0 0 -8 -14 

0 1 5 9 7 0 

2 3 4 6 3 0 

2 3 4 6 3 0 

0 0 0 0 0 0 

0 0 0 0 0 0 

Detected: tap_down
Channels: 6
Length: 19
Data:
0 -4 -3 -6 -4 -2 3 11 16 14 3 0 -3 -3 -3 -3 -3 -2 0 

0 -2 -5 -5 -4 0 3 4 15 15 0 0 0 -2 -2 -2 -1 0 0 

-1 -4 -7 -8 -4 -3 4 10 20 20 11 -2 -4 -6 -6 -5 -4 -2 -1 

-1 -4 -7 -8 -4 -3 4 10 20 20 11 -2 -4 -6 -6 -5 -4 -2 -1 

0 0 0 0 0 0 0 0 0 0 0 0 0 -2 -1 0 0 0 0 

0 0 0 0 0 0 0 0 0 0 0 0 0 0 0 0 0 0 0 

Detected: tap_down
Channels: 6
Length: 9
Data:
-3 -1 5 5 6 3 0 -3 -1 

1 1 3 3 2 -3 -13 -2 0 

2 4 5 10 8 2 -12 -4 -3 

2 4 5 10 8 2 -12 -4 -3 

0 0 0 0 0 0 0 0 0 

0 0 0 -1 -5 0 0 0 0 

Detected: swipe_right
Channels: 6
Length: 10
Data:
0 1 2 2 0 0 0 0 0 0 

12 13 8 2 0 0 0 -1 0 0 

13 10 8 6 2 0 -11 -10 -2 -2 

13 10 8 6 2 0 -11 -10 -2 -2 

0 0 0 0 0 0 0 0 0 0 

0 0 0 -3 -3 0 0 0 0 0 

Detected: swipe_left
Channels: 6
Length: 7
Data:
0 0 0 0 0 0 0 

0 0 2 0 1 1 0 

1 1 2 2 1 1 1 

1 1 2 2 1 1 1 

0 0 0 0 0 0 0 

0 0 0 0 0 0 0 

Detected: tap_down
Channels: 6
Length: 23
Data:
-1 -6 -5 -7 -5 0 6 15 18 11 1 -7 -8 -8 -6 -4 -2 0 0 0 0 0 0 

0 0 -5 -4 0 0 0 0 18 16 2 0 -3 -5 -5 -2 -1 0 0 0 0 0 0 

0 -8 -9 -9 -4 2 5 20 20 19 4 -4 -15 -15 -9 -6 -3 0 0 1 1 0 1 

0 -8 -9 -9 -4 2 5 20 20 19 4 -4 -15 -15 -9 -6 -3 0 0 1 1 0 1 

0 0 0 0 0 0 0 0 -20 0 0 0 0 0 0 0 0 0 0 0 0 0 0 

0 0 0 0 0 0 0 0 0 0 0 0 0 0 0 0 0 0 0 0 0 0 0 

Detected: swipe_left
Channels: 6
Length: 12
Data:
-1 -1 0 3 4 4 4 0 0 0 -1 0 

0 1 0 2 1 0 -5 -2 -2 -1 0 0 

0 1 1 4 5 4 3 -3 -8 -8 -2 -1 

0 1 1 4 5 4 3 -3 -8 -8 -2 -1 

0 0 0 0 0 0 0 0 0 0 0 0 

0 0 0 0 0 0 0 0 0 0 0 0 

Detected: tap_down
Channels: 6
Length: 26
Data:
0 0 0 -2 -1 -1 0 -1 -1 -1 0 0 0 1 3 13 15 9 0 0 -3 -3 -3 -3 -2 0 

0 0 0 0 0 0 0 0 0 0 0 0 0 1 0 9 15 0 3 0 -1 0 -2 -1 0 0 

1 0 0 0 0 -2 -1 -2 -2 -1 -1 0 0 2 3 18 20 14 3 -1 -6 -5 -9 -8 -3 -1 

1 0 0 0 0 -2 -1 -2 -2 -1 -1 0 0 2 3 18 20 14 3 -1 -6 -5 -9 -8 -3 -1 

0 0 0 0 0 0 0 0 0 0 0 0 0 0 0 0 0 0 0 0 0 0 0 0 0 0 

0 0 0 0 0 0 0 0 0 0 0 0 0 0 0 0 0 0 0 0 0 0 0 0 0 0 

Detected: swipe_left
Channels: 6
Length: 6
Data:
0 0 0 -3 -6 0 

1 4 5 5 0 0 

2 3 3 2 -3 -9 

2 3 3 2 -3 -9 

0 0 0 -2 -4 0 

0 0 0 0 0 0 

Detected: swipe_left
Channels: 6
Length: 5
Data:
0 0 0 0 0 

0 0 0 0 0 

1 0 0 0 1 

1 0 0 0 1 

0 0 0 0 0 

0 0 0 0 0 

Detected: tap_down
Channels: 6
Length: 20
Data:
0 1 1 1 0 -5 -6 -4 0 5 5 15 6 0 -3 -3 -4 -4 -2 -1 

0 0 0 0 0 -5 -4 0 0 1 0 14 13 0 0 -3 -3 -3 -2 0 

2 1 1 0 -4 -8 -9 -6 -2 6 10 20 15 0 -5 -6 -8 -8 -6 -2 

2 1 1 0 -4 -8 -9 -6 -2 6 10 20 15 0 -5 -6 -8 -8 -6 -2 

0 0 0 0 0 0 0 0 0 0 0 0 0 0 0 0 0 0 0 0 

0 0 0 0 0 0 0 0 0 0 0 0 0 0 0 0 0 0 0 0 

Detected: swipe_right
Channels: 6
Length: 9
Data:
0 0 1 0 0 0 -7 -12 -12 

0 1 1 1 4 4 5 0 0 

1 2 1 1 5 4 -3 -3 -11 

1 2 1 1 5 4 -3 -3 -11 

0 0 0 0 0 0 0 0 0 

0 0 0 0 0 0 0 0 0 

Detected: swipe_left
Channels: 6
Length: 7
Data:
2 2 1 1 1 0 0 

0 0 0 0 0 0 0 

0 2 2 1 1 1 1 

0 2 2 1 1 1 1 

0 0 1 0 0 0 0 

0 0 0 0 0 0 0 

Detected: tap_down
Channels: 6
Length: 19
Data:
0 -4 -3 -5 -9 -5 -2 6 20 17 2 0 0 0 -1 -3 -1 0 0 

0 -2 -4 0 -4 0 0 6 16 17 11 0 0 0 0 -1 0 0 0 

-1 -4 -7 -12 -12 -7 3 10 20 20 10 0 -1 -2 -3 -2 -2 -2 -1 

-1 -4 -7 -12 -12 -7 3 10 20 20 10 0 -1 -2 -3 -2 -2 -2 -1 

0 0 0 0 0 0 0 0 -20 -20 0 0 0 0 0 0 0 0 0 

0 0 0 0 0 0 0 0 0 0 1 0 0 0 0 0 0 0 0 

Detected: swipe_right
Channels: 6
Length: 7
Data:
0 0 0 0 -12 -13 -13 

0 1 3 5 2 0 0 

1 1 2 0 -2 -12 0 

1 1 2 0 -2 -12 0 

0 0 0 0 -6 0 0 

0 0 0 0 0 0 0 

Detected: swipe_left
Channels: 6
Length: 5
Data:
2 2 1 1 1 

0 0 0 0 0 

2 2 1 1 1 

2 2 1 1 1 

0 0 0 0 0 

0 0 0 0 0 

Detected: tap_down
Channels: 6
Length: 17
Data:
-3 -4 -4 -3 -1 10 16 10 3 0 -6 -8 -6 -3 -3 -2 0 

-1 -1 -2 0 1 10 16 16 7 0 -2 -3 -3 -4 -3 0 0 

-5 -5 -5 -5 4 16 20 20 10 -1 -7 -12 -6 -7 -6 -4 -1 

-5 -5 -5 -5 4 16 20 20 10 -1 -7 -12 -6 -7 -6 -4 -1 

0 0 0 0 0 0 0 0 0 0 -4 -4 0 -4 0 0 0 

0 0 0 0 0 0 0 3 0 0 -1 0 -7 -5 0 0 0 

Detected: swipe_left
Channels: 6
Length: 9
Data:
1 2 4 5 7 0 0 0 -1 

0 1 1 -1 -7 -4 -3 -1 0 

1 2 4 5 5 -8 -6 -4 -2 

1 2 4 5 5 -8 -6 -4 -2 

0 0 0 0 0 0 0 0 0 

0 0 0 0 -5 0 0 0 0 

Detected: tap_down
Channels: 6
Length: 32
Data:
0 0 0 0 0 0 0 0 0 0 0 0 0 0 0 -2 -5 -5 -4 -3 -1 5 11 17 0 0 -1 -5 -4 -4 -2 -1 

0 0 0 0 0 0 4 3 2 2 0 0 0 0 0 0 -2 -3 -2 -2 0 3 10 13 10 0 0 -3 -4 -2 -2 -1 

1 0 0 0 1 0 0 1 1 1 0 0 0 0 -1 -6 -5 -6 -5 -4 -2 6 19 20 14 0 -2 -5 -10 -5 -3 -2 

1 0 0 0 1 0 0 1 1 1 0 0 0 0 -1 -6 -5 -6 -5 -4 -2 6 19 20 14 0 -2 -5 -10 -5 -3 -2 

0 0 0 0 0 0 0 0 0 0 0 0 0 0 0 0 0 0 0 0 0 0 0 0 0 0 0 0 0 0 0 0 

0 0 0 0 0 0 0 0 0 0 0 0 0 0 0 0 0 0 0 0 0 0 0 0 0 0 0 0 0 0 0 0 

Detected: tap_right
Channels: 6
Length: 9
Data:
0 0 -3 -10 -11 0 0 -4 0 

2 3 4 4 0 0 0 0 0 

0 2 2 -2 -9 0 0 0 -4 

0 2 2 -2 -9 0 0 0 -4 

0 0 0 0 0 0 0 0 0 

0 0 0 0 0 0 0 0 0 

Detected: swipe_right
Channels: 6
Length: 12
Data:
3 0 0 5 4 3 1 0 -5 -9 -11 -10 

0 0 0 0 0 2 3 4 3 0 0 0 

0 1 2 2 4 2 3 3 1 -3 -10 -10 

0 1 2 2 4 2 3 3 1 -3 -10 -10 

0 0 0 0 0 2 0 0 -2 0 0 0 

0 0 0 0 0 0 0 0 0 0 0 0 

Detected: tap_down
Channels: 6
Length: 14
Data:
4 1 6 12 0 20 0 -1 -2 -3 -3 -1 -1 0 

0 -8 -6 6 12 17 2 -1 -1 -1 -1 0 0 0 

0 -7 -7 12 20 20 8 -6 -4 -3 -3 -3 -3 -1 

0 -7 -7 12 20 20 8 -6 -4 -3 -3 -3 -3 -1 

0 0 0 0 -20 -20 0 0 -3 -2 -2 0 0 0 

0 0 0 0 0 0 0 0 0 0 0 -1 0 0 

Detected: swipe_left
Channels: 6
Length: 5
Data:
0 0 0 0 0 

1 2 2 2 1 

1 2 3 2 1 

1 2 3 2 1 

0 0 0 0 0 

0 0 0 0 0 

Detected: swipe_left
Channels: 6
Length: 5
Data:
0 0 0 0 0 

2 0 0 0 0 

1 0 0 0 2 

1 0 0 0 2 

0 0 0 0 0 

0 0 0 0 0 

Detected: swipe_right
Channels: 6
Length: 21
Data:
0 0 0 0 0 0 -4 -8 -7 -5 3 8 20 10 0 -2 -4 -4 -4 -1 0 

0 0 0 0 0 0 0 -9 -7 0 1 6 18 14 2 0 -3 -4 -3 -1 0 

2 0 0 2 0 -3 -9 -12 -11 -4 3 11 20 20 4 -5 -7 -7 -6 -5 -2 

2 0 0 2 0 -3 -9 -12 -11 -4 3 11 20 20 4 -5 -7 -7 -6 -5 -2 

0 0 0 0 0 0 0 0 0 0 0 0 -20 -20 0 0 0 0 0 0 0 

0 0 0 0 -1 -2 -2 0 0 0 0 0 0 0 0 0 0 0 -3 0 0 

Detected: tap_down
Channels: 6
Length: 13
Data:
0 -3 -4 -2 13 12 0 -8 -8 -7 -4 -2 0 

0 0 0 4 9 12 0 0 -5 -6 -5 -1 0 

-1 -4 -3 -2 19 18 1 -4 -10 -10 -6 -4 -1 

-1 -4 -3 -2 19 18 1 -4 -10 -10 -6 -4 -1 

0 0 0 0 0 0 0 0 0 0 0 0 0 

0 0 0 0 0 0 0 0 0 0 0 0 0 

Detected: tap_down
Channels: 6
Length: 7
Data:
0 3 2 3 0 0 -14 

0 0 2 4 9 8 0 

1 2 3 9 9 1 -5 

1 2 3 9 9 1 -5 

0 0 0 0 0 0 0 

0 0 0 0 0 0 0 

Detected: swipe_left
Channels: 6
Length: 20
Data:
0 0 0 0 0 0 0 0 0 0 4 -9 -12 0 0 0 0 0 0 0 

0 0 0 0 0 0 0 2 3 6 9 7 0 0 0 0 0 0 0 0 

2 0 0 2 0 0 2 3 6 7 7 2 -8 -11 0 0 0 0 -3 -3 

2 0 0 2 0 0 2 3 6 7 7 2 -8 -11 0 0 0 0 -3 -3 

0 0 0 0 0 0 0 0 0 0 0 0 0 0 0 0 0 0 0 0 

0 0 0 0 0 0 0 0 0 0 0 0 0 0 0 0 0 0 0 0 

Detected: swipe_left
Channels: 6
Length: 6
Data:
0 0 -1 -2 -1 0 

0 0 0 -2 0 0 

-1 -4 -4 -4 -2 -1 

-1 -4 -4 -4 -2 -1 

-1 0 0 0 0 0 

0 0 0 0 0 0 

Detected: tap_down
Channels: 6
Length: 26
Data:
0 15 9 -5 -1 0 0 -15 -13 0 0 13 0 0 0 0 -13 -9 0 0 13 10 0 0 0 0 

0 -6 0 -3 0 5 17 11 9 0 0 -7 0 0 0 0 0 0 0 0 -2 -6 -6 0 -2 0 

9 10 2 -15 0 10 18 19 4 -1 5 7 2 0 0 0 8 4 0 0 0 -7 -7 -7 -6 -1 

9 10 2 -15 0 10 18 19 4 -1 5 7 2 0 0 0 8 4 0 0 0 -7 -7 -7 -6 -1 

0 0 0 0 0 0 0 0 0 0 0 0 0 0 0 0 0 0 0 0 0 0 0 0 0 0 

0 -5 0 0 0 0 0 0 0 0 0 0 0 0 0 0 0 0 0 0 0 0 0 0 0 0 

Detected: swipe_right
Channels: 6
Length: 28
Data:
7 10 10 0 0 -2 0 0 0 2 0 0 -2 0 -2 0 3 5 4 0 0 0 0 0 0 -9 -12 -7 

0 -2 -11 -3 -1 0 0 0 0 0 5 10 9 0 0 0 0 -3 -7 0 0 0 3 4 0 11 7 0 

10 9 7 -5 -9 -2 0 0 1 2 12 15 7 -3 0 0 3 7 1 -13 0 -3 1 12 12 7 5 -5 

10 9 7 -5 -9 -2 0 0 1 2 12 15 7 -3 0 0 3 7 1 -13 0 -3 1 12 12 7 5 -5 

0 0 0 0 0 0 0 0 0 0 0 0 0 -3 0 0 0 0 0 0 0 0 0 0 0 0 0 0 

0 -5 0 0 0 0 0 0 0 0 0 0 0 0 0 0 0 0 0 0 0 0 0 0 0 0 0 0 

Detected: x
Channels: 6
Length: 36
Data:
0 0 3 3 4 3 2 3 0 3 3 3 0 0 0 0 0 1 0 -1 0 0 0 1 0 0 0 0 0 1 0 -6 -5 -4 -2 -1 

1 0 0 0 0 2 0 1 0 1 1 0 -6 0 0 3 4 2 -8 -2 0 6 6 -1 -4 0 1 6 5 0 -13 -3 0 0 0 0 

0 0 0 0 0 0 3 2 3 4 4 3 -3 -3 -1 4 3 2 -2 -9 1 7 6 2 -10 -3 4 7 2 1 -13 -12 -5 -3 -1 0 

0 0 0 0 0 0 3 2 3 4 4 3 -3 -3 -1 4 3 2 -2 -9 1 7 6 2 -10 -3 4 7 2 1 -13 -12 -5 -3 -1 0 

0 0 0 0 0 0 0 0 0 0 0 0 0 0 0 0 0 0 0 0 0 0 0 0 0 0 0 0 0 0 0 0 0 0 0 0 

0 0 0 0 0 0 0 0 0 0 0 0 0 0 0 0 0 0 0 0 0 0 0 0 0 0 0 0 0 0 0 0 0 0 0 0 

Detected: swipe_left
Channels: 6
Length: 9
Data:
2 4 3 2 0 0 0 0 0 

-1 -1 0 -2 0 0 -1 -1 -1 

1 3 2 3 2 0 -1 -1 -1 

1 3 2 3 2 0 -1 -1 -1 

0 0 0 0 0 0 0 0 0 

0 0 0 0 0 0 0 0 0 

Detected: swipe_left
Channels: 6
Length: 7
Data:
0 0 0 0 -1 -1 0 

1 1 0 0 0 0 0 

0 0 0 0 -2 -2 -1 

0 0 0 0 -2 -2 -1 

0 0 0 0 0 0 0 

0 0 0 0 0 0 0 

Detected: swipe_left
Channels: 6
Length: 10
Data:
0 0 0 0 0 0 0 0 -2 0 

0 0 0 0 3 0 0 0 0 0 

1 4 4 3 2 1 0 -1 -2 -2 

1 4 4 3 2 1 0 -1 -2 -2 

0 0 0 0 0 0 0 0 0 0 

0 0 0 0 0 0 0 0 0 0 

Detected: swipe_left
Channels: 6
Length: 9
Data:
-1 0 0 0 0 0 0 0 0 

0 0 0 0 0 0 2 0 1 

0 0 0 0 3 0 0 0 0 

0 0 0 0 3 0 0 0 0 

0 0 0 0 0 0 0 0 0 

0 0 0 0 0 0 0 0 0 

Detected: horizontal_circle
Channels: 6
Length: 19
Data:
0 7 2 0 0 0 0 0 0 0 -3 0 0 4 8 0 0 0 0 

1 0 0 -5 0 0 3 4 6 6 0 0 0 -3 -9 0 0 0 0 

4 4 2 -1 -1 1 4 3 6 5 -2 0 1 6 6 -17 -14 -6 -1 

4 4 2 -1 -1 1 4 3 6 5 -2 0 1 6 6 -17 -14 -6 -1 

0 0 0 0 0 0 0 0 0 -2 -1 0 0 0 7 -1 -1 0 0 

0 -3 0 0 0 0 0 0 0 0 0 0 0 0 0 0 -6 0 0 

Keypress: P

Detected: swipe_left
Channels: 6
Length: 7
Data:
-20 0 0 0 0 0 0 

0 0 0 0 0 0 0 

0 0 1 0 1 0 1 

0 0 1 0 1 0 1 

0 0 0 0 0 0 0 

0 0 0 0 0 0 0 

Keypress: P

Keypress: P

Detected: tap_down
Channels: 6
Length: 12
Data:
0 0 -2 -5 -5 0 4 10 0 0 0 0 

0 3 9 7 1 0 -5 -6 0 0 0 0 

-1 7 10 11 4 -1 -4 -14 -20 -7 -6 1 

-1 7 10 11 4 -1 -4 -14 -20 -7 -6 1 

0 0 0 0 -4 0 0 0 0 0 0 0 

0 0 0 0 0 0 0 0 0 0 0 0 

Detected: tap_down
Channels: 6
Length: 17
Data:
0 0 0 0 0 0 -5 -3 -5 -1 0 8 0 -1 0 0 0 

0 0 4 3 3 2 1 4 0 0 0 -2 -2 0 0 0 -1 

3 0 4 0 3 3 4 -2 -2 0 0 5 8 -9 -16 -10 -1 

3 0 4 0 3 3 4 -2 -2 0 0 5 8 -9 -16 -10 -1 

0 0 0 0 0 0 -1 -1 0 0 0 6 0 0 -1 0 0 

0 0 0 0 0 0 0 0 0 0 0 0 -1 -3 0 0 0 

Detected: tap_right
Channels: 6
Length: 18
Data:
0 0 0 0 0 0 0 0 0 0 0 0 0 9 3 0 0 0 

0 0 3 3 0 0 2 0 0 0 0 0 0 0 0 0 0 -2 

1 1 1 0 5 4 2 -4 0 0 0 0 7 -13 -10 -13 -13 -4 

1 1 1 0 5 4 2 -4 0 0 0 0 7 -13 -10 -13 -13 -4 

0 0 0 0 0 0 -5 -3 0 0 0 0 0 0 0 0 0 0 

0 0 0 0 0 0 0 0 0 0 0 0 0 0 -3 0 0 0 

Detected: tap_down
Channels: 6
Length: 27
Data:
0 2 0 8 6 0 0 0 -9 -12 0 8 8 0 0 0 0 -13 -11 0 0 8 3 0 0 0 0 

0 0 0 0 0 0 0 0 0 11 0 -3 -10 0 0 0 0 9 0 0 0 0 0 0 0 0 0 

2 2 6 7 2 -11 0 14 11 11 2 4 -11 -19 -9 9 3 12 -9 0 5 7 -5 -7 -6 0 -1 

2 2 6 7 2 -11 0 14 11 11 2 4 -11 -19 -9 9 3 12 -9 0 5 7 -5 -7 -6 0 -1 

0 0 0 0 0 0 0 0 0 0 0 0 0 0 0 0 0 0 0 0 0 0 0 0 0 0 0 

0 0 0 0 0 0 0 0 0 3 0 -1 0 0 0 0 0 3 0 0 0 0 -1 0 0 0 -1 

Detected: tap_down
Channels: 6
Length: 33
Data:
0 0 0 0 0 0 0 0 0 0 0 0 8 10 6 0 0 0 0 -2 -10 -12 0 7 8 6 0 0 0 0 0 -6 -6 

2 2 0 0 0 0 1 0 0 0 0 0 0 -4 0 -9 0 3 9 13 12 0 0 0 -2 -10 0 0 0 0 0 0 0 

0 0 2 0 0 0 0 0 0 0 0 4 8 8 1 -13 -6 6 13 15 13 1 -5 1 -3 -8 -19 -10 -4 2 9 4 0 

0 0 2 0 0 0 0 0 0 0 0 4 8 8 1 -13 -6 6 13 15 13 1 -5 1 -3 -8 -19 -10 -4 2 9 4 0 

0 0 0 0 0 0 0 0 0 0 0 0 0 0 0 0 0 0 0 0 0 0 0 0 0 0 0 0 0 0 0 0 0 

0 0 0 0 0 0 0 0 0 0 0 0 0 0 0 0 0 0 0 0 0 0 0 0 0 0 0 0 0 0 0 0 0 

Detected: tap_down
Channels: 6
Length: 25
Data:
3 5 0 0 0 0 0 0 0 0 -2 -4 -3 -1 2 3 4 0 0 0 0 0 0 -2 0 

0 -1 -1 -7 0 0 0 1 6 0 8 7 0 0 0 0 0 -6 -6 -3 1 8 0 0 0 

2 4 1 -6 0 -6 -1 3 8 10 10 4 -1 -1 0 0 -3 -7 -8 -1 0 5 8 5 -4 

2 4 1 -6 0 -6 -1 3 8 10 10 4 -1 -1 0 0 -3 -7 -8 -1 0 5 8 5 -4 

0 0 0 0 0 0 0 0 0 0 0 -3 -4 0 0 0 0 0 0 0 0 0 0 0 0 

0 0 0 0 0 0 0 0 0 0 0 0 0 0 0 0 0 -1 0 0 0 0 0 0 0 

Detected: x
Channels: 6
Length: 23
Data:
0 7 12 6 0 0 0 0 -5 -12 -13 -5 4 6 7 0 0 -1 0 0 0 -13 -16 

0 0 -1 -6 -9 -3 1 4 11 8 0 0 0 0 -6 0 0 -2 3 13 0 9 0 

2 8 11 7 -7 -4 0 6 7 3 -7 -4 2 4 3 -8 -9 -7 8 11 14 7 -11 

2 8 11 7 -7 -4 0 6 7 3 -7 -4 2 4 3 -8 -9 -7 8 11 14 7 -11 

0 0 4 0 0 0 0 0 0 0 0 0 0 0 0 0 0 0 0 0 0 0 0 

0 0 -1 0 0 0 0 0 0 4 0 0 0 0 -2 0 0 0 0 0 0 0 0 

Detected: swipe_left
Channels: 6
Length: 13
Data:
0 1 1 1 2 1 1 0 0 0 0 0 0 

0 0 1 2 1 3 0 0 0 0 0 0 0 

1 2 3 3 4 4 3 2 0 0 1 2 1 

1 2 3 3 4 4 3 2 0 0 1 2 1 

0 0 0 0 0 0 0 0 0 0 0 0 0 

0 0 0 0 0 1 0 0 0 0 0 0 0 

Detected: swipe_left
Channels: 6
Length: 12
Data:
0 0 0 0 0 0 -1 0 0 0 0 0 

0 0 0 0 0 0 0 0 0 0 0 0 

-4 -2 -3 0 0 -2 -2 -3 -5 -2 -3 -1 

-4 -2 -3 0 0 -2 -2 -3 -5 -2 -3 -1 

0 0 0 0 0 0 0 0 0 0 0 0 

0 0 0 0 0 3 0 0 0 0 0 0 

Detected: swipe_left
Channels: 6
Length: 10
Data:
0 0 0 0 0 0 1 0 0 0 

0 0 0 0 1 0 2 2 1 0 

1 2 0 0 0 2 2 3 3 1 

1 2 0 0 0 2 2 3 3 1 

0 0 0 0 0 0 0 0 0 0 

0 0 0 0 0 0 0 0 0 0 

Detected: tap_down
Channels: 6
Length: 23
Data:
1 3 3 0 0 0 0 0 0 -10 -9 0 0 8 9 0 0 0 0 0 0 0 0 

0 -1 0 0 0 0 0 9 9 6 0 0 0 0 -1 -6 0 0 0 0 0 0 0 

1 1 -5 -9 -2 -2 6 11 7 4 -6 0 0 5 7 1 -10 -10 -5 2 6 14 9 

1 1 -5 -9 -2 -2 6 11 7 4 -6 0 0 5 7 1 -10 -10 -5 2 6 14 9 

0 0 0 0 0 0 0 0 0 -8 0 0 0 0 0 0 0 0 0 0 0 0 0 

0 0 0 0 0 0 0 4 2 2 0 0 0 0 0 0 -7 -6 0 0 0 0 0 

Detected: tap_down
Channels: 6
Length: 34
Data:
-2 -1 0 0 1 3 8 2 0 0 0 0 0 -6 -5 -5 7 7 0 0 0 0 0 -18 0 0 0 0 -4 0 0 0 0 0 

0 0 0 0 0 0 -1 -7 -9 -7 0 6 15 15 6 0 0 -5 -13 0 0 0 11 0 0 0 0 0 0 0 0 0 0 0 

0 0 0 0 1 4 4 3 -14 -13 -6 6 14 14 1 -1 4 3 -16 -10 -1 15 13 6 0 0 0 6 1 -10 -5 2 2 1 

0 0 0 0 1 4 4 3 -14 -13 -6 6 14 14 1 -1 4 3 -16 -10 -1 15 13 6 0 0 0 6 1 -10 -5 2 2 1 

0 0 0 0 0 0 0 0 0 0 0 0 0 0 0 0 0 0 0 0 0 0 0 0 0 0 0 0 0 0 0 0 0 0 

0 0 0 0 0 0 0 -1 0 0 0 0 0 0 0 0 0 0 -6 0 0 0 0 0 0 0 0 -1 0 0 0 0 0 0 

Detected: tap_down
Channels: 6
Length: 25
Data:
14 13 0 0 0 0 -3 -11 -9 4 8 6 0 0 0 0 -11 0 0 0 0 0 0 0 0 

0 -6 -11 -3 4 6 12 9 0 0 0 -7 -12 0 0 0 0 0 0 0 0 0 0 0 0 

12 7 4 -9 -1 11 11 6 -6 0 4 2 -12 -4 0 7 7 0 0 0 7 -1 -17 -13 4 

12 7 4 -9 -1 11 11 6 -6 0 4 2 -12 -4 0 7 7 0 0 0 7 -1 -17 -13 4 

0 0 0 0 0 0 0 0 0 0 0 0 0 0 0 0 0 0 0 0 0 0 0 0 0 

0 0 0 0 0 0 0 0 0 0 0 0 0 0 0 0 0 0 0 0 0 0 0 0 0 

Detected: swipe_left
Channels: 6
Length: 3
Data:
0 0 0 

0 0 0 

1 1 1 

1 1 1 

0 0 0 

0 0 0 

Detected: x
Channels: 6
Length: 24
Data:
-5 5 16 13 0 0 0 -7 -6 8 5 0 0 0 0 0 8 0 0 0 0 0 0 0 

0 0 0 -10 -8 0 18 12 0 0 -10 0 0 0 0 0 0 0 0 0 -3 0 0 0 

0 0 14 9 -14 0 15 13 -2 2 -9 -11 -2 12 4 0 10 2 -8 -20 -7 2 3 2 

0 0 14 9 -14 0 15 13 -2 2 -9 -11 -2 12 4 0 10 2 -8 -20 -7 2 3 2 

0 0 0 0 0 0 0 0 0 0 0 0 0 0 0 0 0 0 0 0 0 0 0 0 

0 0 0 0 0 0 0 0 0 0 -1 0 0 0 0 0 0 0 0 0 0 0 0 0 

Detected: swipe_left
Channels: 6
Length: 21
Data:
0 0 0 0 0 0 0 0 0 0 0 0 -1 0 -1 -1 0 0 0 0 0 

0 0 0 0 1 0 0 0 0 0 0 0 2 4 4 2 0 0 0 0 0 

1 0 0 2 0 0 0 0 0 1 1 2 3 4 2 0 0 0 0 0 1 

1 0 0 2 0 0 0 0 0 1 1 2 3 4 2 0 0 0 0 0 1 

0 0 0 0 0 0 0 0 0 0 0 0 0 0 0 0 0 0 0 0 0 

0 0 0 0 0 0 0 0 0 0 0 0 0 0 0 0 0 0 0 0 0 

Detected: scratchout
Channels: 6
Length: 26
Data:
1 6 7 6 0 0 0 -10 -12 0 10 10 2 0 0 -1 0 0 0 11 6 0 0 0 0 -9 

0 0 -1 -10 0 0 11 13 0 0 0 -4 -8 0 9 10 0 0 0 0 0 0 0 0 13 0 

1 3 6 5 -12 0 15 10 -4 -4 4 3 -6 0 9 8 3 0 2 5 4 -15 -1 13 10 4 

1 3 6 5 -12 0 15 10 -4 -4 4 3 -6 0 9 8 3 0 2 5 4 -15 -1 13 10 4 

0 0 0 0 0 0 0 0 0 0 0 0 0 0 0 0 0 0 0 0 0 0 0 0 0 0 

0 0 0 0 0 0 0 0 0 0 0 0 0 0 0 0 0 0 0 0 0 0 0 0 0 0 

Detected: horizontal_circle
Channels: 6
Length: 4
Data:
0 0 0 -1 

0 0 0 0 

4 0 0 -11 

4 0 0 -11 

0 0 0 0 

0 0 0 0 

Keypress: P

Detected: x
Channels: 6
Length: 36
Data:
0 0 0 -4 0 0 0 0 8 9 0 0 0 -14 -14 0 8 11 4 0 0 0 -6 -11 0 0 0 0 0 0 0 0 0 0 -3 -2 

0 0 0 0 0 0 0 0 0 -8 -10 0 13 12 0 0 0 0 -7 -12 0 15 15 0 0 0 0 0 0 0 0 0 0 0 0 0 

3 0 0 0 0 0 0 3 3 3 -13 -5 12 11 -8 0 2 5 -7 -13 0 9 13 2 0 0 0 0 -7 0 -13 10 17 0 3 0 

3 0 0 0 0 0 0 3 3 3 -13 -5 12 11 -8 0 2 5 -7 -13 0 9 13 2 0 0 0 0 -7 0 -13 10 17 0 3 0 

0 0 0 0 0 0 0 0 0 0 0 0 0 -13 0 0 0 0 0 0 0 0 0 0 0 0 0 0 0 0 0 0 0 0 0 0 

0 0 0 0 0 0 0 0 0 -1 0 0 0 0 0 0 0 0 0 0 0 0 2 0 0 0 0 0 0 0 0 0 0 0 0 0 

Detected: tap_back
Channels: 6
Length: 4
Data:
0 -15 -16 0 

0 0 0 0 

-5 -11 -16 -16 

-5 -11 -16 -16 

0 0 0 0 

0 0 0 0 

Detected: swipe_right
Channels: 6
Length: 25
Data:
0 0 0 0 0 0 19 0 0 -4 -12 -1 12 0 0 0 -6 -13 -4 10 0 0 0 0 -20 

0 0 0 0 0 0 -18 0 0 20 11 0 -13 -15 0 0 17 9 0 -7 -19 0 0 0 0 

3 3 0 0 1 17 10 -20 2 12 11 5 4 -20 0 20 20 8 4 6 -6 -17 0 15 15 

3 3 0 0 1 17 10 -20 2 12 11 5 4 -20 0 20 20 8 4 6 -6 -17 0 15 15 

0 0 0 0 0 0 0 0 0 0 0 0 0 0 0 0 -13 -15 0 0 0 0 0 0 0 

0 0 0 0 0 0 0 0 0 0 0 0 0 0 0 0 0 0 0 0 0 0 0 0 3 

Detected: x
Channels: 6
Length: 26
Data:
0 0 0 0 -16 0 13 12 0 0 0 0 0 0 0 0 0 0 0 0 0 0 0 0 0 0 

0 0 0 16 15 0 0 0 0 0 0 0 0 0 0 0 0 0 0 0 0 0 0 0 0 0 

-5 -14 -14 20 10 0 9 1 -18 16 15 -4 0 11 -12 -11 19 11 -3 0 -2 -18 0 8 15 -10 

-5 -14 -14 20 10 0 9 1 -18 16 15 -4 0 11 -12 -11 19 11 -3 0 -2 -18 0 8 15 -10 

0 0 0 0 0 0 0 0 0 0 0 0 0 0 0 0 0 0 0 0 0 0 0 0 0 0 

-3 0 0 0 0 0 0 0 0 0 0 0 0 0 0 0 0 2 0 0 0 0 0 0 0 -3 

Detected: swipe_left
Channels: 6
Length: 3
Data:
0 0 0 

0 0 0 

-1 -5 -7 

-1 -5 -7 

0 0 0 

0 0 0 

Detected: swipe_left
Channels: 6
Length: 4
Data:
0 0 0 0 

0 0 0 0 

1 1 3 2 

1 1 3 2 

0 0 0 0 

0 0 0 0 

Detected: scratchout
Channels: 6
Length: 28
Data:
-2 6 9 5 -3 0 -8 -9 8 6 0 0 0 0 0 9 6 0 0 0 -7 0 14 0 0 0 0 0 

0 0 0 -14 0 0 16 0 -4 0 0 0 19 0 0 0 -12 0 0 0 0 0 -1 0 0 0 0 0 

1 5 7 -19 -12 12 14 3 3 4 -16 13 16 4 0 -6 -12 -12 11 12 12 -3 -2 -5 -12 -9 13 12 

1 5 7 -19 -12 12 14 3 3 4 -16 13 16 4 0 -6 -12 -12 11 12 12 -3 -2 -5 -12 -9 13 12 

0 0 0 0 0 0 0 0 0 0 0 0 0 0 0 0 0 0 0 0 0 0 0 0 0 0 0 0 

0 0 0 0 0 0 0 0 0 0 0 0 0 0 0 -1 0 0 0 0 0 0 -1 0 0 0 0 0 

Detected: swipe_up
Channels: 6
Length: 9
Data:
0 0 0 10 0 0 0 0 0 

0 0 0 0 0 0 0 0 0 

1 7 9 -13 -20 -3 -9 -10 -5 

1 7 9 -13 -20 -3 -9 -10 -5 

0 0 0 0 0 0 0 0 0 

0 0 0 0 0 0 0 0 0 

Detected: swipe_left
Channels: 6
Length: 21
Data:
0 1 0 0 0 0 0 0 0 0 0 0 0 0 0 0 1 3 3 1 -1 

0 0 3 0 0 0 0 0 0 0 0 0 0 0 0 0 0 0 0 0 0 

1 1 3 3 2 1 0 0 0 1 3 5 2 2 0 0 0 1 0 0 0 

1 1 3 3 2 1 0 0 0 1 3 5 2 2 0 0 0 1 0 0 0 

0 0 0 0 0 0 0 0 0 0 0 0 0 0 0 0 0 0 0 0 0 

0 0 0 0 0 0 0 0 0 0 0 0 1 0 0 0 0 0 0 0 0 

Detected: x
Channels: 6
Length: 57
Data:
-1 0 -4 -3 -2 0 0 0 -4 0 0 0 0 -1 -1 0 -1 0 0 0 -2 0 0 0 0 0 0 -3 15 7 0 0 -7 -11 -3 7 0 0 0 -7 -14 -5 10 0 0 0 0 -17 0 0 0 0 0 0 0 0 0 

0 0 0 0 0 0 0 0 0 0 0 0 0 0 0 0 0 0 0 0 0 0 0 0 0 0 0 3 0 -15 0 0 18 16 -1 -13 0 0 0 19 9 0 -10 0 0 0 0 9 0 0 0 0 0 0 0 0 0 

0 0 0 0 -1 0 0 0 0 0 0 0 0 0 0 0 0 0 0 0 0 0 0 3 5 0 0 8 10 1 -19 19 20 11 5 3 -20 -12 20 20 8 5 7 -16 -15 20 20 4 -2 0 -3 -16 -15 3 11 11 2 

0 0 0 0 -1 0 0 0 0 0 0 0 0 0 0 0 0 0 0 0 0 0 0 3 5 0 0 8 10 1 -19 19 20 11 5 3 -20 -12 20 20 8 5 7 -16 -15 20 20 4 -2 0 -3 -16 -15 3 11 11 2 

0 0 0 0 0 0 0 0 0 0 0 0 0 0 0 0 0 0 0 0 0 0 0 0 0 0 0 0 0 0 0 0 -1 0 -1 -1 0 0 0 0 0 0 0 0 0 0 0 0 0 0 0 0 0 0 0 0 0 

0 0 0 0 0 0 0 0 0 0 0 0 0 0 0 0 0 0 0 0 0 0 0 0 0 0 0 0 0 0 0 0 0 0 0 0 0 0 0 0 0 0 0 0 0 0 0 2 0 0 0 0 0 0 0 0 0 

Detected: swipe_left
Channels: 6
Length: 9
Data:
0 0 0 0 0 0 0 0 0 

0 1 1 0 -3 -1 0 0 -2 

2 5 5 7 0 -5 -1 -3 -3 

2 5 5 7 0 -5 -1 -3 -3 

0 0 0 0 0 0 0 0 0 

0 0 0 -8 -15 0 0 0 0 

Detected: swipe_left
Channels: 6
Length: 10
Data:
0 0 0 0 0 0 0 0 0 0 

0 0 0 -1 -1 0 0 0 0 0 

1 1 0 -2 -2 -5 -4 -3 -1 -1 

1 1 0 -2 -2 -5 -4 -3 -1 -1 

0 0 0 0 0 0 0 0 0 0 

0 0 0 0 0 0 0 0 0 0 

Detected: tap_down
Channels: 6
Length: 17
Data:
0 0 0 -5 -1 4 10 1 0 0 0 0 -13 0 0 8 9 

2 7 0 0 0 0 -7 -12 0 0 0 0 12 0 0 0 0 

4 6 0 3 3 4 4 -12 -18 0 16 10 9 -9 0 7 3 

4 6 0 3 3 4 4 -12 -18 0 16 10 9 -9 0 7 3 

0 0 0 0 0 0 0 0 0 0 0 0 0 0 0 0 0 

0 0 0 0 0 0 0 0 0 0 0 0 0 0 0 0 -7 

Detected: tap_up
Channels: 6
Length: 7
Data:
0 0 0 0 0 0 0 

0 0 0 0 0 0 0 

9 -7 -9 -18 13 13 11 

9 -7 -9 -18 13 13 11 

0 0 0 0 0 0 0 

0 0 0 0 0 0 9 

Detected: tap_down
Channels: 6
Length: 15
Data:
0 0 4 -9 0 0 -16 -15 5 11 0 0 0 0 0 

0 0 0 0 0 0 16 6 0 -7 0 0 0 0 0 

2 4 -12 -20 0 14 16 4 8 6 -13 -8 0 7 1 

2 4 -12 -20 0 14 16 4 8 6 -13 -8 0 7 1 

0 0 0 0 0 0 0 0 0 0 0 0 0 0 0 

0 0 0 0 0 0 0 0 0 0 0 0 0 0 0 

Detected: tap_down
Channels: 6
Length: 21
Data:
0 0 0 0 -7 12 8 0 0 0 -12 -8 0 9 4 0 0 0 0 0 0 

0 0 0 5 2 1 0 0 0 12 11 0 0 -1 -16 0 0 0 0 0 0 

1 3 3 7 3 7 7 -17 -10 20 19 -6 2 4 4 -19 -3 5 10 -4 -9 

1 3 3 7 3 7 7 -17 -10 20 19 -6 2 4 4 -19 -3 5 10 -4 -9 

0 0 0 0 0 0 0 0 0 0 -12 0 0 0 0 0 0 0 0 0 0 

0 0 0 0 0 0 0 0 0 0 0 0 0 0 0 0 0 0 0 0 0 

Detected: tap_down
Channels: 6
Length: 19
Data:
0 13 11 0 5 -9 -11 11 5 0 0 -15 0 0 6 0 0 0 -9 

0 0 -14 0 10 10 0 -4 -14 0 0 17 0 0 -6 0 0 0 0 

8 10 4 -4 18 14 1 4 9 -6 17 18 -12 0 -18 -19 5 11 5 

8 10 4 -4 18 14 1 4 9 -6 17 18 -12 0 -18 -19 5 11 5 

0 0 0 0 0 0 0 0 0 0 0 0 0 0 0 0 0 0 0 

0 0 0 0 0 0 0 0 0 0 0 0 0 0 0 0 0 0 0 

Detected: tap_down
Channels: 6
Length: 13
Data:
0 13 13 0 0 5 -13 -4 8 0 0 0 -20 

0 0 -13 0 0 16 16 0 -7 -12 0 20 3 

4 5 9 -17 12 20 12 4 4 -18 -14 18 9 

4 5 9 -17 12 20 12 4 4 -18 -14 18 9 

0 0 0 0 0 0 0 0 0 0 0 0 0 

0 0 0 0 0 0 0 0 0 0 0 0 0 

Detected: tap_down
Channels: 6
Length: 28
Data:
0 0 0 14 16 10 0 0 0 -6 -16 0 0 0 14 0 0 0 -12 -11 0 0 0 19 0 0 0 0 

0 0 0 0 -2 -10 0 0 0 16 14 0 0 0 0 0 0 8 16 0 0 0 0 0 0 0 0 0 

1 1 0 13 13 4 -13 0 13 15 12 0 0 0 8 3 -12 1 11 3 0 0 0 11 -9 -20 -13 -1 

1 1 0 13 13 4 -13 0 13 15 12 0 0 0 8 3 -12 1 11 3 0 0 0 11 -9 -20 -13 -1 

0 0 0 0 0 0 0 0 0 0 0 0 0 0 0 0 0 0 0 0 0 0 0 0 0 0 0 0 

0 0 0 0 0 0 0 0 0 0 0 0 0 0 0 0 0 0 0 0 0 0 0 -1 0 0 0 0 

Detected: swipe_left
Channels: 6
Length: 4
Data:
0 0 0 0 

1 2 2 1 

2 2 2 0 

2 2 2 0 

0 0 0 0 

0 0 0 0 

Detected: swipe_right
Channels: 6
Length: 27
Data:
0 0 3 7 7 0 0 0 0 0 -7 -9 0 0 8 10 4 0 0 0 0 0 -11 0 0 0 0 

0 0 0 0 -6 -9 -4 0 6 14 15 5 0 0 0 -9 -10 -10 0 4 9 20 14 0 0 0 0 

1 3 5 6 4 -9 -10 -4 14 17 14 4 -5 4 8 6 -20 -19 -1 10 19 20 19 0 -14 -4 -2 

1 3 5 6 4 -9 -10 -4 14 17 14 4 -5 4 8 6 -20 -19 -1 10 19 20 19 0 -14 -4 -2 

0 0 0 0 0 0 0 0 0 0 0 -7 0 0 0 0 0 0 0 0 0 0 -5 0 0 0 0 

0 0 0 0 -1 0 0 0 0 0 0 0 0 0 0 -1 -11 0 0 0 0 0 -1 0 0 0 0 

Detected: x
Channels: 6
Length: 39
Data:
1 0 10 11 6 -5 0 0 0 -8 -13 0 0 0 13 10 0 0 0 0 0 -14 -11 0 0 7 0 11 0 0 0 0 0 0 0 -8 -7 0 0 

0 0 0 -9 -11 -7 -2 10 15 10 9 0 0 0 -7 -15 -15 -4 1 0 15 14 0 0 0 0 0 -9 0 -14 -3 2 10 14 12 10 0 0 0 

1 6 8 8 1 -13 -1 11 19 18 7 -5 0 5 4 11 -17 -12 8 15 13 12 -5 -5 0 0 3 14 -12 -14 -11 0 14 13 19 6 -6 0 -4 

1 6 8 8 1 -13 -1 11 19 18 7 -5 0 5 4 11 -17 -12 8 15 13 12 -5 -5 0 0 3 14 -12 -14 -11 0 14 13 19 6 -6 0 -4 

0 0 0 8 0 0 0 0 0 -5 -10 0 0 0 0 0 0 0 0 0 0 0 0 0 0 0 0 12 0 0 0 0 0 0 0 -12 0 0 0 

0 0 0 -2 0 0 0 0 0 2 0 0 0 0 0 0 0 0 0 0 0 0 0 0 0 0 0 -1 0 0 0 0 0 0 0 1 0 0 0 

Detected: swipe_front
Channels: 6
Length: 9
Data:
0 0 1 1 1 1 1 0 1 

0 0 0 4 4 2 1 0 0 

1 0 2 3 4 3 3 2 3 

1 0 2 3 4 3 3 2 3 

0 0 0 0 0 0 0 0 0 

0 0 0 0 0 0 0 0 0 

Detected: swipe_left
Channels: 6
Length: 4
Data:
0 2 1 1 

0 0 0 0 

3 2 1 1 

3 2 1 1 

0 0 0 0 

0 0 0 0 

Detected: swipe_left
Channels: 6
Length: 4
Data:
0 0 0 0 

0 1 1 1 

1 1 1 1 

1 1 1 1 

0 0 0 0 

0 0 0 0 

Keypress: NumPad2

Detected: swipe_left
Channels: 6
Length: 4
Data:
-3 -3 -3 -1 

1 0 0 0 

0 -1 0 0 

0 -1 0 0 

0 0 0 0 

0 0 0 0 

Detected: swipe_left
Channels: 6
Length: 3
Data:
-2 -1 0 

-7 0 0 

0 0 -1 

0 0 -1 

0 0 0 

0 0 0 

Detected: tap_front
Channels: 6
Length: 4
Data:
0 0 0 0 

0 0 0 0 

-2 -6 -4 -3 

-2 -6 -4 -3 

0 0 0 0 

0 0 0 0 

Detected: swipe_right
Channels: 6
Length: 23
Data:
4 10 0 0 0 0 0 0 0 -11 -19 -8 0 5 0 0 0 0 0 0 0 0 0 

0 0 0 0 -3 0 0 0 0 10 3 -1 0 0 0 0 0 0 0 0 0 0 0 

5 4 -5 -18 0 0 7 17 18 14 4 -13 0 5 7 1 -16 -10 -1 2 7 3 1 

5 4 -5 -18 0 0 7 17 18 14 4 -13 0 5 7 1 -16 -10 -1 2 7 3 1 

0 0 0 0 0 0 0 0 0 0 0 0 0 0 0 0 0 0 0 0 0 0 0 

0 0 0 0 0 0 0 0 0 0 0 0 0 0 0 0 0 0 0 0 0 0 0 

Detected: tap_down
Channels: 6
Length: 35
Data:
0 0 16 0 0 0 0 -13 -15 0 5 15 0 0 0 0 -12 0 0 0 12 0 0 0 0 0 0 0 0 0 0 0 0 0 0 

0 0 -7 0 0 0 0 15 14 0 -1 -9 0 0 0 0 9 0 0 0 0 0 0 0 0 0 0 0 0 0 0 0 0 0 0 

5 16 -1 -20 -15 5 15 19 11 -3 8 8 0 -9 4 0 9 0 0 4 8 1 -18 -7 15 9 11 0 0 0 0 -6 -7 -16 -4 

5 16 -1 -20 -15 5 15 19 11 -3 8 8 0 -9 4 0 9 0 0 4 8 1 -18 -7 15 9 11 0 0 0 0 -6 -7 -16 -4 

0 0 0 0 0 0 0 0 0 0 0 0 0 0 0 0 0 0 0 0 0 0 0 0 0 0 0 0 0 0 0 0 0 0 0 

0 0 0 0 0 0 0 0 0 0 0 0 0 0 0 0 2 0 0 0 -1 0 0 0 0 0 0 0 0 0 0 0 0 0 0 

Detected: swipe_left
Channels: 6
Length: 5
Data:
0 0 0 0 0 

0 0 0 0 0 

-1 -11 0 0 9 

-1 -11 0 0 9 

0 0 0 0 0 

0 0 0 0 0 

Keypress: M

Detected: tap_down
Channels: 6
Length: 18
Data:
0 0 10 11 6 0 0 0 0 -17 -18 0 13 13 0 0 0 0 

0 0 1 -5 -5 0 0 0 17 17 9 0 0 0 0 0 3 4 

4 0 9 10 2 -12 -10 9 20 18 8 -5 -3 -11 -1 -3 -2 0 

4 0 9 10 2 -12 -10 9 20 18 8 -5 -3 -11 -1 -3 -2 0 

0 0 0 0 0 0 0 0 0 -13 0 0 0 0 0 0 0 0 

0 0 0 0 0 0 0 0 0 0 0 0 0 -5 0 0 0 0 

Detected: swipe_left
Channels: 6
Length: 3
Data:
9 0 0 

0 0 0 

0 0 1 

0 0 1 

0 0 0 

0 0 0 

Detected: x
Channels: 6
Length: 29
Data:
0 0 0 0 0 1 9 13 8 0 0 0 -14 -10 5 17 0 0 0 0 0 0 0 0 0 0 0 0 0 

0 0 0 0 0 0 0 -11 -18 0 0 20 19 4 0 -12 0 0 0 0 0 0 0 0 0 0 0 0 0 

2 5 9 0 2 1 4 7 1 -15 11 13 15 -6 5 4 -19 -12 11 10 1 0 0 -3 -8 0 0 0 1 

2 5 9 0 2 1 4 7 1 -15 11 13 15 -6 5 4 -19 -12 11 10 1 0 0 -3 -8 0 0 0 1 

0 0 0 0 0 0 0 0 0 0 0 0 0 0 0 0 0 0 0 0 0 0 0 0 0 0 0 0 0 

0 0 0 0 0 0 0 0 0 0 0 0 0 0 0 0 0 0 0 0 0 0 0 0 0 0 0 0 0 

Detected: swipe_left
Channels: 6
Length: 4
Data:
0 0 0 0 

3 0 0 0 

0 -1 0 -3 

0 -1 0 -3 

0 0 0 0 

0 0 0 0 

Detected: x
Channels: 6
Length: 38
Data:
0 0 0 0 0 0 0 -7 -6 4 8 5 0 0 0 0 -13 -9 9 10 0 0 0 0 0 -15 -12 0 0 15 0 0 0 0 0 0 0 0 

0 0 0 0 6 0 12 0 0 -3 -8 0 0 0 0 0 18 7 -3 -8 0 0 0 0 20 12 0 0 0 -7 0 0 0 0 0 0 0 0 

-1 0 -3 -1 7 14 12 6 3 3 3 -15 -14 -9 17 20 12 -6 -1 -9 -18 -19 2 18 20 12 3 0 4 9 -3 -15 0 8 0 6 -9 -4 

-1 0 -3 -1 7 14 12 6 3 3 3 -15 -14 -9 17 20 12 -6 -1 -9 -18 -19 2 18 20 12 3 0 4 9 -3 -15 0 8 0 6 -9 -4 

0 0 0 0 0 0 0 0 0 0 0 0 0 0 0 0 0 0 0 0 0 0 0 0 0 0 0 0 0 0 0 0 0 0 0 0 0 0 

-1 0 0 0 1 0 0 0 0 0 -3 0 0 0 0 0 0 0 0 0 0 0 0 0 0 0 0 0 0 -5 0 0 0 0 0 0 0 0 

Detected: swipe_down
Channels: 6
Length: 8
Data:
3 3 2 0 0 0 -2 0 

2 2 2 2 0 0 0 0 

3 6 11 5 17 15 8 3 

3 6 11 5 17 15 8 3 

0 0 0 0 0 0 0 0 

0 0 0 0 0 -1 -2 0 

Detected: swipe_left
Channels: 6
Length: 11
Data:
0 0 0 0 0 0 0 0 0 0 0 

0 0 0 0 -2 -4 -4 0 0 0 0 

-1 -7 0 0 -3 -4 -5 -6 -3 -2 -1 

-1 -7 0 0 -3 -4 -5 -6 -3 -2 -1 

0 0 0 0 0 0 0 0 0 0 0 

0 0 0 0 0 0 0 -2 -2 -3 0 

Detected: swipe_right
Channels: 6
Length: 44
Data:
5 4 3 4 3 3 4 0 0 0 0 0 0 0 0 0 2 3 10 0 0 0 0 0 0 0 4 6 6 0 0 0 0 0 0 0 0 0 0 4 1 0 0 0 

0 0 0 0 1 0 0 0 -7 0 -3 0 0 0 5 6 7 7 6 -9 -9 -5 0 0 5 5 4 3 1 0 0 -3 0 0 0 0 3 4 3 3 0 -4 -4 0 

0 0 0 0 4 0 1 0 -7 -9 -8 -4 -1 2 6 5 8 7 4 -9 -10 -4 -1 3 2 6 7 8 3 -6 -8 -5 -4 0 0 0 2 2 5 5 2 -4 -5 -3 

0 0 0 0 4 0 1 0 -7 -9 -8 -4 -1 2 6 5 8 7 4 -9 -10 -4 -1 3 2 6 7 8 3 -6 -8 -5 -4 0 0 0 2 2 5 5 2 -4 -5 -3 

0 0 0 0 0 0 2 0 0 0 0 0 0 0 0 0 0 1 4 0 0 0 0 0 0 0 0 0 0 0 0 0 0 0 0 0 0 0 0 0 0 0 0 0 

0 0 0 0 0 0 0 0 0 0 0 0 0 0 0 0 0 0 0 0 0 0 0 0 0 0 0 0 0 0 0 0 0 0 0 0 0 0 0 0 0 0 0 0 

Detected: x
Channels: 6
Length: 28
Data:
0 0 0 0 0 0 0 0 0 0 0 1 1 0 -2 0 0 0 0 0 0 0 0 0 1 0 -7 -5 

0 0 0 2 2 1 0 -13 0 0 9 9 5 -7 0 0 7 6 0 -8 0 0 6 7 4 0 0 -2 

1 1 0 2 3 2 1 -13 -9 3 7 5 4 -7 -7 2 4 5 1 -8 -2 2 7 6 6 1 -15 -7 

1 1 0 2 3 2 1 -13 -9 3 7 5 4 -7 -7 2 4 5 1 -8 -2 2 7 6 6 1 -15 -7 

0 0 0 0 0 0 0 0 0 0 0 0 0 0 0 0 0 0 0 0 0 0 0 0 0 0 0 0 

0 0 0 0 0 0 0 0 0 0 0 0 0 0 0 0 0 0 0 0 0 0 0 0 0 0 0 0 

Detected: tap_down
Channels: 6
Length: 28
Data:
-1 -1 0 -5 -2 -2 -2 -2 -2 -2 0 0 -1 -1 13 0 0 0 0 -12 -12 -2 6 13 8 0 4 0 

0 0 0 0 0 0 -1 0 0 0 0 0 0 4 -3 0 0 4 0 15 11 0 0 -9 -9 0 0 0 

0 0 -1 0 -1 0 0 0 0 0 0 4 0 12 18 -16 -20 0 20 16 7 1 8 9 -18 -16 14 20 

0 0 -1 0 -1 0 0 0 0 0 0 4 0 12 18 -16 -20 0 20 16 7 1 8 9 -18 -16 14 20 

0 0 0 0 0 0 0 0 0 0 0 0 0 0 0 0 0 0 0 0 0 0 0 0 0 0 0 0 

0 0 0 0 0 0 0 0 0 0 0 0 0 0 0 0 0 0 0 0 0 0 0 0 0 0 0 0 

Detected: x
Channels: 6
Length: 27
Data:
2 5 9 8 0 0 0 0 0 0 0 -6 -11 -9 2 9 3 0 0 0 0 0 0 0 0 0 0 

0 0 0 -8 -10 0 -2 0 3 0 0 15 7 0 0 0 0 0 0 0 0 0 0 0 0 0 0 

1 3 8 5 -10 -9 -5 -2 5 9 14 8 5 -6 2 5 2 -13 -13 -6 7 0 16 0 -1 0 2 

1 3 8 5 -10 -9 -5 -2 5 9 14 8 5 -6 2 5 2 -13 -13 -6 7 0 16 0 -1 0 2 

0 0 0 0 0 0 0 0 0 0 0 0 0 0 0 0 0 0 0 0 0 0 0 0 0 0 0 

0 0 0 0 0 0 0 0 0 0 0 0 0 0 0 0 0 0 -6 0 0 0 0 0 0 0 0 

Detected: scratchout
Channels: 6
Length: 42
Data:
2 3 6 5 2 0 0 0 0 0 0 0 -4 -8 -10 0 0 0 0 7 5 5 0 0 0 0 0 0 0 -1 -7 -8 -3 0 2 2 6 2 0 -2 0 0 

0 0 0 -2 -5 -5 0 0 0 3 8 8 5 2 0 0 0 0 0 0 0 -3 0 0 0 0 0 7 8 7 0 0 0 0 0 0 -3 -9 0 0 0 0 

1 2 4 4 -4 -4 -4 -3 0 5 4 4 4 -5 -5 -6 0 2 0 4 3 -2 -4 -8 -6 0 4 9 8 5 -1 -4 -2 0 4 4 0 -8 -10 -6 -3 -1 

1 2 4 4 -4 -4 -4 -3 0 5 4 4 4 -5 -5 -6 0 2 0 4 3 -2 -4 -8 -6 0 4 9 8 5 -1 -4 -2 0 4 4 0 -8 -10 -6 -3 -1 

0 0 0 0 0 0 0 0 0 0 0 0 0 0 0 0 0 0 0 0 0 0 0 0 0 0 0 0 0 0 0 0 0 0 0 0 0 0 0 0 0 0 

0 0 0 0 0 0 0 0 0 0 0 0 0 0 0 0 0 0 0 0 0 0 0 -2 -1 0 0 2 0 0 0 0 0 0 0 0 0 0 0 0 0 0 

Detected: tap_up
Channels: 6
Length: 45
Data:
0 0 0 0 0 0 -1 0 0 0 1 3 2 0 0 0 0 0 0 0 0 -2 -5 -2 0 4 7 0 0 0 0 0 0 0 0 -7 0 0 0 0 0 0 0 0 0 

0 0 3 0 0 0 0 0 0 0 0 -6 -8 -12 0 -1 0 0 7 0 8 8 0 0 0 0 -4 -12 0 0 0 0 0 0 18 0 0 0 0 0 0 0 0 0 -1 

2 3 2 1 1 0 0 0 1 1 2 -3 -10 -13 -11 -7 -3 5 7 14 11 7 3 -1 0 4 1 -11 -15 -11 -1 1 0 0 19 5 -5 -2 0 2 0 -10 -20 0 0 

2 3 2 1 1 0 0 0 1 1 2 -3 -10 -13 -11 -7 -3 5 7 14 11 7 3 -1 0 4 1 -11 -15 -11 -1 1 0 0 19 5 -5 -2 0 2 0 -10 -20 0 0 

0 0 0 0 0 0 0 0 0 0 0 0 0 0 0 0 0 0 0 0 0 0 0 0 0 0 0 0 0 0 0 0 0 0 0 0 0 0 0 0 0 0 0 0 0 

0 0 0 0 0 0 0 0 0 0 0 0 0 0 0 0 0 0 0 0 0 0 0 0 0 0 0 0 -5 0 0 0 0 0 0 1 0 0 0 0 0 0 0 0 0 

Detected: tap_down
Channels: 6
Length: 41
Data:
0 0 0 -1 -2 0 0 3 6 7 3 0 0 0 0 0 0 0 0 0 -6 -7 -3 0 6 8 0 0 0 0 0 0 -7 -5 0 0 0 6 0 0 -1 

10 0 0 0 0 0 0 0 0 0 -6 0 -5 0 0 0 0 0 10 9 9 2 0 0 0 0 0 0 -1 1 6 13 10 0 0 0 0 0 0 -7 -2 

11 0 5 2 2 1 2 1 4 4 -2 -11 -11 -8 -3 0 5 8 11 13 3 1 -2 0 0 5 -5 -15 -6 0 13 16 5 0 0 0 0 -4 -15 -15 -4 

11 0 5 2 2 1 2 1 4 4 -2 -11 -11 -8 -3 0 5 8 11 13 3 1 -2 0 0 5 -5 -15 -6 0 13 16 5 0 0 0 0 -4 -15 -15 -4 

0 0 0 0 0 0 0 1 3 2 0 0 0 0 0 0 0 0 0 0 0 0 0 0 0 0 0 0 0 0 0 0 0 0 0 0 0 0 0 0 0 

0 0 0 0 0 0 0 0 0 0 -2 0 0 0 0 0 0 0 0 0 0 0 0 0 0 -1 0 0 0 0 0 0 0 0 0 0 0 0 0 0 0 

Detected: tap_down
Channels: 6
Length: 32
Data:
0 0 0 0 0 0 -5 0 2 0 14 7 0 -7 0 0 0 0 0 -8 -12 -12 0 0 0 8 13 3 0 0 0 0 

2 0 0 2 0 0 0 0 0 0 0 0 0 0 0 0 0 0 15 0 0 0 -2 0 0 0 0 0 -8 0 -3 -2 

1 0 2 0 0 0 -3 -2 0 10 11 1 -9 -10 -5 2 6 14 5 8 -10 -14 -7 0 2 11 8 1 -5 -8 -6 -2 

1 0 2 0 0 0 -3 -2 0 10 11 1 -9 -10 -5 2 6 14 5 8 -10 -14 -7 0 2 11 8 1 -5 -8 -6 -2 

0 0 0 0 0 0 0 0 0 0 0 0 0 0 0 0 0 0 0 0 0 0 0 0 0 0 0 0 0 0 0 0 

0 0 0 0 0 0 0 0 0 0 0 0 0 0 0 0 0 0 0 0 0 0 0 0 0 0 0 0 0 0 0 0 

Detected: tap_right
Channels: 6
Length: 28
Data:
0 0 0 0 -7 -8 4 10 8 0 0 0 0 0 0 -10 -2 6 5 0 -7 0 0 0 0 -8 -8 -3 

0 0 0 9 6 4 0 -6 -4 0 0 0 0 0 0 0 0 0 -3 -12 0 0 2 0 17 10 0 0 

1 6 6 5 4 1 6 7 -11 -18 -14 -5 8 0 8 7 -3 5 -4 -18 -18 0 2 10 19 -2 -2 -3 

1 6 6 5 4 1 6 7 -11 -18 -14 -5 8 0 8 7 -3 5 -4 -18 -18 0 2 10 19 -2 -2 -3 

0 0 0 0 0 0 0 5 0 0 0 0 0 0 0 0 0 0 0 0 0 0 0 0 0 0 0 0 

0 0 0 0 0 0 0 -1 0 0 0 0 0 0 0 0 0 0 0 0 0 0 0 0 0 0 0 0 

Detected: x
Channels: 6
Length: 37
Data:
0 1 10 10 0 0 0 0 0 0 0 0 0 0 0 0 -6 -10 -7 0 0 -1 0 10 0 0 0 0 0 0 0 0 0 -4 -7 -4 0 

0 0 0 -5 -7 0 -4 -1 0 0 0 0 2 9 0 10 9 0 0 0 0 0 0 0 0 0 0 -3 0 1 5 0 0 15 0 0 0 

3 5 8 6 -9 -11 -8 -5 -2 0 0 3 8 9 11 11 2 -9 -5 -2 0 4 4 1 0 -18 -15 -7 0 4 8 12 19 1 2 -6 -2 

3 5 8 6 -9 -11 -8 -5 -2 0 0 3 8 9 11 11 2 -9 -5 -2 0 4 4 1 0 -18 -15 -7 0 4 8 12 19 1 2 -6 -2 

0 0 0 0 0 0 0 0 0 0 0 0 0 0 0 0 0 0 0 0 0 0 0 0 0 0 0 0 0 0 0 0 0 0 0 0 0 

0 0 0 -3 0 0 0 0 0 0 0 0 0 0 0 0 0 0 0 0 0 0 0 0 0 -9 0 0 0 0 0 0 0 0 0 0 0 

Detected: scratchout
Channels: 6
Length: 27
Data:
0 3 12 7 3 0 0 0 0 0 0 -6 -7 -5 -1 3 7 1 0 0 0 0 0 0 -6 0 0 

0 0 0 0 -7 0 0 0 0 0 9 8 0 0 0 0 -5 -6 -8 0 0 0 8 0 8 0 0 

1 5 11 10 3 -9 -7 0 3 9 10 4 -2 -4 0 3 5 -3 -13 -8 -3 5 12 13 5 -7 -4 

1 5 11 10 3 -9 -7 0 3 9 10 4 -2 -4 0 3 5 -3 -13 -8 -3 5 12 13 5 -7 -4 

0 0 0 0 0 0 0 0 0 0 0 0 0 0 0 0 8 0 0 0 0 0 0 0 0 0 0 

0 0 0 -2 0 0 0 0 0 0 0 0 0 0 0 0 0 0 -5 -4 0 0 0 0 0 0 0 

Detected: swipe_up
Channels: 6
Length: 9
Data:
0 0 -1 -9 0 0 0 0 0 

-1 -5 -17 0 0 0 0 0 0 

0 -8 -16 -19 -18 -1 0 0 -2 

0 -8 -16 -19 -18 -1 0 0 -2 

0 0 0 0 0 0 0 0 0 

0 -6 0 0 0 0 0 0 0 

Detected: swipe_right
Channels: 6
Length: 8
Data:
0 0 0 0 0 0 0 0 

0 0 0 0 0 3 3 0 

2 0 0 0 1 12 12 7 

2 0 0 0 1 12 12 7 

0 0 0 0 0 0 0 0 

0 0 0 0 0 0 0 0 

Detected: swipe_left
Channels: 6
Length: 7
Data:
0 0 0 0 0 0 0 

0 0 0 0 0 0 0 

-1 -2 -2 -1 -2 -1 -2 

-1 -2 -2 -1 -2 -1 -2 

0 0 0 0 0 0 0 

0 0 0 0 0 0 0 

Keypress: OemPeriod

Keypress: OemPeriod

Keypress: OemPeriod

Keypress: OemPeriod

Keypress: OemPeriod

Keypress: OemPeriod

Keypress: OemPeriod

Detected: swipe_left
Channels: 6
Length: 5
Data:
0 0 0 0 0 

0 0 0 0 0 

-2 -3 0 0 -1 

-2 -3 0 0 -1 

0 0 0 0 0 

0 0 0 0 0 

