Started MediaCenter at 8:28:54 PM
Detected: tap_down
Channels: 6
Length: 18
Data:
-1 -1 0 0 7 12 11 12 1 0 0 0 -7 -11 -11 -10 -7 -2 

0 0 0 0 4 11 12 7 6 0 0 0 -3 -8 -9 -8 -2 0 

0 -3 -1 1 7 16 17 11 8 2 -4 -4 -9 -13 -14 -12 -5 -1 

0 -3 -1 1 7 16 17 11 8 2 -4 -4 -9 -13 -14 -12 -5 -1 

0 0 0 0 0 0 0 0 2 0 0 -1 -2 0 0 0 0 0 

0 0 0 0 0 0 0 0 0 0 0 0 0 0 0 0 0 0 

Detected: swipe_right
Channels: 6
Length: 6
Data:
0 0 1 0 -4 -10 

0 0 3 6 6 2 

1 2 3 2 1 -1 

1 2 3 2 1 -1 

0 0 0 0 0 0 

0 0 0 0 0 0 

Detected: swipe_front
Channels: 6
Length: 9
Data:
-2 0 0 0 0 0 0 0 0 

0 0 0 0 0 0 0 0 0 

-1 -2 0 0 1 0 0 0 -1 

-1 -2 0 0 1 0 0 0 -1 

0 0 0 0 0 0 0 0 0 

0 0 0 0 0 0 0 0 0 

Detected: swipe_front
Channels: 6
Length: 19
Data:
1 3 4 4 3 2 0 0 0 0 0 0 0 -3 -5 -6 -6 -3 0 

0 0 0 0 3 2 1 0 0 0 0 0 0 -2 -4 -5 -5 0 0 

0 5 8 8 9 8 4 2 0 0 0 -1 -3 -5 -7 -8 -9 -7 -2 

0 5 8 8 9 8 4 2 0 0 0 -1 -3 -5 -7 -8 -9 -7 -2 

0 0 0 0 0 0 0 0 0 0 0 0 0 -1 0 0 0 0 0 

0 0 0 0 0 0 0 0 0 0 0 0 0 -1 0 0 0 0 0 

Detected: swipe_front
Channels: 6
Length: 6
Data:
0 0 1 2 0 0 

0 0 0 1 0 0 

1 1 0 2 0 1 

1 1 0 2 0 1 

0 0 0 0 0 0 

0 0 0 0 0 0 

Detected: swipe_front
Channels: 6
Length: 4
Data:
0 0 0 0 

0 1 0 1 

1 1 1 0 

1 1 1 0 

0 0 0 0 

0 0 0 0 

Detected: x
Channels: 6
Length: 17
Data:
-2 -2 -14 -13 -16 -15 -10 -1 0 1 11 15 16 15 7 0 0 

-1 -2 -6 -5 -13 -12 0 0 0 0 2 15 14 15 9 3 1 

-4 -7 -15 -16 -19 -17 -4 0 0 0 3 19 19 20 11 8 2 

-4 -7 -15 -16 -19 -17 -4 0 0 0 3 19 19 20 11 8 2 

0 -3 -5 0 0 0 0 0 0 0 0 0 0 0 2 1 3 

0 0 0 0 0 0 0 0 0 0 0 0 0 0 0 0 0 

Detected: swipe_back
Channels: 6
Length: 6
Data:
0 -1 -1 -2 -1 0 

0 0 -1 -1 0 0 

-1 -2 -3 -4 -2 -1 

-1 -2 -3 -4 -2 -1 

0 0 0 0 0 0 

0 0 0 0 0 0 

Detected: swipe_front
Channels: 6
Length: 3
Data:
0 0 -1 

2 9 9 

3 6 4 

3 6 4 

0 0 0 

0 0 0 

Detected: swipe_left
Channels: 6
Length: 4
Data:
12 1 0 0 

-5 -5 -3 0 

4 -3 -3 -1 

4 -3 -3 -1 

0 0 0 0 

0 0 0 0 

Detected: swipe_back
Channels: 6
Length: 4
Data:
0 0 0 0 

0 0 0 0 

-3 -4 -3 -2 

-3 -4 -3 -2 

0 0 0 0 

0 0 0 0 

Detected: tap_down
Channels: 6
Length: 45
Data:
0 0 0 1 1 2 4 10 12 11 13 13 0 0 -6 -9 -7 -6 -2 0 0 0 0 0 0 0 -1 -3 -5 -6 -6 -3 2 10 14 12 3 2 0 0 -9 -10 -10 -7 -4 

0 0 0 0 0 3 3 10 12 0 13 5 0 0 -1 -4 -6 -3 -1 0 0 0 0 0 0 0 0 -2 -4 -5 -4 0 0 5 13 11 8 1 0 0 -7 -8 -8 -5 -1 

1 1 3 4 4 4 3 11 15 15 20 18 5 -2 -8 -10 -10 -6 -3 0 0 2 0 0 0 0 -3 -5 -7 -7 -7 -5 -1 9 19 19 8 4 -1 -3 -12 -13 -13 -11 -5 

1 1 3 4 4 4 3 11 15 15 20 18 5 -2 -8 -10 -10 -6 -3 0 0 2 0 0 0 0 -3 -5 -7 -7 -7 -5 -1 9 19 19 8 4 -1 -3 -12 -13 -13 -11 -5 

0 0 0 0 0 0 0 0 0 0 0 6 0 0 0 0 0 0 0 0 0 0 0 0 0 0 0 0 0 0 0 0 0 0 0 0 0 0 -1 0 0 -2 0 0 0 

0 0 0 0 0 0 0 0 0 0 0 0 0 0 -10 -12 -11 0 0 0 0 0 0 0 0 0 0 0 0 0 0 0 0 0 0 0 0 0 0 0 -2 0 0 0 0 

Detected: swipe_front
Channels: 6
Length: 4
Data:
0 0 -1 -4 

0 4 6 3 

2 3 2 1 

2 3 2 1 

0 0 0 0 

0 0 0 0 

Detected: swipe_front
Channels: 6
Length: 3
Data:
0 -3 -7 

1 2 0 

0 0 -1 

0 0 -1 

0 0 0 

0 0 0 

Detected: swipe_front
Channels: 6
Length: 4
Data:
0 2 1 0 

1 2 0 0 

3 4 2 1 

3 4 2 1 

0 0 0 0 

0 0 0 0 

Detected: tap_up
Channels: 6
Length: 22
Data:
0 -1 -6 -7 -9 -7 -4 0 6 9 9 9 8 0 0 -2 -3 -6 -8 -7 -5 -2 

0 -2 -4 -5 -8 -6 -4 1 6 12 14 12 12 6 0 0 0 -6 -7 -6 -4 -1 

-2 -5 -8 -14 -12 -10 -5 0 7 17 19 18 12 2 0 -5 -9 -9 -11 -10 -7 -3 

-2 -5 -8 -14 -12 -10 -5 0 7 17 19 18 12 2 0 -5 -9 -9 -11 -10 -7 -3 

0 -1 -3 -4 -3 0 0 0 0 0 0 0 3 2 0 -2 -6 0 0 0 0 0 

0 0 0 0 0 0 0 0 0 0 0 0 0 0 0 0 0 -2 0 0 0 0 

Detected: swipe_right
Channels: 6
Length: 7
Data:
0 0 0 0 0 -3 -11 

0 1 3 5 6 6 0 

1 1 3 4 5 1 0 

1 1 3 4 5 1 0 

0 0 0 0 0 0 0 

0 0 0 0 0 0 0 

Detected: swipe_front
Channels: 6
Length: 6
Data:
0 0 0 0 0 0 

0 0 0 0 0 0 

1 0 0 0 1 2 

1 0 0 0 1 2 

0 0 0 0 0 0 

0 0 0 0 0 0 

Detected: swipe_left
Channels: 6
Length: 15
Data:
1 2 5 5 0 5 1 0 -4 -3 -3 -9 -9 -7 -3 

2 3 6 6 3 5 1 0 0 -3 0 -8 -7 -5 -1 

2 5 9 10 10 8 2 0 -2 -11 -10 -12 -12 -9 -3 

2 5 9 10 10 8 2 0 -2 -11 -10 -12 -12 -9 -3 

0 0 0 0 0 0 0 0 0 -2 0 0 0 0 0 

0 0 0 0 0 0 0 0 0 0 0 0 0 0 0 

Detected: swipe_front
Channels: 6
Length: 14
Data:
5 11 12 10 9 3 -2 -2 -6 -8 -8 -8 -6 -3 

4 9 11 11 8 4 0 0 0 -8 -7 -7 -5 -2 

4 13 16 15 11 5 0 -7 -8 -12 -11 -11 -7 -3 

4 13 16 15 11 5 0 -7 -8 -12 -11 -11 -7 -3 

0 0 0 0 0 0 0 0 0 0 0 0 0 0 

0 0 0 0 1 0 0 0 0 -2 0 0 0 0 

Detected: swipe_front
Channels: 6
Length: 15
Data:
5 12 12 0 0 0 0 0 0 -5 -10 -12 -11 -7 -2 

1 11 12 10 6 0 0 0 0 -2 -5 -10 -9 -5 -1 

6 17 18 15 8 2 0 0 -4 -12 -13 -15 -13 -6 -4 

6 17 18 15 8 2 0 0 -4 -12 -13 -15 -13 -6 -4 

0 0 0 0 0 0 0 0 0 0 0 0 0 0 0 

0 0 0 0 0 0 0 0 0 0 0 0 0 0 0 

Detected: swipe_front
Channels: 6
Length: 4
Data:
1 1 0 0 

0 0 0 0 

0 2 1 1 

0 2 1 1 

0 0 0 0 

0 0 0 0 

Detected: tap_down
Channels: 6
Length: 24
Data:
0 1 1 2 3 4 3 4 1 1 0 -11 -15 -17 -12 -7 -2 4 9 14 15 16 8 2 

0 2 2 1 0 0 4 4 3 0 0 -9 -14 -13 -6 -4 0 1 3 17 18 18 6 1 

1 2 3 4 5 6 7 6 5 1 -8 -14 -20 -20 -13 -2 0 1 6 19 20 20 13 3 

1 2 3 4 5 6 7 6 5 1 -8 -14 -20 -20 -13 -2 0 1 6 19 20 20 13 3 

0 0 0 0 0 0 0 1 0 0 -3 -5 0 0 0 0 0 0 0 0 0 0 0 0 

0 0 0 0 0 0 0 0 0 0 0 0 0 0 0 0 0 0 0 0 0 0 0 0 

Detected: swipe_front
Channels: 6
Length: 3
Data:
0 -4 -5 

1 2 0 

0 0 0 

0 0 0 

0 0 0 

0 0 0 

Detected: swipe_front
Channels: 6
Length: 18
Data:
0 -5 -3 -3 -11 -11 -11 -6 -3 0 3 7 10 11 11 10 2 0 

0 0 -4 -3 -9 -11 -10 0 0 0 0 7 13 14 11 10 3 0 

0 -4 -11 -11 -16 -17 -15 -6 -2 0 1 8 14 17 16 10 7 1 

0 -4 -11 -11 -16 -17 -15 -6 -2 0 1 8 14 17 16 10 7 1 

-1 -1 -3 -3 0 0 0 0 0 0 0 0 1 0 0 0 0 0 

0 0 0 0 0 0 0 0 0 0 0 0 0 0 0 0 0 0 

Detected: swipe_front
Channels: 6
Length: 14
Data:
0 -16 0 -14 -11 -9 0 1 12 16 15 10 4 0 

0 -6 0 -12 -8 -3 0 0 8 15 15 15 6 1 

-6 -14 -18 -18 -16 -10 -1 0 14 18 20 15 7 0 

-6 -14 -18 -18 -16 -10 -1 0 14 18 20 15 7 0 

0 0 0 0 0 0 0 0 0 0 0 0 0 0 

0 0 0 0 0 0 0 0 0 0 0 0 0 0 

Detected: tap_up
Channels: 6
Length: 30
Data:
-2 -4 -5 -5 -6 -6 -6 -6 -5 -1 0 3 5 12 14 14 6 4 0 -1 -8 -12 -12 -9 -4 -2 0 0 0 0 

0 -3 -3 -3 -4 -5 0 0 -4 0 0 0 0 12 14 14 11 0 0 0 -12 -10 -10 -8 -5 0 0 0 1 1 

-3 -7 -6 -7 -7 -7 -10 -8 -8 0 0 1 0 17 20 20 14 7 -1 -5 -14 -17 -16 -13 -7 -2 0 0 1 0 

-3 -7 -6 -7 -7 -7 -10 -8 -8 0 0 1 0 17 20 20 14 7 -1 -5 -14 -17 -16 -13 -7 -2 0 0 1 0 

0 0 0 0 0 0 0 0 0 0 0 0 0 0 0 0 3 0 0 0 -3 0 0 -1 0 0 0 0 0 0 

0 0 0 0 0 0 0 0 0 0 0 0 0 0 0 0 0 0 0 0 0 0 0 0 0 0 0 0 0 0 

Detected: swipe_front
Channels: 6
Length: 21
Data:
0 0 0 1 2 2 3 4 1 0 0 0 0 0 0 0 0 0 0 0 0 

0 2 1 3 2 2 1 0 -9 -12 0 -2 0 0 1 1 0 9 7 4 1 

1 2 3 3 3 4 4 2 -2 -12 -6 -6 -4 0 3 6 7 6 6 3 0 

1 2 3 3 3 4 4 2 -2 -12 -6 -6 -4 0 3 6 7 6 6 3 0 

0 0 0 0 0 0 0 0 0 0 0 0 0 0 0 0 0 0 0 0 0 

0 0 0 0 0 0 0 0 0 0 0 0 0 0 0 0 0 0 0 0 0 

Detected: swipe_front
Channels: 6
Length: 18
Data:
0 0 0 3 3 2 0 0 0 0 0 0 0 0 0 0 0 0 

0 0 0 2 2 -2 0 0 0 0 0 0 0 0 0 1 1 0 

1 1 1 2 1 1 0 0 -8 -6 0 0 0 0 3 4 3 3 

1 1 1 2 1 1 0 0 -8 -6 0 0 0 0 3 4 3 3 

0 0 0 0 0 0 0 0 0 0 0 0 0 0 0 0 0 0 

0 0 0 0 -1 0 0 0 0 0 0 0 0 0 0 0 0 0 

Detected: swipe_back
Channels: 6
Length: 4
Data:
0 0 0 0 

0 0 0 0 

-1 -2 -2 -2 

-1 -2 -2 -2 

0 0 0 0 

0 0 0 0 

Detected: x
Channels: 6
Length: 24
Data:
0 0 0 0 2 0 2 1 1 1 0 0 0 3 -5 -14 0 6 1 0 0 0 -3 0 

0 0 1 0 0 0 3 2 3 1 0 -1 0 0 14 9 0 -4 -11 -13 0 10 10 1 

2 1 4 4 3 4 3 2 4 1 0 0 3 12 15 13 -1 -4 -8 -13 0 12 9 3 

2 1 4 4 3 4 3 2 4 1 0 0 3 12 15 13 -1 -4 -8 -13 0 12 9 3 

0 0 0 0 0 0 0 0 0 0 0 0 0 0 -6 0 0 0 0 0 0 0 0 0 

0 0 0 0 0 0 0 0 0 0 0 0 0 0 1 0 0 0 0 0 0 0 0 0 

Detected: swipe_front
Channels: 6
Length: 4
Data:
0 0 0 -7 

1 4 4 4 

1 3 3 1 

1 3 3 1 

0 0 -3 0 

0 0 0 0 

Detected: swipe_front
Channels: 6
Length: 4
Data:
0 0 0 0 

0 0 0 0 

2 3 0 0 

2 3 0 0 

0 0 0 1 

0 0 0 0 

Detected: swipe_front
Channels: 6
Length: 3
Data:
0 -3 -1 

3 5 2 

3 2 -3 

3 2 -3 

-1 0 0 

0 0 0 

Detected: swipe_front
Channels: 6
Length: 4
Data:
0 0 0 0 

0 0 6 7 

1 1 6 6 

1 1 6 6 

0 0 0 0 

0 0 0 0 

Detected: tap_down
Channels: 6
Length: 31
Data:
0 -1 -3 -4 -3 -1 0 0 0 2 2 2 4 7 -8 -4 0 0 12 6 0 0 0 -2 0 0 0 0 0 0 0 

0 -1 0 0 0 -1 0 0 0 0 0 0 0 19 17 1 0 -1 -5 -8 -5 4 4 4 0 0 0 0 0 0 0 

-1 -4 -6 -6 -5 -2 -1 0 0 1 1 1 12 16 15 -2 1 8 3 2 -5 4 6 5 0 4 4 3 2 1 1 

-1 -4 -6 -6 -5 -2 -1 0 0 1 1 1 12 16 15 -2 1 8 3 2 -5 4 6 5 0 4 4 3 2 1 1 

0 0 0 0 0 0 0 0 0 0 0 0 0 0 0 0 0 0 0 8 0 0 -3 0 0 0 0 0 0 0 0 

0 0 0 0 0 0 0 0 0 0 0 0 0 0 0 0 0 0 0 0 0 0 0 0 0 0 0 0 0 0 0 

Detected: swipe_left
Channels: 6
Length: 17
Data:
0 0 6 7 3 0 0 0 0 -3 -11 0 0 9 8 0 0 

2 0 0 -5 -10 -10 0 7 13 11 8 0 0 0 -7 -6 0 

0 0 3 2 -7 -5 -3 5 9 10 6 -2 2 8 7 1 -1 

0 0 3 2 -7 -5 -3 5 9 10 6 -2 2 8 7 1 -1 

0 0 0 0 0 0 0 0 0 0 0 0 0 0 0 3 0 

0 0 0 -2 0 0 0 0 0 1 0 0 0 0 0 0 0 

Detected: x
Channels: 6
Length: 18
Data:
0 -4 -12 0 0 12 10 0 0 0 0 -5 -9 -3 5 6 4 0 

0 14 7 0 0 0 -10 0 0 7 9 5 4 0 0 -5 -5 -1 

11 11 7 0 0 6 5 -10 -2 9 9 9 3 0 5 6 2 -5 

11 11 7 0 0 6 5 -10 -2 9 9 9 3 0 5 6 2 -5 

0 -8 0 0 0 0 9 0 0 0 -7 -8 0 0 0 0 0 0 

0 0 0 0 0 0 0 0 0 0 0 0 0 0 0 0 0 0 

Detected: swipe_front
Channels: 6
Length: 4
Data:
0 0 0 -8 

0 0 8 5 

3 6 6 4 

3 6 6 4 

0 0 -5 0 

0 0 0 0 

Detected: swipe_front
Channels: 6
Length: 10
Data:
0 0 2 2 0 0 1 0 0 0 

0 1 0 0 0 0 0 0 -2 0 

3 3 0 2 2 1 1 0 -1 -1 

3 3 0 2 2 1 1 0 -1 -1 

0 0 0 0 0 0 0 0 0 0 

0 0 0 0 0 0 0 0 0 0 

Detected: swipe_front
Channels: 6
Length: 3
Data:
0 0 0 

0 1 1 

1 1 0 

1 1 0 

0 0 0 

0 0 0 

Detected: x
Channels: 6
Length: 19
Data:
0 1 0 0 0 0 -2 -4 -4 0 0 0 0 0 0 0 0 -3 -5 

0 0 -6 -8 0 6 9 5 0 0 0 0 0 0 0 0 8 8 2 

-1 -1 -5 -1 0 5 8 7 2 1 4 3 -8 0 0 0 6 7 3 

-1 -1 -5 -1 0 5 8 7 2 1 4 3 -8 0 0 0 6 7 3 

0 0 0 0 0 0 -5 -6 0 0 0 6 0 0 0 0 0 -5 0 

0 0 -2 0 0 0 0 0 0 0 0 0 0 0 0 0 0 0 0 

Detected: swipe_left
Channels: 6
Length: 7
Data:
0 6 8 0 0 0 0 

0 0 -4 0 0 0 0 

2 4 2 -2 -8 -9 -4 

2 4 2 -2 -8 -9 -4 

0 0 0 0 0 0 0 

0 -1 -3 0 0 0 0 

Detected: swipe_front
Channels: 6
Length: 8
Data:
0 0 0 0 0 0 0 0 

0 0 0 0 0 0 1 1 

1 1 1 0 0 0 1 1 

1 1 1 0 0 0 1 1 

0 0 0 0 0 0 0 0 

0 0 0 0 0 0 0 0 

Detected: swipe_front
Channels: 6
Length: 25
Data:
0 0 0 -1 -5 0 0 1 6 5 0 0 0 0 0 0 -7 -5 0 4 4 8 0 0 0 

2 0 0 3 3 0 0 0 -4 -2 0 0 0 6 7 11 4 0 0 0 0 -8 0 0 0 

0 0 4 4 3 0 0 2 5 4 -6 -2 0 0 10 8 5 1 0 3 5 7 -10 -1 -1 

0 0 4 4 3 0 0 2 5 4 -6 -2 0 0 10 8 5 1 0 3 5 7 -10 -1 -1 

0 0 -4 -4 0 0 0 0 3 6 0 0 0 0 0 -5 0 -2 0 0 0 8 0 0 0 

0 0 0 0 0 0 0 0 0 -3 0 0 0 0 0 0 0 0 0 0 0 -4 0 0 0 

Detected: swipe_front
Channels: 6
Length: 15
Data:
0 2 3 1 0 0 0 0 0 -2 -2 -1 -2 -1 0 

0 0 5 4 0 0 0 0 0 0 -1 -2 0 0 0 

8 10 9 8 3 0 0 0 -2 -4 -5 -6 -5 -4 -1 

8 10 9 8 3 0 0 0 -2 -4 -5 -6 -5 -4 -1 

0 0 -1 0 0 0 0 0 0 0 0 1 0 0 0 

0 0 0 0 0 0 0 0 0 0 0 0 0 0 0 

Detected: tap_down
Channels: 6
Length: 21
Data:
0 0 2 -5 -5 0 5 5 2 0 0 0 0 0 -6 -2 0 4 4 0 0 

0 0 16 8 0 0 0 0 -7 -8 0 0 9 11 3 0 0 0 0 -9 0 

1 0 13 10 0 0 1 5 5 -6 -6 4 11 8 5 0 0 1 5 -6 -2 

1 0 13 10 0 0 1 5 5 -6 -6 4 11 8 5 0 0 1 5 -6 -2 

0 0 0 0 0 0 0 0 9 0 0 0 0 -8 0 0 0 0 0 9 0 

0 0 0 0 0 0 0 0 0 0 0 0 0 0 0 0 0 0 0 0 0 

Detected: swipe_front
Channels: 6
Length: 4
Data:
0 0 0 0 

0 0 0 0 

-1 0 -5 1 

-1 0 -5 1 

0 0 0 0 

0 0 0 0 

Detected: tap_down
Channels: 6
Length: 25
Data:
0 0 -3 -10 0 0 7 7 7 0 0 0 0 -3 0 0 0 10 6 2 0 0 0 0 0 

0 0 15 10 0 0 0 -5 -8 0 0 0 9 8 0 0 0 0 0 -4 -2 0 0 0 0 

1 8 14 10 -3 0 2 5 -11 -9 0 5 4 8 -1 0 1 0 -7 -5 0 0 0 0 -1 

1 8 14 10 -3 0 2 5 -11 -9 0 5 4 8 -1 0 1 0 -7 -5 0 0 0 0 -1 

0 0 0 -7 0 0 0 0 0 0 0 0 -6 -7 0 0 0 0 0 6 0 0 0 0 0 

0 0 0 0 0 0 0 0 -1 0 0 0 0 0 0 0 0 0 0 0 0 0 0 0 0 

Detected: swipe_left
Channels: 6
Length: 16
Data:
0 0 0 0 0 0 -5 -5 -3 0 0 5 5 0 0 0 

0 0 0 0 0 5 7 4 1 0 0 -2 -4 -6 0 0 

3 3 0 0 2 1 6 3 -1 0 0 -1 -11 -10 0 -4 

3 3 0 0 2 1 6 3 -1 0 0 -1 -11 -10 0 -4 

0 0 0 0 0 0 0 -4 -3 0 0 0 0 0 0 0 

0 0 0 0 0 0 0 0 0 0 0 0 0 0 0 0 

Detected: swipe_front
Channels: 6
Length: 5
Data:
0 0 0 0 0 

0 0 0 0 0 

1 0 0 0 1 

1 0 0 0 1 

0 0 0 0 0 

0 0 0 0 0 

Detected: x
Channels: 6
Length: 18
Data:
0 0 0 0 0 0 0 0 0 -1 -5 -5 0 0 0 0 0 0 

0 0 0 0 0 0 0 0 4 5 5 2 0 0 0 0 0 0 

1 4 0 3 0 0 0 4 5 6 4 1 0 0 0 0 -9 -12 

1 4 0 3 0 0 0 4 5 6 4 1 0 0 0 0 -9 -12 

0 0 0 0 0 0 0 0 -1 -1 -2 -4 0 0 0 0 0 0 

0 0 0 0 0 0 0 0 0 0 0 0 0 0 0 0 0 0 

Detected: swipe_front
Channels: 6
Length: 7
Data:
0 0 6 5 2 0 0 

0 4 6 6 3 0 0 

3 7 9 9 8 8 1 

3 7 9 9 8 8 1 

0 0 0 0 0 0 0 

0 0 0 0 0 0 0 

Detected: swipe_back
Channels: 6
Length: 9
Data:
0 -1 -2 -2 -2 -1 -1 0 0 

0 0 0 0 0 0 0 0 0 

-1 -1 -3 -3 -2 -3 -2 -1 -1 

-1 -1 -3 -3 -2 -3 -2 -1 -1 

0 0 0 0 0 0 0 0 0 

0 0 -1 0 0 0 0 0 0 

Detected: swipe_front
Channels: 6
Length: 15
Data:
-1 -1 -3 -7 -10 -10 -6 -2 2 7 8 12 9 1 2 

-2 -1 -1 -3 -7 -6 -4 -2 1 8 10 12 10 6 3 

0 -3 -6 -12 -12 -12 -9 -5 3 11 13 16 14 7 4 

0 -3 -6 -12 -12 -12 -9 -5 3 11 13 16 14 7 4 

0 -1 -2 0 0 0 0 0 0 0 0 0 0 0 0 

0 0 0 0 0 0 0 0 0 0 0 0 3 0 2 

Detected: swipe_front
Channels: 6
Length: 17
Data:
-1 -4 -7 -5 -14 -13 -11 -9 -3 2 6 9 13 12 0 3 1 

0 -3 0 0 -9 -10 -9 0 -1 1 4 10 13 13 0 1 2 

-2 -5 -4 -10 -14 -15 -14 -10 -4 1 8 12 18 17 14 7 1 

-2 -5 -4 -10 -14 -15 -14 -10 -4 1 8 12 18 17 14 7 1 

0 0 -1 0 0 0 0 0 0 0 0 0 0 0 0 0 0 

0 0 0 0 0 0 0 0 0 0 0 0 0 0 0 0 0 

Detected: swipe_back
Channels: 6
Length: 9
Data:
0 -1 -3 -3 -4 -4 -3 -1 0 

0 0 -1 -2 -3 -3 -2 -1 0 

-2 -3 -3 -5 -6 -6 -5 -3 -1 

-2 -3 -3 -5 -6 -6 -5 -3 -1 

0 0 0 0 0 0 0 0 0 

0 0 0 0 0 0 -1 0 0 

Detected: swipe_left
Channels: 6
Length: 16
Data:
0 1 2 8 8 6 7 2 0 -5 -6 -10 -7 -7 -5 -2 

0 3 5 8 11 7 5 4 0 -3 -1 -4 -5 -6 -4 -1 

1 3 7 11 11 11 8 5 -1 -5 -4 -11 -11 -10 -8 -3 

1 3 7 11 11 11 8 5 -1 -5 -4 -11 -11 -10 -8 -3 

0 0 0 0 0 0 0 0 0 0 0 -2 -2 0 0 0 

0 0 0 0 0 0 1 0 0 0 -1 -2 0 0 0 0 

Detected: swipe_front
Channels: 6
Length: 3
Data:
0 0 0 

0 0 0 

-1 -2 -1 

-1 -2 -1 

0 0 0 

0 0 0 

Detected: swipe_front
Channels: 6
Length: 6
Data:
0 0 0 0 1 0 

0 0 0 0 2 0 

1 2 2 3 3 1 

1 2 2 3 3 1 

0 0 0 0 0 0 

0 0 0 0 0 0 

Detected: swipe_front
Channels: 6
Length: 15
Data:
0 0 -6 -9 -8 -6 -3 2 5 8 10 12 0 2 1 

-2 0 -7 -8 -7 -3 -1 2 6 10 13 13 8 6 1 

-5 -10 -11 -12 -10 -7 -2 1 3 12 17 17 14 12 2 

-5 -10 -11 -12 -10 -7 -2 1 3 12 17 17 14 12 2 

0 0 0 0 0 0 0 0 0 0 0 0 0 0 0 

0 0 0 0 0 0 0 0 0 0 0 0 0 0 0 

Detected: scratchout
Channels: 6
Length: 30
Data:
0 -1 0 0 -2 0 -4 -4 -2 -1 -1 0 0 1 2 6 8 8 6 8 5 0 -3 -3 0 -10 -6 -5 -3 -1 

0 0 0 0 -1 -1 -2 -1 0 0 0 0 0 0 3 6 9 10 7 6 8 0 0 -4 0 -4 -4 -5 -2 0 

-1 -1 -1 -2 -3 -3 -5 -5 -4 -3 0 0 0 1 4 9 12 13 11 9 7 0 -4 -7 -8 -9 -11 -8 -6 -2 

-1 -1 -1 -2 -3 -3 -5 -5 -4 -3 0 0 0 1 4 9 12 13 11 9 7 0 -4 -7 -8 -9 -11 -8 -6 -2 

0 0 0 0 0 0 0 0 0 0 0 0 0 0 0 0 0 0 0 0 0 0 0 0 0 0 0 0 0 0 

0 0 0 0 0 0 0 0 0 0 0 0 0 0 0 0 0 0 0 2 0 0 0 0 0 -2 0 0 0 0 

Detected: swipe_front
Channels: 6
Length: 6
Data:
0 0 0 0 0 0 

0 0 0 0 0 0 

0 3 0 0 0 1 

0 3 0 0 0 1 

0 0 0 0 0 0 

1 0 0 0 0 0 

Detected: swipe_front
Channels: 6
Length: 4
Data:
0 0 0 0 

0 0 0 0 

1 -1 -1 -1 

1 -1 -1 -1 

0 0 0 0 

0 0 0 0 

