GestureName: swipe_up
Duration(ms): 658
Handedness: right

SpeakerAngles: 6
55
-55
0
0
110
-110

SpeakerElevations: 6
-10
-10
-10
0
30
30

InterpretedPoints: 14
-1.62759536269875,-0.592396265452048,1
0,-1.77718879635614,3
-3.2551907253975,0.592396265452048,-1
0,0,0
0,0,0
1.6134145682232,-5.64862521463624,1.7364817766693
8.13088641625596,-9.41659970810927,5.75742630967009
-1.63468575993652,-22.0153264723369,1.66755626400633
0.806707284111599,-8.47293782195435,2.60472266500395
2.42721224957257,-6.48215212483746,1.58377813200316
-2.45557383852367,-5.29735959393336,-0.416221867996835
-2.4484834412859,-3.89897016226852,-0.437166400997627
-1.6134145682232,-3.38917512878174,1.04188906600158
0,0,0

StrokePoints: 15
0,0,0
-1.62759536269875,-0.592396265452048,1
-1.62759536269875,-2.36958506180819,4
-4.88278608809624,-1.77718879635614,3
-4.88278608809624,-1.77718879635614,3
-4.88278608809624,-1.77718879635614,3
-3.26937151987305,-7.42581401099238,4.7364817766693
4.86151489638292,-16.8424137191017,10.4939080863394
3.2268291364464,-38.8577401914386,12.1614643503457
4.03353642055799,-47.3306780133929,14.7661870153497
6.46074867013057,-53.8128301382304,16.3499651473528
4.00517483160689,-59.1101897321638,15.933743279356
1.556691390321,-63.0091598944323,15.4965768783584
-0.0567231779022013,-66.398335023214,16.53846594436
-0.0567231779022013,-66.398335023214,16.53846594436

Velocities: 14
0,0,0
0,0,0
0,0,0
0,0,0
0,0,0
-4,-6,0
-6,-7,0
-8,-9,-7
-7,-8,0
-5,-7,0
-5,-7,0
-4,-5,0
-4,-2,0
0,0,0

InverseVelocities: 14
0,0,0
0,0,0
0,0,0
0,0,0
0,0,0
0,0,0
0,0,0
0,0,0
0,0,0
0,0,0
0,0,0
0,0,0
0,0,0
0,0,0
