GestureName: swipe_left
Duration(ms): 752
Handedness: right

SpeakerAngles: 6
55
-55
0
0
110
-110

SpeakerElevations: 6
-10
-10
-10
0
30
30

InterpretedPoints: 16
0.806707284111599,0.564862521463623,-0.17364817766693
3.24100993092194,0.537328777475199,0.652703644666139
5.67531257773229,0.509795033486775,1.47905546699921
7.29581754319326,0.778459422224375,1.80540728933228
6.48201986184389,5.04427306097481,0.958110933998418
6.48201986184389,1.0746575549504,1.30540728933228
8.08834403282931,-1.45345691964169,1.67364817766693
9.71593939552806,0.849104765980274,1.02094453300079
8.90923211141646,-9.04740025509234,1.06283359900237
8.90214171417869,-12.6932838844023,0.0837781320031643
8.90923211141646,-12.4246194956647,0.410129954336234
4.04062681779577,-1.96325195312847,0.194592710667721
4.85442449914514,-5.04427306097482,-0.958110933998418
2.4201218523348,-3.67939531740308,0.694592710667721
1.6134145682232,-1.12972504292725,0.347296355333861
0,0,0

StrokePoints: 17
0,0,0
0.806707284111599,0.564862521463623,-0.17364817766693
4.04771721503354,1.10219129893882,0.479055466999209
9.72302979276584,1.6119863324256,1.95811093399842
17.0188473359591,2.39044575464997,3.7635182233307
23.500867197803,7.43471881562479,4.72162915732911
29.9828870596469,8.50937637057519,6.02703644666139
38.0712310924762,7.05591945093349,7.70068462432832
47.7871704880043,7.90502421691377,8.72162915732911
56.6964025994207,-1.14237603817858,9.78446275633148
65.5985443135994,-13.8356599225809,9.86824088833465
74.5077764250158,-26.2602794182456,10.2783708426709
78.5484032428116,-28.2235313713741,10.4729635533386
83.4028277419568,-33.2678044323489,9.51485261934019
85.8229495942916,-36.947199749752,10.2094453300079
87.4363641625147,-38.0769247926792,10.5567416853418
87.4363641625147,-38.0769247926792,10.5567416853418

Velocities: 16
1,0,0
2,0,0
3,0,0
4,0,0
4,0,2
4,0,0
3,-4,0
1,-6,2
0,-6,-3
0,-7,-5
0,-6,-5
0,-4,0
0,-4,-2
0,-3,-1
0,-2,0
0,0,0

InverseVelocities: 16
0,0,0
0,0,0
0,0,0
0,0,0
0,0,0
0,0,0
-1,2,0
-3,1,-1
0,0,0
0,0,0
0,0,0
0,0,0
0,0,0
0,0,0
0,0,0
0,0,0
