GestureName: swipe_down
Duration(ms): 705
Handedness: right

SpeakerAngles: 6
55
-55
0
0
110
-110

SpeakerElevations: 6
-10
-10
-10
0
30
30

InterpretedPoints: 15
0.813797681349374,-0.296198132726024,0.5
0.806707284111599,0.564862521463623,-0.17364817766693
0.806707284111599,1.69458756439087,-0.520944533000791
1.62050496546097,2.52811447459209,-0.368240888334652
3.24810032815972,3.06544325206729,0.284462756331487
4.85442449914514,14.9802677142452,-1.60472266500396
1.62050496546097,13.8565206154227,-2.10472266500395
4.84024370466959,3.38917512878174,-1.04188906600158
-3.2268291364464,2.25945008585449,-0.694592710667721
0,0,0
-2.44139304404812,0.888594398178072,-1.5
-0.813797681349373,3.25817945998626,-5.5
0.813797681349374,2.66578319453421,-4.5
0.813797681349374,0.888594398178072,-1.5
0,0,0

StrokePoints: 16
0,0,0
0.813797681349374,-0.296198132726024,0.5
1.62050496546097,0.2686643887376,0.32635182233307
2.42721224957257,1.96325195312847,-0.194592710667721
4.04771721503354,4.49136642772056,-0.562833599002373
7.29581754319326,7.55680967978786,-0.278370842670886
12.1502420423384,22.5370773940331,-1.88309350767484
13.7707470077994,36.3935980094558,-3.9878161726788
18.610990712469,39.7827731382375,-5.02970523868038
15.3841615760226,42.042223224092,-5.7242979493481
15.3841615760226,42.042223224092,-5.7242979493481
12.9427685319745,42.9308176222701,-7.2242979493481
12.1289708506251,46.1889970822563,-12.7242979493481
12.9427685319745,48.8547802767905,-17.2242979493481
13.7565662133238,49.7433746749686,-18.7242979493481
13.7565662133238,49.7433746749686,-18.7242979493481

Velocities: 15
0,0,0
1,0,0
2,1,0
3,2,0
4,3,0
7,3,5
6,5,4
6,0,0
0,4,0
0,0,0
0,0,0
0,0,0
0,0,0
0,0,0
0,0,0

InverseVelocities: 15
0,0,0
0,0,0
0,0,0
0,0,0
0,0,0
0,0,0
0,0,0
0,0,0
0,0,0
0,0,0
0,0,0
0,0,0
0,0,0
0,0,0
0,0,0
