GestureName: swipe_up
Duration(ms): 611
Handedness: right

SpeakerAngles: 6
55
-55
0
0
110
-110

SpeakerElevations: 6
-10
-10
-10
0
30
30

InterpretedPoints: 13
0.813797681349374,-0.296198132726024,0.5
-3.2551907253975,-1.77718879635614,3
-2.44139304404812,-2.07338692908217,3.5
0,0,0
0,0,0
1.6134145682232,-9.03780034341798,2.77837084267089
2.42721224957257,-8.74160221069195,2.27837084267089
2.4201218523348,-1.69458756439087,0.520944533000791
0.806707284111599,-3.95403765024536,1.21553724366851
1.6134145682232,-9.34359838781836,1.56283359900237
1.6134145682232,-1.12972504292725,0.347296355333861
0.806707284111599,-0.564862521463623,0.17364817766693
0,0,0

StrokePoints: 14
0,0,0
0.813797681349374,-0.296198132726024,0.5
-2.44139304404812,-2.07338692908217,3.5
-4.88278608809624,-4.14677385816433,7
-4.88278608809624,-4.14677385816433,7
-4.88278608809624,-4.14677385816433,7
-3.26937151987304,-13.1845742015823,9.77837084267088
-0.842159270300473,-21.9261764122743,12.0567416853418
1.57796258203432,-23.6207639766651,12.5776862183426
2.38466986614592,-27.5748016269105,13.7932234620111
3.99808443436912,-36.9184000147289,15.3560570610134
5.61149900259232,-38.0481250576561,15.7033534163473
6.41820628670392,-38.6129875791197,15.8770015940142
6.41820628670392,-38.6129875791197,15.8770015940142

Velocities: 13
0,0,0
0,0,0
0,0,0
0,0,0
0,0,0
-7,-9,0
-7,-9,0
0,-3,0
-3,-4,0
-2,-4,-3
0,-2,0
0,-1,0
0,0,0

InverseVelocities: 13
0,0,0
0,0,0
0,0,0
0,0,0
0,0,0
0,0,0
0,0,0
0,0,0
0,0,0
0,0,0
0,0,0
0,0,0
0,0,0
