GestureName: swipe_up
Duration(ms): 799
Handedness: right

SpeakerAngles: 6
55
-55
0
0
110
-110

SpeakerElevations: 6
-10
-10
-10
0
30
30

InterpretedPoints: 17
0.813797681349374,-0.296198132726024,0.5
0.813797681349374,-0.296198132726024,0.5
0,-1.77718879635614,3
0,-1.77718879635614,3
-0.813797681349374,-1.48099066363012,2.5
-0.813797681349374,-0.888594398178072,1.5
4.03353642055799,-2.82431260731812,0.868240888334652
4.04062681779577,-2.55564821858052,1.19459271066772
2.4201218523348,-6.21348773609986,1.91012995433623
1.6134145682232,-18.6871967756367,3.12566719800475
1.62050496546097,-20.9406689173865,2.97296355333861
-4.07607880398464,-2.71417763136442,-2.43716640099763
0.806707284111599,-5.08376269317261,1.56283359900237
-0.842159270300475,-16.0764810690794,0.278370842670886
2.4201218523348,-2.82431260731812,0.868240888334652
0.806707284111599,-1.69458756439087,0.520944533000791
0,0,0

StrokePoints: 18
0,0,0
0.813797681349374,-0.296198132726024,0.5
1.62759536269875,-0.592396265452048,1
1.62759536269875,-2.36958506180819,4
1.62759536269875,-4.14677385816433,7
0.813797681349374,-5.62776452179445,9.5
1.11022302462516E-16,-6.51635891997252,11
4.03353642055799,-9.34067152729064,11.8682408883347
8.07416323835376,-11.8963197458712,13.0628335990024
10.4942850906886,-18.109807481971,14.9729635533386
12.1076996589118,-36.7970042576077,18.0986307513434
13.7282046243727,-57.7376731749943,21.071594304682
9.65212582038808,-60.4518508063587,18.6344279036843
10.4588331044997,-65.5356134995313,20.1972615026867
9.61667383419921,-81.6120945686107,20.4756323453576
12.036795686534,-84.4364071759288,21.3438732336922
12.8435029706456,-86.1309947403197,21.864817766693
12.8435029706456,-86.1309947403197,21.864817766693

Velocities: 17
0,0,0
0,0,0
0,0,0
0,0,0
0,0,0
0,0,0
0,-5,0
0,-4,0
-4,-7,0
-5,-7,-6
-6,-7,-7
-4,-5,0
-4,-5,0
-3,-7,-6
-1,-4,0
-1,-2,0
0,0,0

InverseVelocities: 17
0,0,0
0,0,0
0,0,0
0,0,0
0,0,0
0,0,0
0,0,0
0,0,0
0,0,0
0,0,0
0,0,0
0,0,0
0,0,0
0,0,0
0,0,0
0,0,0
0,0,0
