GestureName: swipe_down
Duration(ms): 658
Handedness: right

SpeakerAngles: 6
55
-55
0
0
110
-110

SpeakerElevations: 6
-10
-10
-10
0
30
30

InterpretedPoints: 14
0.806707284111599,0.564862521463623,-0.17364817766693
0.806707284111599,0.564862521463623,-0.17364817766693
0.806707284111599,0.564862521463623,-0.17364817766693
0.806707284111599,1.69458756439087,-0.520944533000791
2.42721224957257,3.09297699605572,-0.541889066001582
1.6134145682232,4.51890017170899,-1.38918542133544
-4.88278608809624,1.77718879635614,-3
0,5.33156638906843,-9
0,0,0
0.813797681349374,1.48099066363012,-2.5
0.813797681349374,2.07338692908217,-3.5
-0.813797681349374,2.07338692908217,-3.5
-2.44139304404812,0.888594398178072,-1.5
0,0,0

StrokePoints: 15
0,0,0
0.806707284111599,0.564862521463623,-0.17364817766693
1.6134145682232,1.12972504292725,-0.347296355333861
2.4201218523348,1.69458756439087,-0.520944533000791
3.2268291364464,3.38917512878174,-1.04188906600158
5.65404138601897,6.48215212483746,-1.58377813200316
7.26745595424216,11.0010522965464,-2.97296355333861
2.38466986614592,12.7782410929026,-5.97296355333861
2.38466986614592,18.109807481971,-14.9729635533386
2.38466986614592,18.109807481971,-14.9729635533386
3.1984675474953,19.5907981456011,-17.4729635533386
4.01226522884467,21.6641850746833,-20.9729635533386
3.19846754749529,23.7375720037655,-24.4729635533386
0.757074503447174,24.6261664019435,-25.9729635533386
0.757074503447174,24.6261664019435,-25.9729635533386

Velocities: 14
1,0,0
1,0,0
1,0,0
2,1,0
4,2,0
5,3,0
0,0,0
0,0,0
0,0,0
0,0,0
0,0,0
0,0,0
0,0,0
0,0,0

InverseVelocities: 14
0,0,0
0,0,0
0,0,0
0,0,0
0,0,0
0,0,0
0,0,0
0,0,0
0,0,0
0,0,0
0,0,0
0,0,0
0,0,0
0,0,0
