GestureName: swipe_down
Duration(ms): 376
Handedness: right

SpeakerAngles: 6
55
-55
0
0
110
-110

SpeakerElevations: 6
-10
-10
-10
0
30
30

InterpretedPoints: 8
1.62050496546097,5.36800493768926,-0.368240888334652
-0.806707284111599,8.77873586635474,-1.38918542133544
0.806707284111599,15.8628841683186,-2.25742630967009
6.50329105355721,12.9344145291515,1.06892551266297
-2.41303145509702,1.37085568767642,0.805407289332279
0,0,0
-4.06898840674687,1.48099066363012,-2.5
0,0,0

StrokePoints: 9
0,0,0
1.62050496546097,5.36800493768926,-0.368240888334652
0.813797681349374,14.146740804044,-1.75742630967009
1.62050496546097,30.0096249723626,-4.01485261934019
8.12379601901819,42.9440395015141,-2.94592710667721
5.71076456392117,44.3148951891905,-2.14051981734494
5.71076456392117,44.3148951891905,-2.14051981734494
1.6417761571743,45.7958858528206,-4.64051981734494
1.6417761571743,45.7958858528206,-4.64051981734494

Velocities: 8
2,1,2
2,3,3
4,3,6
5,4,5
0,4,0
0,0,0
0,0,0
0,0,0

InverseVelocities: 8
0,0,0
0,0,0
0,0,0
0,0,0
0,0,0
0,0,0
0,0,0
0,0,0
