GestureName: swipe_up
Duration(ms): 517
Handedness: right

SpeakerAngles: 6
55
-55
0
0
110
-110

SpeakerElevations: 6
-10
-10
-10
0
30
30

InterpretedPoints: 11
-2.44139304404812,-0.888594398178072,1.5
6.51038145079499,-2.36958506180819,4
-6.51038145079499,-2.36958506180819,4
-0.813797681349374,-1.48099066363012,2.5
0,0,0
4.86151489638292,-9.84379350963077,1.79931537567168
2.42721224957257,-9.8713272536192,2.62566719800475
1.6134145682232,-7.90807530049073,2.43107448733702
-1.6134145682232,-1.12972504292725,0.347296355333861
1.6134145682232,-2.25945008585449,0.694592710667721
0,0,0

StrokePoints: 12
0,0,0
-2.44139304404812,-0.888594398178072,1.5
4.06898840674687,-3.25817945998626,5.5
-2.44139304404812,-5.62776452179445,9.5
-3.25519072539749,-7.10875518542457,12
-3.25519072539749,-7.10875518542457,12
1.60632417098542,-16.9525486950553,13.7993153756717
4.03353642055799,-26.8238759486745,16.4249825736764
5.64695098878119,-34.7319512491653,18.8560570610134
4.03353642055799,-35.8616762920925,19.2033534163473
5.64695098878119,-38.121126377947,19.897946127015
5.64695098878119,-38.121126377947,19.897946127015

Velocities: 11
0,0,0
0,0,0
0,0,0
0,0,0
0,0,0
-8,-11,0
-8,-10,0
-6,-8,0
-2,0,0
-1,-3,0
0,0,0

InverseVelocities: 11
0,0,0
0,0,0
0,0,0
0,0,0
0,0,0
0,0,0
0,0,0
0,0,0
0,0,0
0,0,0
0,0,0
