GestureName: swipe_back
Duration(ms): 564
Handedness: right

SpeakerAngles: 6
55
-55
0
0
110
-110

SpeakerElevations: 6
-10
-10
-10
0
30
30

InterpretedPoints: 12
0.806707284111599,-0.564862521463623,0.17364817766693
0.806707284111599,-1.69458756439087,0.520944533000791
0,-11.3284061408306,1.7364817766693
-3.2268291364464,-2.25945008585449,0.694592710667721
-4.03353642055799,-2.82431260731812,0.868240888334652
3.23391953368417,-8.17673968922833,2.10472266500395
-4.03353642055799,-2.82431260731812,0.868240888334652
0,0,0
3.24810032815972,-6.38759500466281,-2.58987004566377
0,0,0
-0.813797681349374,0.296198132726024,-0.5
0,0,0

StrokePoints: 13
0,0,0
0.806707284111599,-0.564862521463623,0.17364817766693
1.6134145682232,-2.25945008585449,0.694592710667721
1.6134145682232,-13.5878562266851,2.43107448733702
-1.6134145682232,-15.8473063125396,3.12566719800475
-5.64695098878119,-18.6716189198577,3.9939080863394
-2.41303145509702,-26.848358609086,6.09863075134335
-6.44656787565501,-29.6726712164041,6.966871639678
-6.44656787565501,-29.6726712164041,6.966871639678
-3.19846754749529,-36.0602662210669,4.37700159401424
-3.19846754749529,-36.0602662210669,4.37700159401424
-4.01226522884467,-35.7640680883409,3.87700159401424
-4.01226522884467,-35.7640680883409,3.87700159401424

Velocities: 12
0,-1,0
-1,-2,0
-3,-3,-4
-4,0,0
-5,0,0
-6,-9,0
-5,0,0
0,0,0
-4,-5,-2
0,0,0
0,0,0
0,0,0

InverseVelocities: 12
0,0,0
0,0,0
0,0,0
0,0,0
0,0,0
0,0,0
0,0,0
0,0,0
0,0,0
0,0,0
0,0,0
0,0,0
