GestureName: swipe_back
Duration(ms): 517
Handedness: right

SpeakerAngles: 6
55
-55
0
0
110
-110

SpeakerElevations: 6
-10
-10
-10
0
30
30

InterpretedPoints: 11
-0.806707284111599,-0.564862521463623,0.17364817766693
4.03353642055799,-2.82431260731812,0.868240888334652
10.5368274741152,-1.31578819969957,-2.45811093399842
12.1502420423384,-2.44551324262682,-2.11081457866456
6.45365827289279,-22.3821699488189,2.95201902033782
4.84024370466959,-3.38917512878174,1.04188906600158
4.03353642055799,-2.82431260731812,0.868240888334652
5.65404138601897,-5.28540370572399,-2.11081457866456
-3.24100993092194,-0.537328777475199,-0.652703644666139
2.44139304404812,0.888594398178072,-1.5
0,0,0

StrokePoints: 12
0,0,0
-0.806707284111599,-0.564862521463623,0.17364817766693
3.2268291364464,-3.38917512878174,1.04188906600158
13.7636566105616,-4.70496332848132,-1.41622186799684
25.9138986529,-7.15047657110814,-3.52703644666139
32.3675569257928,-29.532646519927,-0.575017426323576
37.2078006304624,-32.9218216487087,0.466871639678006
41.2413370510204,-35.7461342560269,1.33511252801266
46.8953784370393,-41.0315379617509,-0.775702050651899
43.6543685061174,-41.568866739226,-1.42840569531804
46.0957615501655,-40.680272341048,-2.92840569531804
46.0957615501655,-40.680272341048,-2.92840569531804

Velocities: 11
-1,0,0
0,-5,0
0,-6,0
0,-8,0
0,-8,-9
0,-6,0
0,-5,0
0,-6,-2
-2,0,0
0,0,0
0,0,0

InverseVelocities: 11
0,0,0
0,0,0
0,0,0
0,0,0
0,0,0
0,0,0
0,0,0
0,0,0
0,0,0
0,0,0
0,0,0
