GestureName: swipe_back
Duration(ms): 470
Handedness: right

SpeakerAngles: 6
55
-55
0
0
110
-110

SpeakerElevations: 6
-10
-10
-10
0
30
30

InterpretedPoints: 10
0.806707284111599,-5.66420307041529,0.868240888334652
-0.806707284111599,-4.80912036033033,1.04188906600158
0,-5.64862521463624,1.7364817766693
9.74430098447916,-23.3957820716877,-0.853388268994462
1.6134145682232,-6.77835025756348,2.08377813200316
6.45365827289279,-4.51890017170899,1.38918542133544
0,0,0
4.84024370466959,-3.38917512878174,1.04188906600158
0,-1.98480775301221,0.17364817766693
0,0,0

StrokePoints: 11
0,0,0
0.806707284111599,-5.66420307041529,0.868240888334652
2.22044604925031E-16,-10.4733234307456,1.91012995433623
2.22044604925031E-16,-16.1219486453818,3.64661173100554
9.74430098447916,-39.5177307170696,2.79322346201108
11.3577155527024,-46.2960809746331,4.87700159401424
17.8113738255951,-50.814981146342,6.26618701534968
17.8113738255951,-50.814981146342,6.26618701534968
22.6516175302647,-54.2041562751238,7.30807608135126
22.6516175302647,-56.188964028136,7.48172425901819
22.6516175302647,-56.188964028136,7.48172425901819

Velocities: 10
-1,-2,-2
-3,-2,-1
-5,-5,0
-4,-7,-10
-5,-7,0
0,-8,0
0,0,0
0,-6,0
0,0,-1
0,0,0

InverseVelocities: 10
0,0,0
0,0,0
0,0,0
0,0,0
0,0,0
0,0,0
0,0,0
0,0,0
0,0,0
0,0,0
