GestureName: swipe_down
Duration(ms): 564
Handedness: right

SpeakerAngles: 6
55
-55
0
0
110
-110

SpeakerElevations: 6
-10
-10
-10
0
30
30

InterpretedPoints: 12
0.806707284111599,1.69458756439087,-0.520944533000791
0.806707284111599,8.77873586635474,-1.38918542133544
0,10.4733234307456,-1.91012995433623
6.46783906736834,2.79677886332969,-0.0418890660015822
0.813797681349374,-0.296198132726024,0.5
0,0,0
0,0,0
0,1.77718879635614,-3
0,1.77718879635614,-3
0,1.77718879635614,-3
1.62759536269875,0.592396265452048,-1
0,0,0

StrokePoints: 13
0,0,0
0.806707284111599,1.69458756439087,-0.520944533000791
1.6134145682232,10.4733234307456,-1.91012995433623
1.6134145682232,20.9466468614912,-3.82025990867247
8.08125363559154,23.7434257248209,-3.86214897467405
8.89505131694091,23.4472275920949,-3.36214897467405
8.89505131694091,23.4472275920949,-3.36214897467405
8.89505131694091,23.4472275920949,-3.36214897467405
8.89505131694091,25.224416388451,-6.36214897467405
8.89505131694091,27.0016051848072,-9.36214897467405
8.89505131694091,28.7787939811633,-12.362148974674
10.5226466796397,29.3711902466154,-13.362148974674
10.5226466796397,29.3711902466154,-13.362148974674

Velocities: 12
2,1,0
3,2,3
4,4,3
6,0,0
0,0,0
0,0,0
0,0,0
0,0,0
0,0,0
0,0,0
0,0,0
0,0,0

InverseVelocities: 12
0,0,0
0,0,0
0,0,0
0,0,0
0,0,0
0,0,0
0,0,0
0,0,0
0,0,0
0,0,0
0,0,0
0,0,0
