GestureName: swipe_down
Duration(ms): 705
Handedness: right

SpeakerAngles: 6
55
-55
0
0
110
-110

SpeakerElevations: 6
-10
-10
-10
0
30
30

InterpretedPoints: 15
0.806707284111599,0.564862521463623,-0.17364817766693
1.6134145682232,1.12972504292725,-0.347296355333861
1.62759536269875,1.66705382040245,0.305407289332279
2.44139304404812,8.45500398964029,-0.0628335990023732
4.06898840674687,15.3315333349481,-3.75742630967009
2.42721224957257,5.35242708191021,-1.2364817766693
4.84733410190737,2.52811447459209,-0.368240888334652
0.813797681349374,-0.296198132726024,0.5
0,0,0
-0.813797681349374,0.296198132726024,-0.5
0.813797681349374,2.07338692908217,-3.5
0.813797681349374,2.07338692908217,-3.5
-0.813797681349374,1.48099066363012,-2.5
1.62759536269875,0.592396265452048,-1
0,0,0

StrokePoints: 16
0,0,0
0.806707284111599,0.564862521463623,-0.17364817766693
2.4201218523348,1.69458756439087,-0.520944533000791
4.04771721503354,3.36164138479332,-0.215537243668512
6.48911025908167,11.8166453744336,-0.278370842670886
10.5580986658285,27.1481787093817,-4.03579715234098
12.9853109154011,32.5006057912919,-5.27227892901028
17.8326450173085,35.028720265884,-5.64051981734493
18.6464426986578,34.732522133158,-5.14051981734493
18.6464426986578,34.732522133158,-5.14051981734493
17.8326450173085,35.028720265884,-5.64051981734493
18.6464426986578,37.1021071949662,-9.14051981734493
19.4602403800072,39.1754941240484,-12.6405198173449
18.6464426986578,40.6564847876785,-15.1405198173449
20.2740380613566,41.2488810531305,-16.1405198173449
20.2740380613566,41.2488810531305,-16.1405198173449

Velocities: 15
1,0,0
2,0,0
2,2,0
3,3,3
4,4,5
6,4,0
5,0,0
0,0,0
0,0,0
0,0,0
0,0,0
0,0,0
0,0,0
0,0,0
0,0,0

InverseVelocities: 15
0,0,0
0,0,0
0,0,0
0,0,0
0,0,0
0,0,0
0,0,0
0,0,0
0,0,0
0,0,0
0,0,0
0,0,0
0,0,0
0,0,0
0,0,0
