GestureName: swipe_up
Duration(ms): 658
Handedness: right

SpeakerAngles: 6
55
-55
0
0
110
-110

SpeakerElevations: 6
-10
-10
-10
0
30
30

InterpretedPoints: 14
-4.06898840674687,-1.48099066363012,2.5
-1.62759536269875,-1.77718879635614,3
1.62759536269875,-0.592396265452048,1
0,0,0
7.26745595424216,-4.81509830443501,1.88918542133544
2.42721224957257,-7.61187716776471,1.93107448733702
2.42721224957257,-7.61187716776471,1.93107448733702
2.4201218523348,-4.32616396379002,-4.39527733499604
2.4201218523348,-5.08376269317261,1.56283359900237
0.806707284111599,-5.08376269317261,1.56283359900237
-1.63468575993652,-3.06544325206729,-0.284462756331487
-0.0141807944755503,-1.66705382040245,-0.305407289332279
0.806707284111599,-0.564862521463623,0.17364817766693
0,0,0

StrokePoints: 15
0,0,0
-4.06898840674687,-1.48099066363012,2.5
-5.69658376944562,-3.25817945998626,5.5
-4.06898840674687,-3.85057572543831,6.5
-4.06898840674687,-3.85057572543831,6.5
3.19846754749529,-8.66567402987332,8.38918542133544
5.62567979706787,-16.277551197638,10.3202599086725
8.05289204664044,-23.8894283654027,12.2513343960095
10.4730138989752,-28.2155923291928,7.85605706101345
12.89313575131,-33.2993550223654,9.41889066001582
13.6998430354216,-38.383117715538,10.9817242590182
12.0651572754851,-41.4485609676053,10.6972615026867
12.0509764810096,-43.1156147880077,10.3918542133544
12.8576837651212,-43.6804773094713,10.5655023910214
12.8576837651212,-43.6804773094713,10.5655023910214

Velocities: 14
0,0,0
0,0,0
0,0,0
0,0,0
0,-8,0
-6,-8,0
-6,-8,0
-6,-9,0
-3,-6,0
-4,-5,0
-3,-4,0
-1,-3,0
0,-1,0
0,0,0

InverseVelocities: 14
0,0,0
0,0,0
0,0,0
0,0,0
0,0,0
0,0,0
0,0,0
0,0,0
0,0,0
0,0,0
0,0,0
0,0,0
0,0,0
0,0,0
