GestureName: swipe_left
Duration(ms): 799
Handedness: right

SpeakerAngles: 6
55
-55
0
0
110
-110

SpeakerElevations: 6
-10
-10
-10
0
30
30

InterpretedPoints: 17
2.44139304404812,-0.888594398178072,1.5
7.29581754319326,4.74807492824879,1.45811093399842
7.29581754319326,0.778459422224375,1.80540728933228
4.06898840674687,-1.48099066363012,2.5
4.06898840674687,0.503817089382089,2.32635182233307
7.28872714595549,1.10219129893882,0.479055466999209
10.5297370768774,-0.564862521463623,0.17364817766693
9.72302979276584,-5.63666932642686,0.041889066001582
5.68240297497007,-10.7144540754948,0.757426309670095
0.792526489636048,-10.6534086434133,-1.74257369032991
5.66822218049452,-10.4398117426525,0.236481776669304
5.66822218049452,-7.32527894671305,-0.284462756331487
3.24100993092194,-4.50694428349961,-0.305407289332279
1.6134145682232,-1.12972504292725,0.347296355333861
0.806707284111599,-0.564862521463623,0.17364817766693
0.806707284111599,-0.564862521463623,0.17364817766693
0,0,0

StrokePoints: 18
0,0,0
2.44139304404812,-0.888594398178072,1.5
9.73721058724139,3.85948053007072,2.95811093399842
17.0330281304347,4.63793995229509,4.7635182233307
21.1020165371815,3.15694928866497,7.2635182233307
25.1710049439284,3.66076637804706,9.58987004566377
32.4597320898839,4.76295767698589,10.068925512663
42.9894691667613,4.19809515552226,10.2425736903299
52.7124989595271,-1.4385741709046,10.2844627563315
58.3949019344972,-12.1530282463994,11.0418890660016
59.1874284241333,-22.8064368898126,9.29931537567168
64.8556506046278,-33.2462486324651,9.53579715234098
70.5238727851223,-40.5715275791782,9.25133439600949
73.7648827160442,-45.0784718626778,8.94592710667721
75.3782972842674,-46.2081969056051,9.29322346201107
76.185004568379,-46.7730594270687,9.466871639678
76.9917118524906,-47.3379219485323,9.64051981734493
76.9917118524906,-47.3379219485323,9.64051981734493

Velocities: 17
0,0,0
4,0,2
4,0,0
0,0,0
0,0,1
4,-1,0
3,-4,0
1,-5,-2
-4,-6,-3
-3,-6,-4
-1,-5,-4
0,-4,-3
0,-2,-2
0,-2,0
0,-1,0
0,-1,0
0,0,0

InverseVelocities: 17
0,0,0
0,0,0
0,0,0
0,0,0
0,0,0
0,0,0
-1,2,0
-4,0,0
0,0,0
0,0,0
0,0,0
0,0,0
0,0,0
0,0,0
0,0,0
0,0,0
0,0,0
