GestureName: swipe_left
Duration(ms): 846
Handedness: right

SpeakerAngles: 6
55
-55
0
0
110
-110

SpeakerElevations: 6
-10
-10
-10
0
30
30

InterpretedPoints: 18
0.806707284111599,0.564862521463623,-0.17364817766693
2.43430264681035,-0.0275337439884242,0.82635182233307
4.05480761227132,0.241130644749175,1.15270364466614
6.48201986184389,1.0746575549504,1.30540728933228
3.2551907253975,-1.1847925309041,2
6.48201986184389,1.0746575549504,1.30540728933228
6.48201986184389,0.537328777475199,0.652703644666139
9.73721058724138,0.800015222108113,1.82635182233307
6.48201986184389,-0.537328777475199,-0.652703644666139
6.48201986184389,-3.65186157341465,-0.131759111665348
6.48201986184389,-3.65186157341465,-0.131759111665348
5.66822218049452,-1.37085568767642,-0.805407289332278
4.04771721503354,-1.10219129893882,-0.479055466999209
2.43430264681035,0.0275337439884242,-0.82635182233307
1.6134145682232,-1.12972504292725,0.347296355333861
0,0,0
0.806707284111599,-0.564862521463623,0.17364817766693
0,0,0

StrokePoints: 19
0,0,0
0.806707284111599,0.564862521463623,-0.17364817766693
3.24100993092194,0.537328777475199,0.652703644666139
7.29581754319326,0.778459422224375,1.80540728933228
13.7778374050372,1.85311697717477,3.11081457866456
17.0330281304346,0.668324446270678,5.11081457866456
23.5150479922785,1.74298200122108,6.41622186799684
29.9970678541224,2.28031077869628,7.06892551266297
39.7342784413638,3.08032600080439,8.89527733499604
46.2162983032077,2.54299722332919,8.2425736903299
52.6983181650516,-1.10886435008546,8.11081457866456
59.1803380268955,-4.76072592350012,7.97905546699921
64.84856020739,-6.13158161117654,7.17364817766693
68.8962774224235,-7.23377291011536,6.69459271066772
71.3305800692339,-7.20623916612694,5.86824088833465
72.9439946374571,-8.33596420905418,6.21553724366851
72.9439946374571,-8.33596420905418,6.21553724366851
73.7507019215687,-8.90082673051781,6.38918542133544
73.7507019215687,-8.90082673051781,6.38918542133544

Velocities: 18
1,0,0
1,0,0
2,0,0
4,0,0
0,0,0
4,0,0
3,-1,0
2,-2,1
1,-3,0
0,-4,-1
0,-4,-1
0,-4,0
0,-3,0
0,-1,0
0,-2,0
0,0,0
0,-1,0
0,0,0

InverseVelocities: 18
0,0,0
0,0,0
0,0,0
0,0,0
0,0,0
0,0,0
0,0,0
0,1,0
-1,0,0
0,0,0
0,0,0
0,0,0
0,0,0
0,0,0
0,0,0
0,0,0
0,0,0
0,0,0
