GestureName: swipe_left
Duration(ms): 752
Handedness: right

SpeakerAngles: 6
55
-55
0
0
110
-110

SpeakerElevations: 6
-10
-10
-10
0
30
30

InterpretedPoints: 16
2.42721224957257,2.81833466321343,-0.0209445330007911
4.86151489638292,2.79080091922501,0.805407289332278
6.48201986184389,5.04427306097481,0.958110933998418
4.86860529362069,-0.0550674879768485,1.65270364466614
0,0,0
8.91632250865424,3.03193156397418,1.95811093399842
11.3435347582268,0.805993166212799,0.979055466999209
11.336444360989,-1.12972504292725,0.347296355333861
4.84733410190737,-7.09012624606856,1.71553724366851
6.48201986184389,-9.88092716529357,0.910129954336234
5.67531257773229,-9.85339342130514,0.0837781320031643
6.47492946460611,-7.89014146817667,-0.110814578664557
1.6134145682232,-1.12972504292725,0.347296355333861
1.6134145682232,-1.12972504292725,0.347296355333861
0.806707284111599,-0.564862521463623,0.17364817766693
0,0,0

StrokePoints: 17
0,0,0
2.42721224957257,2.81833466321343,-0.0209445330007911
7.28872714595549,5.60913558243844,0.784462756331487
13.7707470077994,10.6534086434133,1.74257369032991
18.6393523014201,10.5983411554364,3.39527733499604
18.6393523014201,10.5983411554364,3.39527733499604
27.5556748100743,13.6302727194106,5.35338826899446
38.8992095683011,14.4362658856234,6.33244373599367
50.2356539292902,13.3065408426961,6.67974009132753
55.0829880311975,6.21641459662758,8.39527733499604
61.5650078930414,-3.66451256866598,9.30540728933228
67.2403204707737,-13.5179059899711,9.38918542133544
73.7152499353798,-21.4080474581478,9.27837084267088
75.328664503603,-22.537772501075,9.62566719800475
76.9420790718262,-23.6674975440023,9.97296355333861
77.7487863559378,-24.2323600654659,10.1466117310055
77.7487863559378,-24.2323600654659,10.1466117310055

Velocities: 16
2,0,1
3,0,1
4,0,2
2,0,0
0,0,0
5,0,1
5,-2,0
3,-5,0
0,-5,-2
-2,-6,-3
-3,-6,-3
0,-5,-3
0,-2,0
0,-2,0
0,-1,0
0,0,0

InverseVelocities: 16
0,0,0
0,0,0
0,0,0
0,0,0
0,0,0
0,0,0
0,0,0
0,0,0
0,0,0
0,0,0
0,0,0
0,0,0
0,0,0
0,0,0
0,0,0
0,0,0
