GestureName: swipe_right
Duration(ms): 705
Handedness: right

SpeakerAngles: 6
55
-55
0
0
110
-110

SpeakerElevations: 6
-10
-10
-10
0
30
30

InterpretedPoints: 15
-0.806707284111599,0.564862521463623,-0.17364817766693
-0.792526489636049,4.47941053951119,1.13175911166535
-4.04062681779577,5.34047119370084,0.458110933998418
-4.85442449914514,1.66705382040245,0.305407289332279
-4.03353642055799,2.82431260731812,-0.868240888334652
-8.09543443006709,1.6119863324256,1.95811093399842
-8.10252482730486,1.343321943688,1.63175911166535
-4.86151489638292,2.58318196256894,-2.02094453300079
-3.2551907253975,1.1847925309041,-2
-9.73012019000361,-0.750925678235951,-2.63175911166535
-8.91632250865424,-5.01673931698639,-1.78446275633149
-4.06898840674687,-0.503817089382089,-2.32635182233307
-3.24100993092194,-0.537328777475199,-0.652703644666139
-0.813797681349374,0.296198132726024,-0.5
0,0,0

StrokePoints: 16
0,0,0
-0.806707284111599,0.564862521463623,-0.17364817766693
-1.59923377374765,5.04427306097482,0.958110933998418
-5.63986059154342,10.3847442546757,1.41622186799684
-10.4942850906886,12.0517980750781,1.72162915732911
-14.5278215112466,14.8761106823962,0.853388268994462
-22.6232559413136,16.4880970148218,2.81149920299288
-30.7257807686185,17.8314189585098,4.44325831465823
-35.5872956650014,20.4146009210788,2.42231378165744
-38.8424863903989,21.5993934519829,0.422313781657437
-48.5726065804025,20.8484677737469,-2.20944533000791
-57.4889290890568,15.8317284567605,-3.9939080863394
-61.5579174958036,15.3279113673784,-6.32025990867247
-64.7989274267256,14.7905825899032,-6.97296355333861
-65.612725108075,15.0867807226292,-7.47296355333861
-65.612725108075,15.0867807226292,-7.47296355333861

Velocities: 15
0,1,0
0,3,2
0,4,2
0,4,0
0,5,0
0,6,0
0,5,0
0,3,0
0,0,0
-5,0,0
-5,0,-2
0,0,-1
-2,0,0
0,0,0
0,0,0

InverseVelocities: 15
0,0,0
0,0,0
0,0,0
0,0,0
0,0,0
0,0,0
0,0,0
0,0,0
0,0,0
0,0,0
0,0,0
0,0,0
0,0,0
0,0,0
0,0,0
