GestureName: swipe_front
Duration(ms): 658
Handedness: right

SpeakerAngles: 6
55
-55
0
0
110
-110

SpeakerElevations: 6
-10
-10
-10
0
30
30

InterpretedPoints: 14
1.62759536269875,-0.592396265452048,1
0.813797681349374,-0.296198132726024,0.5
0,0,0
4.84024370466959,3.38917512878174,-1.04188906600158
-2.40594105785925,2.23191634186607,0.131759111665348
-4.84024370466959,2.20438259787765,0.958110933998418
3.24100993092194,4.46383268373214,0.263518223330696
4.04771721503354,5.62109147064781,-0.910129954336234
3.23391953368417,21.7957516274715,-2.79931537567168
0.813797681349374,16.1315485570562,-1.93107448733702
0.806707284111599,2.54967027447583,-0.347296355333861
0,0,0
-0.806707284111599,0.564862521463623,-0.17364817766693
0,0,0

StrokePoints: 15
0,0,0
1.62759536269875,-0.592396265452048,1
2.44139304404812,-0.888594398178072,1.5
2.44139304404812,-0.888594398178072,1.5
7.28163674871771,2.50058073060367,0.458110933998418
4.87569569085847,4.73249707246974,0.589870045663766
0.0354519861888756,6.93687967034739,1.54798097966218
3.27646191711082,11.4007123540795,1.81149920299288
7.32417913214436,17.0218038247273,0.901369248656646
10.5580986658285,38.8175554521988,-1.89794612701503
11.3718963471779,54.9491040092551,-3.82902061435205
12.1786036312895,57.4987742837309,-4.17631696968592
12.1786036312895,57.4987742837309,-4.17631696968592
11.3718963471779,58.0636368051945,-4.34996514735285
11.3718963471779,58.0636368051945,-4.34996514735285

Velocities: 14
0,0,0
0,0,0
0,0,0
6,0,0
0,5,0
0,6,0
6,4,0
7,4,0
7,4,8
4,4,6
1,0,1
0,0,0
0,1,0
0,0,0

InverseVelocities: 14
0,0,0
0,0,0
0,0,0
0,0,0
0,0,0
0,0,0
0,0,0
0,0,0
0,0,0
0,0,0
0,0,0
0,0,0
0,0,0
0,0,0
