GestureName: swipe_front
Duration(ms): 423
Handedness: right

SpeakerAngles: 6
55
-55
0
0
110
-110

SpeakerElevations: 6
-10
-10
-10
0
30
30

InterpretedPoints: 9
6.48201986184389,1.0746575549504,1.30540728933228
0.835068873062699,0.509795033486775,1.47905546699921
0.0354519861888756,1.343321943688,1.63175911166535
0.842159270300474,0.778459422224375,1.80540728933228
0.00709039723777438,8.17673968922833,-2.10472266500395
0,23.7865373245884,-3.82025990867247
1.6134145682232,23.7865373245884,-3.82025990867247
0.806707284111599,3.95403765024536,-1.21553724366851
0,0,0

StrokePoints: 10
0,0,0
6.48201986184389,1.0746575549504,1.30540728933228
7.31708873490659,1.58445258843717,2.78446275633149
7.35254072109546,2.92777453212517,4.41622186799684
8.19469999139594,3.70623395434955,6.22162915732911
8.20179038863371,11.8829736435779,4.11690649232516
8.20179038863371,35.6695109681663,0.296646583652691
9.81520495685691,59.4560482927547,-3.52361332501978
10.6219122409685,63.410085943,-4.73915056868829
10.6219122409685,63.410085943,-4.73915056868829

Velocities: 9
4,0,0
0,3,0
0,5,0
0,4,0
7,8,0
7,7,8
8,6,8
4,3,0
0,0,0

InverseVelocities: 9
0,0,0
0,0,0
0,0,0
0,0,0
0,0,0
0,0,0
0,0,0
0,0,0
0,0,0
