GestureName: swipe_front
Duration(ms): 611
Handedness: right

SpeakerAngles: 6
55
-55
0
0
110
-110

SpeakerElevations: 6
-10
-10
-10
0
30
30

InterpretedPoints: 13
1.62759536269875,-0.592396265452048,1
0,0,0
1.62759536269875,-0.592396265452048,1
4.05480761227132,4.76003081645816,-0.236481776669304
0.806707284111599,5.08376269317261,-1.56283359900237
1.62050496546097,5.91728960337384,-1.41012995433623
1.63468575993652,21.2033553620195,-1.79931537567168
-2.4484834412859,15.4781068595226,1.56892551266297
1.6134145682232,17.5574717327095,-2.77837084267089
-0.806707284111599,12.7483513723792,-1.7364817766693
-0.806707284111599,0.564862521463623,-0.17364817766693
0,1.98480775301221,-0.17364817766693
0,0,0

StrokePoints: 14
0,0,0
1.62759536269875,-0.592396265452048,1
1.62759536269875,-0.592396265452048,1
3.2551907253975,-1.1847925309041,2
7.30999833766881,3.57523828555407,1.7635182233307
8.11670562178041,8.65900097872668,0.200684624328323
9.73721058724138,14.5762905821005,-1.20944533000791
11.3718963471779,35.77964594412,-3.00876070567959
8.92341290589201,51.2577528036426,-1.43983519301661
10.5368274741152,68.8152245363521,-4.2182060356875
9.73012019000361,81.5635759087312,-5.9546878123568
8.92341290589201,82.1284384301949,-6.12833599002373
8.92341290589201,84.1132461832071,-6.30198416769066
8.92341290589201,84.1132461832071,-6.30198416769066

Velocities: 13
0,0,0
0,0,0
0,0,0
6,4,0
5,4,0
6,5,0
5,6,8
4,3,7
6,4,6
2,3,5
0,1,0
0,0,1
0,0,0

InverseVelocities: 13
0,0,0
0,0,0
0,0,0
0,0,0
0,0,0
0,0,0
0,0,0
0,0,0
0,0,0
0,0,0
0,0,0
0,0,0
0,0,0
