GestureName: swipe_left
Duration(ms): 799
Handedness: right

SpeakerAngles: 6
55
-55
0
0
110
-110

SpeakerElevations: 6
-10
-10
-10
0
30
30

InterpretedPoints: 17
0.806707284111599,0.564862521463623,-0.17364817766693
3.23391953368417,1.39838943166485,-0.0209445330007911
1.6134145682232,7.08414830196387,-0.868240888334652
0,3.96961550602442,-0.347296355333861
9.72302979276584,1.6119863324256,1.95811093399842
7.31708873490659,6.95843547023112,1.56892551266297
12.95694932645,-0.323731876714448,1.32635182233307
12.1289708506251,-6.84899560131938,2.86824088833465
12.1502420423384,-13.554344538592,0.757426309670095
11.336444360989,-2.74171137535284,-1.61081457866456
9.71593939552806,-8.42747024565187,-0.763518223330696
8.09543443006709,-2.20438259787765,-0.958110933998418
7.28872714595549,-1.63952007641402,-1.13175911166535
2.4201218523348,-3.67939531740308,0.694592710667721
2.4201218523348,-5.66420307041529,0.868240888334652
0.806707284111599,-0.564862521463623,0.17364817766693
0,0,0

StrokePoints: 18
0,0,0
0.806707284111599,0.564862521463623,-0.17364817766693
4.04062681779577,1.96325195312847,-0.194592710667721
5.65404138601897,9.04740025509234,-1.06283359900237
5.65404138601897,13.0170157611168,-1.41012995433623
15.3770711787848,14.6290020935424,0.547980979662184
22.6941599136914,21.5874375637735,2.11690649232516
35.6511092401414,21.263705687059,3.44325831465823
47.7800800907665,14.4147100857396,6.31149920299288
59.9303221331049,0.860365547147692,7.06892551266297
71.2667664940939,-1.88134582820515,5.45811093399842
80.982705889622,-10.308816073857,4.69459271066772
89.0781403196891,-12.5131986717347,3.7364817766693
96.3668674656445,-14.1527187481487,2.60472266500395
98.7869893179793,-17.8321140655518,3.29931537567168
101.207111170314,-23.4963171359671,4.16755626400633
102.013818454426,-24.0611796574307,4.34120444167326
102.013818454426,-24.0611796574307,4.34120444167326

Velocities: 17
1,0,0
3,0,0
2,0,3
0,0,2
6,0,0
7,6,1
5,-4,0
4,-7,-2
0,-8,-5
0,-8,0
0,-7,-3
0,-6,0
0,-5,0
0,-3,-1
0,-3,-2
0,-1,0
0,0,0

InverseVelocities: 17
0,0,0
0,0,0
0,0,0
0,0,0
0,0,0
0,-1,0
0,0,0
0,0,0
0,0,0
0,0,0
0,0,0
0,0,0
0,0,0
0,0,0
0,0,0
0,0,0
0,0,0
