GestureName: swipe_down
Duration(ms): 611
Handedness: right

SpeakerAngles: 6
55
-55
0
0
110
-110

SpeakerElevations: 6
-10
-10
-10
0
30
30

InterpretedPoints: 13
0.806707284111599,2.54967027447583,-0.347296355333861
1.62050496546097,2.25347214174981,0.152703644666139
1.62050496546097,10.4673454866409,-1.06283359900237
0,0,0
0,0,0
-5.69658376944562,2.07338692908217,-3.5
0,0,0
0,0,0
-2.44139304404812,0.888594398178072,-1.5
0,2.96198132726024,-5
0,2.36958506180819,-4
-0.813797681349374,0.296198132726024,-0.5
0,0,0

StrokePoints: 14
0,0,0
0.806707284111599,2.54967027447583,-0.347296355333861
2.42721224957257,4.80314241622564,-0.194592710667721
4.04771721503354,15.2704879028666,-1.25742630967009
4.04771721503354,15.2704879028666,-1.25742630967009
4.04771721503354,15.2704879028666,-1.25742630967009
-1.64886655441207,17.3438748319487,-4.75742630967009
-1.64886655441207,17.3438748319487,-4.75742630967009
-1.64886655441207,17.3438748319487,-4.75742630967009
-4.09025959846019,18.2324692301268,-6.25742630967009
-4.09025959846019,21.194450557387,-11.2574263096701
-4.09025959846019,23.5640356191952,-15.2574263096701
-4.90405727980957,23.8602337519213,-15.7574263096701
-4.90405727980957,23.8602337519213,-15.7574263096701

Velocities: 13
1,0,1
1,0,1
3,2,4
0,0,0
0,0,0
0,0,0
0,0,0
0,0,0
0,0,0
0,0,0
0,0,0
0,0,0
0,0,0

InverseVelocities: 13
0,0,0
0,0,0
0,0,0
0,0,0
0,0,0
0,0,0
0,0,0
0,0,0
0,0,0
0,0,0
0,0,0
0,0,0
0,0,0
