GestureName: swipe_left
Duration(ms): 752
Handedness: right

SpeakerAngles: 6
55
-55
0
0
110
-110

SpeakerElevations: 6
-10
-10
-10
0
30
30

InterpretedPoints: 16
0.806707284111599,0.564862521463623,-0.17364817766693
4.86151489638292,4.77560867223722,0.631759111665348
4.04771721503354,5.07180680496324,0.131759111665348
8.10961522454264,0.482261289498351,2.30540728933228
4.88278608809624,-1.77718879635614,3
8.91632250865424,1.04712381096197,2.13175911166535
12.1573324395762,1.10219129893882,0.479055466999209
8.10961522454264,-2.25945008585449,0.694592710667721
6.49620065631944,-9.0258444552086,1.08377813200316
4.05480761227132,-4.76003081645816,0.236481776669304
6.47492946460611,-1.93571820914005,-0.631759111665348
4.84024370466959,-9.34359838781837,1.56283359900237
3.2268291364464,-8.21387334489112,1.21553724366851
3.23391953368417,-3.38319718467706,0.194592710667721
1.62050496546097,-0.2686643887376,-0.32635182233307
0,0,0

StrokePoints: 17
0,0,0
0.806707284111599,0.564862521463623,-0.17364817766693
5.66822218049452,5.34047119370084,0.458110933998418
9.71593939552806,10.4122779986641,0.589870045663766
17.8255546200707,10.8945392881624,2.89527733499604
22.7083407081669,9.11735049180628,5.89527733499604
31.6246632168212,10.1644743027683,8.02703644666139
43.7819956563974,11.2666656017071,8.5060919136606
51.89161088094,9.00721551585259,9.20068462432832
58.3878115372594,-0.0186289393560148,10.2844627563315
62.4426191495307,-4.77865975581418,10.5209445330008
68.9175486141369,-6.71437796495422,9.88918542133544
73.7577923188065,-16.0579763527726,11.4520190203378
76.9846214552528,-24.2718496976637,12.6675562640063
80.218540988937,-27.6550468823408,12.8621489746741
81.839045954398,-27.9237112710784,12.535797152341
81.839045954398,-27.9237112710784,12.535797152341

Velocities: 16
1,0,0
3,0,2
3,0,2
4,0,0
0,0,0
5,0,0
5,-2,0
0,-4,0
-4,-6,-2
-4,-6,0
0,-5,0
0,-6,-3
0,-4,-3
0,-3,-1
0,-1,0
0,0,0

InverseVelocities: 16
0,0,0
0,0,0
0,0,0
0,0,0
0,0,0
0,0,0
0,0,0
0,0,0
0,0,0
0,0,0
0,0,0
0,0,0
0,0,0
0,0,0
0,0,0
0,0,0
