GestureName: swipe_right
Duration(ms): 611
Handedness: right

SpeakerAngles: 6
55
-55
0
0
110
-110

SpeakerElevations: 6
-10
-10
-10
0
30
30

InterpretedPoints: 13
0,1.98480775301221,-0.17364817766693
-0.813797681349374,-0.296198132726024,0.5
-0.792526489636049,8.98635482301081,1.43716640099763
-6.47492946460611,1.93571820914005,0.631759111665348
-12.1502420423384,16.3391675137123,0.895277334996045
-6.50329105355722,6.99194715832423,-0.104722665003955
-15.3912519732604,2.55564821858052,-1.19459271066772
-7.30290794043104,0.0826012319652725,-2.47905546699921
-6.51038145079499,2.36958506180819,-4
-8.92341290589201,-6.14048641580895,-2.28446275633149
-5.67531257773229,-2.49460278649898,-1.30540728933228
-1.62759536269875,0.592396265452048,-1
0,0,0

StrokePoints: 14
0,0,0
0,1.98480775301221,-0.17364817766693
-0.813797681349374,1.68860962028618,0.32635182233307
-1.60632417098542,10.674964443297,1.7635182233307
-8.08125363559154,12.610682652437,2.39527733499604
-20.2314956779299,28.9498501661493,3.29055466999209
-26.7347867314872,35.9417973244735,3.18583200498813
-42.1260387047475,38.4974455430541,1.99123929432041
-49.4289466451785,38.5800467750193,-0.487816172678796
-55.9393280959735,40.9496318368275,-4.4878161726788
-64.8627410018655,34.8091454210186,-6.77227892901028
-70.5380535795978,32.3145426345196,-8.07768621834256
-72.1656489422966,32.9069388999716,-9.07768621834256
-72.1656489422966,32.9069388999716,-9.07768621834256

Velocities: 13
0,0,1
0,0,0
1,4,4
0,5,0
0,8,7
7,8,0
-3,7,0
-3,0,0
0,0,0
-4,0,-3
-3,0,-1
0,0,0
0,0,0

InverseVelocities: 13
0,0,0
0,0,0
0,0,0
0,0,0
0,0,0
0,0,0
0,0,0
0,0,0
0,0,0
0,0,0
0,0,0
0,0,0
0,0,0
