GestureName: swipe_right
Duration(ms): 705
Handedness: right

SpeakerAngles: 6
55
-55
0
0
110
-110

SpeakerElevations: 6
-10
-10
-10
0
30
30

InterpretedPoints: 15
-1.6134145682232,0.537328777475199,0.652703644666139
0.0212711917133254,6.16802015979738,1.45811093399842
-0.792526489636048,5.87182202707135,1.95811093399842
-1.6134145682232,3.27904015282804,2.2635182233307
-9.71593939552806,2.47304698661525,1.28446275633149
-8.90923211141646,1.90818446515162,1.45811093399842
-2.44139304404812,0.888594398178072,-1.5
-4.88278608809624,1.77718879635614,-3
-5.69658376944562,2.07338692908217,-3.5
-9.73012019000361,-0.750925678235951,-2.63175911166535
-8.90923211141646,-9.25501921174841,-1.7635182233307
-8.09543443006709,-7.56640959146222,-1.43716640099763
-3.2268291364464,-2.25945008585449,0.694592710667721
0.00709039723777505,-0.2686643887376,-0.32635182233307
0,0,0

StrokePoints: 16
0,0,0
-1.6134145682232,0.537328777475199,0.652703644666139
-1.59214337650987,6.70534893727258,2.11081457866456
-2.38466986614592,12.5771709643439,4.06892551266297
-3.99808443436912,15.856211117172,6.33244373599367
-13.7140238298972,18.3292581037872,7.61690649232516
-22.6232559413136,20.2374425689388,9.07501742632358
-25.0646489853618,21.1260369671169,7.57501742632358
-29.947435073458,22.9032257634731,4.57501742632358
-35.6440188429036,24.9766126925552,1.07501742632358
-45.3741390329072,24.2256870143193,-1.55674168534177
-54.2833711443237,14.9706678025709,-3.32025990867247
-62.3788055743908,7.40425821110864,-4.75742630967009
-65.6056347108372,5.14480812525415,-4.06283359900237
-65.5985443135994,4.87614373651655,-4.38918542133544
-65.5985443135994,4.87614373651655,-4.38918542133544

Velocities: 15
0,2,0
0,3,3
0,3,3
4,6,0
0,7,0
0,6,0
0,0,0
0,0,0
0,0,0
-5,0,0
-6,0,-4
-6,0,-3
-4,0,0
-1,0,0
0,0,0

InverseVelocities: 15
0,0,0
0,0,0
0,0,0
0,0,0
0,0,0
0,0,0
0,0,0
0,0,0
0,0,0
0,0,0
0,0,0
0,0,0
0,0,0
0,0,0
0,0,0
