GestureName: swipe_back
Duration(ms): 376
Handedness: right

SpeakerAngles: 6
55
-55
0
0
110
-110

SpeakerElevations: 6
-10
-10
-10
0
30
30

InterpretedPoints: 8
1.6134145682232,-1.12972504292725,0.347296355333861
2.4201218523348,-3.95403765024536,1.21553724366851
4.86860529362069,-4.46383268373214,-0.263518223330696
0.806707284111599,-5.08376269317261,1.56283359900237
1.6134145682232,-6.77835025756348,2.08377813200316
2.4201218523348,-7.34321277902711,2.25742630967009
5.64695098878119,-3.95403765024536,1.21553724366851
0,0,0

StrokePoints: 9
0,0,0
1.6134145682232,-1.12972504292725,0.347296355333861
4.03353642055799,-5.08376269317261,1.56283359900237
8.90214171417869,-9.54759537690475,1.29931537567168
9.70884899829029,-14.6313580700774,2.86214897467405
11.3222635665135,-21.4097083276408,4.94592710667721
13.7423854188483,-28.752921106668,7.20335341634731
19.3893364076295,-32.7069587569133,8.41889066001582
19.3893364076295,-32.7069587569133,8.41889066001582

Velocities: 8
0,-2,0
-2,-5,0
-4,-6,0
-4,-5,0
-5,-7,0
-5,-8,0
0,-7,0
0,0,0

InverseVelocities: 8
0,0,0
0,0,0
0,0,0
0,0,0
0,0,0
0,0,0
0,0,0
0,0,0
