GestureName: swipe_left
Duration(ms): 658
Handedness: right

SpeakerAngles: 6
55
-55
0
0
110
-110

SpeakerElevations: 6
-10
-10
-10
0
30
30

InterpretedPoints: 14
1.62050496546097,0.2686643887376,0.32635182233307
1.62050496546097,0.2686643887376,0.32635182233307
3.24810032815972,-0.323731876714448,1.32635182233307
7.29581754319326,5.93286745915289,-0.541889066001582
7.28163674871771,2.50058073060367,0.458110933998418
4.03353642055799,2.82431260731812,-0.868240888334652
11.3435347582268,2.47304698661525,1.28446275633149
13.7636566105616,-1.48099066363012,2.5
13.7494758160861,-9.10246774306919,2.71553724366851
7.30999833766881,-14.9587119143615,1.62566719800475
10.5297370768774,-12.6932838844023,0.0837781320031645
8.90923211141646,-1.90818446515162,-1.45811093399842
3.2268291364464,-2.25945008585449,0.694592710667721
0,0,0

StrokePoints: 15
0,0,0
1.62050496546097,0.2686643887376,0.32635182233307
3.24100993092194,0.537328777475199,0.652703644666139
6.48911025908166,0.213596900760751,1.97905546699921
13.7849278022749,6.14646435991364,1.43716640099763
21.0665645509926,8.64704509051731,1.89527733499604
25.1001009715506,11.4713576978354,1.02703644666139
36.4436357297774,13.9444046844507,2.31149920299288
50.207292340339,12.4634140208206,4.81149920299288
63.9567681564251,3.36094627775136,7.52703644666139
71.2667664940939,-11.5977656366101,9.15270364466614
81.7965035709714,-24.2910495210124,9.2364817766693
90.7057356823878,-26.1992339861641,7.77837084267088
93.9325648188342,-28.4586840720186,8.47296355333861
93.9325648188342,-28.4586840720186,8.47296355333861

Velocities: 14
1,0,0
1,0,0
1,0,0
4,0,2
6,0,0
5,0,0
7,0,0
5,-5,0
4,-8,-3
-6,-8,-4
0,-7,-5
0,-6,0
0,-4,0
0,0,0

InverseVelocities: 14
0,0,0
0,0,0
0,0,0
0,0,0
0,0,0
0,0,0
0,0,0
0,0,0
-5,0,0
0,0,0
0,0,0
0,0,0
0,0,0
0,0,0
