GestureName: swipe_down
Duration(ms): 705
Handedness: right

SpeakerAngles: 6
55
-55
0
0
110
-110

SpeakerElevations: 6
-10
-10
-10
0
30
30

InterpretedPoints: 15
0.813797681349374,1.68860962028618,0.32635182233307
0.820888078587149,-0.0275337439884242,0.82635182233307
0.813797681349374,1.96325195312847,-0.194592710667721
-0.799616886873824,0.833526910201223,0.152703644666139
5.66113178325674,10.1711473539149,-0.562833599002373
4.84733410190737,2.52811447459209,-0.368240888334652
-4.06898840674687,1.48099066363012,-2.5
0,0,0
-0.806707284111599,0.564862521463623,-0.17364817766693
4.88278608809624,2.36958506180819,-4
0,2.36958506180819,-4
0,2.96198132726024,-5
0,2.36958506180819,-4
0.813797681349374,0.296198132726024,-0.5
0,0,0

StrokePoints: 16
0,0,0
0.813797681349374,1.68860962028618,0.32635182233307
1.63468575993652,1.66107587629776,1.15270364466614
2.4484834412859,3.62432782942623,0.958110933998418
1.64886655441207,4.45785473962745,1.11081457866456
7.30999833766881,14.6290020935424,0.547980979662184
12.1573324395762,17.1571165681344,0.179740091327532
8.08834403282931,18.6381072317646,-2.32025990867247
8.08834403282931,18.6381072317646,-2.32025990867247
7.28163674871771,19.2029697532282,-2.4939080863394
12.164422836814,21.5725548150364,-6.4939080863394
12.164422836814,23.9421398768446,-10.4939080863394
12.164422836814,26.9041212041048,-15.4939080863394
12.164422836814,29.273706265913,-19.4939080863394
12.9782205181633,29.569904398639,-19.9939080863394
12.9782205181633,29.569904398639,-19.9939080863394

Velocities: 15
0,0,1
0,1,0
2,2,0
0,2,0
5,0,4
5,0,0
0,0,0
0,0,0
0,1,0
0,0,0
0,0,0
0,0,0
0,0,0
0,0,0
0,0,0

InverseVelocities: 15
0,0,0
0,0,0
0,0,0
0,0,0
0,0,0
0,0,0
0,0,0
0,0,0
0,0,0
0,0,0
0,0,0
0,0,0
0,0,0
0,0,0
0,0,0
