GestureName: tap_up
Duration(ms): 799
Handedness: right

SpeakerAngles: 6
55
-55
0
0
110
-110

SpeakerElevations: 6
-10
-10
-10
0
30
30

InterpretedPoints: 17
0.806707284111599,-1.74965505236772,2.17364817766693
0,-1.1847925309041,2
-0.813797681349374,-0.296198132726024,0.5
-9.68048740933918,-6.77835025756348,2.08377813200316
0.0141807944755505,-11.8345792067477,2.82025990867247
-6.51747184803277,-9.14126226822503,-2.5060919136606
0,0,0
0,0,0
0,0,0
1.62050496546097,0.2686643887376,0.32635182233307
-9.68048740933918,6.77835025756348,-2.08377813200316
2.44139304404812,-0.888594398178072,1.5
8.86668972798981,6.48215212483746,-1.58377813200316
1.62759536269875,1.1847925309041,-2
0,0.592396265452048,-1
0.813797681349374,0.296198132726024,-0.5
0,0,0

StrokePoints: 18
0,0,0
0.806707284111599,-1.74965505236772,2.17364817766693
0.806707284111599,-2.93444758327181,4.17364817766693
-0.00709039723777505,-3.23064571599784,4.67364817766693
-9.68757780657696,-10.0089959735613,6.75742630967009
-9.67339701210141,-21.843575180309,9.57768621834256
-16.1908688601342,-30.984837448534,7.07159430468196
-16.1908688601342,-30.984837448534,7.07159430468196
-16.1908688601342,-30.984837448534,7.07159430468196
-16.1908688601342,-30.984837448534,7.07159430468196
-14.5703638946732,-30.7161730597964,7.39794612701503
-24.2508513040124,-23.9378228022329,5.31416799501187
-21.8094582599643,-24.826417200411,6.81416799501187
-12.9427685319745,-18.3442650755736,5.2303898630087
-11.3151731692757,-17.1594725446695,3.2303898630087
-11.3151731692757,-16.5670762792174,2.2303898630087
-10.5013754879263,-16.2708781464914,1.7303898630087
-10.5013754879263,-16.2708781464914,1.7303898630087

Velocities: 17
0,-1,0
0,0,0
0,0,0
-12,0,0
-12,-10,0
-11,-12,0
0,0,0
0,0,0
0,0,0
1,0,0
0,12,0
0,0,0
12,0,0
0,0,0
0,0,0
0,0,0
0,0,0

InverseVelocities: 17
0,0,0
0,0,0
0,0,0
0,0,0
0,0,0
0,0,0
0,0,0
0,0,0
0,0,0
0,0,0
0,0,0
0,0,0
0,0,0
0,0,0
0,0,0
0,0,0
0,0,0
