GestureName: tap_down
Duration(ms): 611
Handedness: right

SpeakerAngles: 6
55
-55
0
0
110
-110

SpeakerElevations: 6
-10
-10
-10
0
30
30

InterpretedPoints: 13
0.806707284111599,2.54967027447583,-0.347296355333861
2.43430264681035,1.15725878691567,-1.17364817766693
2.44139304404812,0.888594398178072,-1.5
-5.61858939983009,-2.65911014338757,-4.08987004566377
1.62759536269875,-1.39241148756016,-0.82635182233307
0,0,0
0,0,0
0,0,0
-2.44139304404812,-0.888594398178072,1.5
-0.799616886873824,-3.20311197200941,3.84729635533386
-1.62050496546097,-1.45345691964169,1.67364817766693
-0.813797681349374,-0.296198132726024,0.5
0,0,0

StrokePoints: 14
0,0,0
0.806707284111599,2.54967027447583,-0.347296355333861
3.24100993092194,3.7069290613915,-1.52094453300079
5.68240297497007,4.59552345956957,-3.02094453300079
0.0638135751399744,1.936413316182,-7.11081457866456
1.69140893783872,0.544001828621842,-7.93716640099763
1.69140893783872,0.544001828621842,-7.93716640099763
1.69140893783872,0.544001828621842,-7.93716640099763
1.69140893783872,0.544001828621842,-7.93716640099763
-0.749984106209399,-0.34459256955623,-6.43716640099763
-1.54960099308322,-3.54770454156564,-2.58987004566377
-3.1701059585442,-5.00116146120734,-0.916221867996835
-3.98390363989357,-5.29735959393336,-0.416221867996836
-3.98390363989357,-5.29735959393336,-0.416221867996836

Velocities: 13
1,0,1
1,0,0
0,0,0
-11,0,0
0,0,-1
0,0,0
0,0,0
0,0,0
0,0,0
-2,0,0
-1,0,0
0,0,0
0,0,0

InverseVelocities: 13
0,0,0
0,0,0
0,0,0
0,0,0
0,0,0
0,0,0
0,0,0
0,0,0
0,0,0
0,0,0
0,0,0
0,0,0
0,0,0
