GestureName: tap_back
Duration(ms): 893
Handedness: right

SpeakerAngles: 6
55
-55
0
0
110
-110

SpeakerElevations: 6
-10
-10
-10
0
30
30

InterpretedPoints: 19
0,-1.98480775301221,0.17364817766693
0.806707284111599,-8.77873586635474,1.38918542133544
1.6134145682232,-18.6871967756367,3.12566719800475
-0.00709039723777527,-24.910284423411,3.32025990867247
6.43238708117947,-5.32489333792179,0.410129954336234
8.87378012522759,-6.21348773609986,1.91012995433623
-6.45365827289279,-4.51890017170899,1.38918542133544
0,0,0
0,0,0
0,0,0
4.04771721503354,1.10219129893882,0.479055466999209
1.6134145682232,1.12972504292725,-0.347296355333861
0,17.8632697771099,-1.56283359900237
4.88278608809624,22.0405042397904,0.916221867996835
-0.835068873062699,29.2185145548869,3.61690649232516
-1.64886655441207,5.75208713944329,3.54798097966218
1.60632417098542,13.7344297512596,2.89527733499604
0,3.05946530796261,1.13175911166535
0,0,0

StrokePoints: 20
0,0,0
0,-1.98480775301221,0.17364817766693
0.806707284111599,-10.7635436193669,1.56283359900237
2.4201218523348,-29.4507403950037,4.68850079700712
2.41303145509702,-54.3610248184146,8.00876070567959
8.84541853627649,-59.6859181563364,8.41889066001582
17.7191986615041,-65.8994058924363,10.3290206143521
11.2655403886113,-70.4183060641453,11.7182060356875
11.2655403886113,-70.4183060641453,11.7182060356875
11.2655403886113,-70.4183060641453,11.7182060356875
11.2655403886113,-70.4183060641453,11.7182060356875
15.3132576036448,-69.3161147652065,12.1972615026867
16.926672171868,-68.1863897222792,11.8499651473528
16.926672171868,-50.3231199451693,10.2871315483505
21.8094582599643,-28.282615705379,11.2033534163473
20.9743893869016,0.935898849507932,14.8202599086725
19.3255228324895,6.68798598895122,18.3682408883346
20.9318470034749,20.4224157402108,21.2635182233307
20.9318470034749,23.4818810481734,22.395277334996
20.9318470034749,23.4818810481734,22.395277334996

Velocities: 19
0,0,-1
-2,-3,-3
-5,-7,-6
-6,-7,-9
0,-11,0
0,-11,0
-8,0,0
0,0,0
0,0,0
0,0,0
3,0,0
2,0,0
0,0,9
0,0,12
11,8,12
10,7,0
6,3,6
2,2,1
0,0,0

InverseVelocities: 19
0,0,0
0,0,0
0,0,0
0,0,0
0,0,0
0,0,0
0,0,0
0,0,0
0,0,0
0,0,0
0,0,0
0,0,0
0,0,0
0,0,0
0,0,0
0,0,0
0,0,0
0,0,0
0,0,0
