GestureName: tap_up
Duration(ms): 799
Handedness: right

SpeakerAngles: 6
55
-55
0
0
110
-110

SpeakerElevations: 6
-10
-10
-10
0
30
30

InterpretedPoints: 17
-0.813797681349374,-0.888594398178072,1.5
0.813797681349374,-0.888594398178072,1.5
-1.62759536269875,-0.592396265452048,1
0.813797681349374,-13.2605023824009,3.66755626400633
-7.23909436529106,-5.88975585938541,0.583778132003164
0.806707284111598,-36.8095310298098,6.07768621834256
4.03353642055799,-8.47293782195435,2.60472266500395
-0.806707284111599,-2.82431260731812,0.868240888334652
1.6134145682232,1.12972504292725,-0.347296355333861
-0.806707284111599,8.47293782195435,-2.60472266500395
-1.62050496546097,11.5659148180101,-3.14661173100554
-1.6134145682232,12.4269754721997,-3.82025990867247
0,13.556700515127,-4.16755626400633
9.69466820381473,6.24102148008828,-2.7364817766693
0,1.1847925309041,-2
-0.813797681349374,0.296198132726024,-0.5
0,0,0

StrokePoints: 18
0,0,0
-0.813797681349374,-0.888594398178072,1.5
0,-1.77718879635614,3
-1.62759536269875,-2.36958506180819,4
-0.813797681349374,-15.6300874442091,7.66755626400633
-8.05289204664044,-21.5198433035945,8.25133439600949
-7.24618476252884,-58.3293743334044,14.3290206143521
-3.21264834197085,-66.8023121553587,16.933743279356
-4.01935562608244,-69.6266247626769,17.8019841676907
-2.40594105785925,-68.4968997197496,17.4546878123568
-3.21264834197085,-60.0239618977953,14.8499651473528
-4.83315330743182,-48.4580470797852,11.7033534163473
-6.44656787565502,-36.0310716075855,7.88309350767484
-6.44656787565502,-22.4743710924585,3.71553724366851
3.24810032815972,-16.2333496123702,0.979055466999208
3.24810032815972,-15.0485570814661,-1.02094453300079
2.43430264681034,-14.7523589487401,-1.52094453300079
2.43430264681034,-14.7523589487401,-1.52094453300079

Velocities: 17
0,0,0
0,0,0
0,0,0
-12,-12,0
-12,0,0
-11,-12,-12
-5,-10,0
-3,-2,0
2,0,0
7,8,0
10,11,0
10,12,0
12,12,0
10,0,0
0,0,0
0,0,0
0,0,0

InverseVelocities: 17
0,0,0
0,0,0
0,0,0
0,0,0
0,0,0
0,0,0
0,0,0
0,0,0
0,0,0
0,0,0
0,0,0
0,0,0
0,0,0
0,0,0
0,0,0
0,0,0
0,0,0
