GestureName: tap_down
Duration(ms): 658
Handedness: right

SpeakerAngles: 6
55
-55
0
0
110
-110

SpeakerElevations: 6
-10
-10
-10
0
30
30

InterpretedPoints: 14
0.806707284111599,0.564862521463623,-0.17364817766693
0.813797681349374,0.296198132726024,-0.5
1.62759536269875,2.36958506180819,-4
1.62759536269875,4.14677385816433,-7
4.06898840674687,1.48099066363012,-2.5
0,0,0
0,0,0
1.62759536269875,-0.592396265452048,1
-0.813797681349374,-2.66578319453421,4.5
0,-2.96198132726024,5
-0.813797681349374,-2.07338692908217,3.5
2.4201218523348,-2.87938009529497,2.52094453300079
1.6134145682232,-1.12972504292725,0.347296355333861
0,0,0

StrokePoints: 15
0,0,0
0.806707284111599,0.564862521463623,-0.17364817766693
1.62050496546097,0.861060654189647,-0.67364817766693
3.24810032815972,3.23064571599784,-4.67364817766693
4.87569569085847,7.37741957416217,-11.6736481776669
8.94468409760534,8.85841023779229,-14.1736481776669
8.94468409760534,8.85841023779229,-14.1736481776669
8.94468409760534,8.85841023779229,-14.1736481776669
10.5722794603041,8.26601397234024,-13.1736481776669
9.75848177895471,5.60023077780603,-8.67364817766693
9.75848177895471,2.63824945054579,-3.67364817766693
8.94468409760533,0.564862521463625,-0.173648177666931
11.3648059499401,-2.31451757383134,2.34729635533386
12.9782205181633,-3.44424261675859,2.69459271066772
12.9782205181633,-3.44424261675859,2.69459271066772

Velocities: 14
1,0,0
0,0,0
0,0,0
0,0,0
0,0,0
0,0,0
0,0,0
0,0,0
0,0,0
0,0,0
0,0,0
0,-3,0
0,-2,0
0,0,0

InverseVelocities: 14
0,0,0
0,0,0
0,0,0
0,0,0
0,0,0
0,0,0
0,0,0
0,0,0
0,0,0
0,0,0
0,0,0
0,0,0
0,0,0
0,0,0
