GestureName: tap_right
Duration(ms): 1175
Handedness: right

SpeakerAngles: 6
55
-55
0
0
110
-110

SpeakerElevations: 6
-10
-10
-10
0
30
30

InterpretedPoints: 25
-0.806707284111599,0.564862521463623,-0.17364817766693
-0.799616886873824,0.241130644749175,1.15270364466614
-4.05480761227132,0.833526910201223,0.152703644666139
-3.2551907253975,2.25945008585449,-0.694592710667721
-6.48201986184389,-1.66705382040245,-0.305407289332279
-3.2551907253975,1.1847925309041,-2
-3.2551907253975,1.1847925309041,-2
-1.57796258203432,-1.2331869677343,-4.93716640099763
-8.90923211141646,-1.90818446515162,-1.45811093399842
-4.87569569085847,0.916128142166496,-2.32635182233307
-4.06189800950909,-3.34968549658394,-1.47905546699921
-0.813797681349374,0.296198132726024,-0.5
0,0,0
0.813797681349374,-0.296198132726024,0.5
4.05480761227132,0.241130644749175,1.15270364466614
5.68240297497007,-0.351265620702872,2.15270364466614
3.26228112263527,-1.50852440761854,3.32635182233307
8.92341290589201,-0.406333108679721,3.80540728933228
11.336444360989,20.287227219853,0.527036446661393
12.1431516451006,14.6230241494377,1.39527733499604
13.7778374050372,1.85311697717477,3.11081457866456
12.9640397236878,-0.0550674879768488,1.65270364466614
10.5368274741152,-1.42592317565327,0.847296355333861
4.86151489638292,-1.39838943166485,0.020944533000791
0,0,0

StrokePoints: 26
0,0,0
-0.806707284111599,0.564862521463623,-0.17364817766693
-1.60632417098542,0.805993166212799,0.979055466999209
-5.66113178325674,1.63952007641402,1.13175911166535
-8.91632250865424,3.89897016226852,0.437166400997627
-15.3983423704981,2.23191634186607,0.131759111665348
-18.6535330958956,3.41670887277017,-1.86824088833465
-21.9087238212931,4.60150140367426,-3.86824088833465
-23.4866864033274,3.36831443593996,-8.80540728933228
-32.3959185147439,1.46012997078834,-10.2635182233307
-37.2716142056024,2.37625811295483,-12.5898700456638
-41.3335122151115,-0.97342738362911,-14.068925512663
-42.1473098964608,-0.677229250903086,-14.568925512663
-42.1473098964608,-0.677229250903086,-14.568925512663
-41.3335122151115,-0.97342738362911,-14.068925512663
-37.2787046028401,-0.732296738879935,-12.9162218679968
-31.5963016278701,-1.08356235958281,-10.7635182233307
-28.3340205052348,-2.59208676720135,-7.43716640099762
-19.4106075993428,-2.99841987588107,-3.63175911166534
-8.07416323835376,17.2888073439719,-3.10472266500395
4.06898840674687,31.9118314934096,-1.70944533000791
17.846825811784,33.7649484705843,1.40136924865665
30.8108655354718,33.7098809826075,3.05407289332279
41.347693009587,32.2839578069542,3.90136924865665
46.2092079059699,30.8855683752894,3.92231378165744
46.2092079059699,30.8855683752894,3.92231378165744

Velocities: 25
0,1,0
0,2,0
0,2,0
2,2,0
-4,0,0
0,0,0
0,0,0
-8,-1,0
-6,0,0
-1,0,0
-1,0,-2
0,0,0
0,0,0
0,0,0
2,0,0
2,0,0
0,1,0
4,0,0
10,2,8
9,0,6
8,0,0
5,-3,0
2,-4,0
0,-3,0
0,0,0

InverseVelocities: 25
0,0,0
0,0,0
0,0,0
-1,0,0
0,0,0
0,0,0
0,0,0
0,0,0
0,0,0
0,0,0
0,0,0
0,0,0
0,0,0
0,0,0
0,0,0
0,0,0
0,0,0
0,0,0
0,0,0
0,0,0
0,0,0
0,0,0
0,0,0
0,0,0
0,0,0
