GestureName: tap_front
Duration(ms): 893
Handedness: right

SpeakerAngles: 6
55
-55
0
0
110
-110

SpeakerElevations: 6
-10
-10
-10
0
30
30

InterpretedPoints: 19
0.813797681349374,-0.296198132726024,0.5
3.2268291364464,2.25945008585449,-0.694592710667721
5.64695098878119,3.95403765024536,-1.21553724366851
8.90214171417869,2.76924511934127,0.784462756331487
0.820888078587149,9.01026659942955,-1.95201902033782
7.25327515976661,27.1853123650445,-3.14661173100554
5.65404138601897,17.5790275325932,-2.75742630967009
3.2268291364464,2.25945008585449,-0.694592710667721
0,1.98480775301221,-0.17364817766693
0,0,0
0,0,0
0,0,0
-2.4201218523348,-1.69458756439087,0.520944533000791
5.68240297497007,-5.29735959393336,-0.416221867996835
4.84024370466959,-3.38917512878174,1.04188906600158
1.6134145682232,-9.03780034341798,2.77837084267089
-0.813797681349374,-7.61187716776471,1.93107448733702
-0.00709039723777527,-5.91728960337384,1.41012995433623
0,0,0

StrokePoints: 20
0,0,0
0.813797681349374,-0.296198132726024,0.5
4.04062681779577,1.96325195312847,-0.194592710667721
9.68757780657696,5.91728960337383,-1.41012995433623
18.5897195207556,8.6865347227151,-0.625667198004746
19.4106075993428,17.6968013221447,-2.57768621834256
26.6638827591094,44.8821136871892,-5.7242979493481
32.3179241451284,62.4611412197824,-8.48172425901819
35.5447532815748,64.7205913056369,-9.17631696968592
35.5447532815748,66.7053990586491,-9.34996514735285
35.5447532815748,66.7053990586491,-9.34996514735285
35.5447532815748,66.7053990586491,-9.34996514735285
35.5447532815748,66.7053990586491,-9.34996514735285
33.12463142924,65.0108114942582,-8.82902061435206
38.80703440421,59.7134519003248,-9.24524248234889
43.6472781088796,56.3242767715431,-8.20335341634731
45.2606926771028,47.2864764281251,-5.42498257367642
44.4468949957535,39.6745992603604,-3.4939080863394
44.4398045985157,33.7573096569866,-2.08377813200317
44.4398045985157,33.7573096569866,-2.08377813200317

Velocities: 19
0,0,0
4,0,0
7,0,0
7,0,0
8,9,0
10,0,11
6,0,7
4,0,0
0,0,1
0,0,0
0,0,0
0,0,0
-3,0,0
-5,-7,0
0,-6,0
-7,-9,0
-7,-7,0
-5,-6,0
0,0,0

InverseVelocities: 19
0,0,0
0,0,0
0,0,0
0,0,0
0,0,0
0,0,0
0,0,0
0,0,0
0,0,0
0,0,0
0,0,0
0,0,0
0,0,0
0,0,0
0,0,0
0,0,0
0,0,0
0,0,0
0,0,0
