GestureName: tap_right
Duration(ms): 1175
Handedness: right

SpeakerAngles: 6
55
-55
0
0
110
-110

SpeakerElevations: 6
-10
-10
-10
0
30
30

InterpretedPoints: 25
-3.24100993092194,-0.537328777475199,-0.652703644666139
-2.43430264681035,0.0275337439884242,-0.82635182233307
-5.64695098878119,-3.95403765024536,1.21553724366851
-9.72302979276584,-2.20438259787765,-0.958110933998418
-8.10961522454264,-3.87143641828009,-1.2635182233307
-10.5297370768774,-1.58445258843717,-2.78446275633149
-4.88278608809624,-10.1316577217171,-1.95811093399842
-4.86860529362069,-7.88416352407198,-0.958110933998418
-1.62759536269875,0.592396265452048,-1
-0.813797681349374,0.296198132726024,-0.5
0,0,0
0,0,0
0.813797681349374,-0.296198132726024,0.5
0.820888078587149,-0.0275337439884242,0.82635182233307
3.2551907253975,-1.1847925309041,2
5.69658376944562,-2.07338692908217,3.5
13.7707470077994,2.71417763136442,2.43716640099763
13.7636566105616,2.98284202010202,2.7635182233307
12.9498589292122,3.27904015282804,2.2635182233307
12.1431516451006,3.30657389681647,1.43716640099763
4.06898840674687,-1.48099066363012,2.5
3.24810032815972,-0.323731876714448,1.32635182233307
1.62050496546097,0.2686643887376,0.32635182233307
0.806707284111599,0.564862521463623,-0.17364817766693
0,0,0

StrokePoints: 26
0,0,0
-3.24100993092194,-0.537328777475199,-0.652703644666139
-5.67531257773229,-0.509795033486775,-1.47905546699921
-11.3222635665135,-4.46383268373214,-0.263518223330697
-21.0452933592793,-6.66821528160979,-1.22162915732911
-29.154908583822,-10.5396516998899,-2.48514738065981
-39.6846456606994,-12.1241042883271,-5.2696101369913
-44.5674317487956,-22.2557620100442,-7.22772107098971
-49.4360370424163,-30.1399255341161,-8.18583200498813
-51.0636324051151,-29.5475292686641,-9.18583200498813
-51.8774300864644,-29.2513311359381,-9.68583200498813
-51.8774300864644,-29.2513311359381,-9.68583200498813
-51.8774300864644,-29.2513311359381,-9.68583200498813
-51.0636324051151,-29.5475292686641,-9.18583200498813
-50.2427443265279,-29.5750630126525,-8.35948018265506
-46.9875536011304,-30.7598555435566,-6.35948018265506
-41.2909698316848,-32.8332424726388,-2.85948018265506
-27.5202228238854,-30.1190648412744,-0.422313781657436
-13.7565662133238,-27.1362228211723,2.34120444167326
-0.806707284111592,-23.8571826683443,4.60472266500396
11.336444360989,-20.5506087715278,6.04188906600158
15.4054327677359,-22.0315994351579,8.54188906600158
18.6535330958956,-22.3553313118724,9.86824088833465
20.2740380613566,-22.0866669231348,10.1945927106677
21.0807453454682,-21.5218044016712,10.0209445330008
21.0807453454682,-21.5218044016712,10.0209445330008

Velocities: 25
-2,0,0
-1,0,0
-7,0,0
-6,0,0
-7,-3,0
-7,0,0
0,0,-6
-2,0,-4
0,0,0
0,0,0
0,0,0
0,0,0
0,0,0
0,1,0
0,0,0
0,0,0
9,0,0
10,0,0
10,0,0
9,0,0
0,0,0
1,0,0
1,0,0
1,0,0
0,0,0

InverseVelocities: 25
0,0,0
0,0,0
0,0,0
0,0,0
0,0,0
0,0,0
0,0,0
0,0,0
0,0,0
0,0,0
0,0,0
0,0,0
0,0,0
0,0,0
0,0,0
0,0,0
0,0,0
0,0,0
0,0,0
0,0,0
0,0,0
0,0,0
0,0,0
0,0,0
0,0,0
