GestureName: tap_front
Duration(ms): 705
Handedness: right

SpeakerAngles: 6
55
-55
0
0
110
-110

SpeakerElevations: 6
-10
-10
-10
0
30
30

InterpretedPoints: 15
0,9.03780034341798,-2.77837084267089
6.46074867013056,3.65783951751934,-0.715537243668512
-1.6134145682232,6.77835025756348,-2.08377813200316
-1.6134145682232,5.09934054895166,-0.694592710667721
0,0,0
0,0,0
0.806707284111599,-0.564862521463623,0.17364817766693
0,0,0
2.4201218523348,-5.66420307041529,0.868240888334652
0.806707284111599,-3.95403765024536,1.21553724366851
1.6134145682232,-25.7713450776006,3.9939080863394
0,0,0
7.25327515976661,-5.35242708191021,1.2364817766693
4.84024370466959,-3.38917512878174,1.04188906600158
0,0,0

StrokePoints: 16
0,0,0
0,9.03780034341798,-2.77837084267089
6.46074867013056,12.6956398609373,-3.4939080863394
4.84733410190737,19.4739901185008,-5.57768621834256
3.23391953368417,24.5733306674525,-6.27227892901028
3.23391953368417,24.5733306674525,-6.27227892901028
3.23391953368417,24.5733306674525,-6.27227892901028
4.04062681779577,24.0084681459888,-6.09863075134335
4.04062681779577,24.0084681459888,-6.09863075134335
6.46074867013057,18.3442650755735,-5.2303898630087
7.26745595424216,14.3902274253282,-4.01485261934019
8.88087052246536,-11.3811176522724,-0.0209445330007916
8.88087052246536,-11.3811176522724,-0.0209445330007916
16.134145682232,-16.7335447341826,1.21553724366851
20.9743893869016,-20.1227198629644,2.25742630967009
20.9743893869016,-20.1227198629644,2.25742630967009

Velocities: 15
8,8,0
7,0,0
5,7,0
0,2,2
0,0,0
0,0,0
0,-1,0
0,0,0
0,-3,-2
-3,-4,0
-6,-8,-9
0,0,0
0,-10,0
0,-6,0
0,0,0

InverseVelocities: 15
0,0,0
0,0,0
-3,0,0
0,0,0
0,0,0
0,0,0
0,0,0
0,0,0
0,0,0
0,0,0
0,0,0
0,0,0
0,0,0
0,0,0
0,0,0
