GestureName: tap_left
Duration(ms): 846
Handedness: right

SpeakerAngles: 6
55
-55
0
0
110
-110

SpeakerElevations: 6
-10
-10
-10
0
30
30

InterpretedPoints: 18
1.6134145682232,1.12972504292725,-0.347296355333861
0,0,0
6.45365827289279,4.51890017170899,-1.38918542133544
13.7707470077994,3.30657389681647,1.43716640099763
17.0046665414836,0.778459422224375,1.80540728933228
20.2527668696433,-1.74965505236772,2.17364817766693
12.1573324395762,-3.95403765024536,1.21553724366851
11.3435347582268,-12.3970857516763,-0.416221867996835
4.85442449914514,-7.62147707943907,0.215537243668512
0.806707284111599,-2.54967027447583,0.347296355333861
0,0,0
-8.09543443006709,1.6119863324256,1.95811093399842
-11.3506251554646,18.8828598440834,1.39527733499604
1.6417761571743,22.7542962623635,2.65879555832674
1.6417761571743,4.35369770777844,3.56892551266297
-4.85442449914514,1.7221213083793,-1.34729635533386
-1.62050496546097,-0.2686643887376,-0.32635182233307
0,0,0

StrokePoints: 19
0,0,0
1.6134145682232,1.12972504292725,-0.347296355333861
1.6134145682232,1.12972504292725,-0.347296355333861
8.06707284111599,5.64862521463624,-1.7364817766693
21.8378198489154,8.9551991114527,-0.299315375671677
38.8424863903989,9.73365853367708,1.5060919136606
59.0952532600422,7.98400348130936,3.67974009132753
71.2525856996184,4.02996583106399,4.89527733499604
82.5961204578452,-8.36711992061229,4.47905546699921
87.4505449569903,-15.9885970000514,4.69459271066772
88.2572522411019,-18.5382672745272,5.04188906600158
88.2572522411019,-18.5382672745272,5.04188906600158
80.1618178110348,-16.9262809421016,7
68.8111926555702,1.95657890198183,8.39527733499605
70.4529688127445,24.7108751643453,11.0540728933228
72.0947449699188,29.0645728721238,14.6229984059858
67.2403204707737,30.7866941805031,13.2757020506519
65.6198155053127,30.5180297917655,12.9493502283188
65.6198155053127,30.5180297917655,12.9493502283188

Velocities: 18
2,0,0
0,0,0
8,0,0
9,0,0
8,-4,0
6,-7,0
0,-7,0
0,-7,-5
0,-4,-3
0,-1,-1
0,0,0
0,6,0
0,6,9
7,9,9
6,8,0
-1,3,0
-1,0,0
0,0,0

InverseVelocities: 18
0,0,0
0,0,0
0,0,0
0,0,0
0,0,0
-5,0,0
0,0,0
0,0,0
0,0,0
0,0,0
0,0,0
0,0,0
0,0,0
0,0,0
-1,0,0
0,0,0
0,0,0
0,0,0
