GestureName: tap_back
Duration(ms): 752
Handedness: right

SpeakerAngles: 6
55
-55
0
0
110
-110

SpeakerElevations: 6
-10
-10
-10
0
30
30

InterpretedPoints: 16
0.806707284111599,-0.564862521463623,0.17364817766693
0.806707284111599,-6.21348773609986,1.91012995433623
-4.89696688257179,-18.577061799683,-0.179740091327532
-1.62759536269875,0.592396265452048,-1
9.76557217619249,3.55437759271229,-6
0,0,0
-0.813797681349374,2.07338692908217,-3.5
0,0,0
0,3.96961550602442,-0.347296355333861
0,0,0
1.62759536269875,-0.592396265452048,1
12.1360612478629,27.9853275871526,-1.32025990867247
9.68048740933918,6.77835025756348,-2.08377813200316
3.21264834197084,2.79677886332969,-0.0418890660015822
-0.813797681349374,4.22270203898296,-0.889185421335443
0,0,0

StrokePoints: 17
0,0,0
0.806707284111599,-0.564862521463623,0.17364817766693
1.6134145682232,-6.77835025756348,2.08377813200316
-3.2835523143486,-25.3554120572465,1.90403804067563
-4.91114767704734,-24.7630157917945,0.904038040675632
4.85442449914514,-21.2086381990822,-5.09596195932437
4.85442449914514,-21.2086381990822,-5.09596195932437
4.04062681779577,-19.13525127,-8.59596195932437
4.04062681779577,-19.13525127,-8.59596195932437
4.04062681779577,-15.1656357639756,-8.94325831465823
4.04062681779577,-15.1656357639756,-8.94325831465823
5.66822218049452,-15.7580320294276,-7.94325831465823
17.8042834283574,12.227295557725,-9.26351822333069
27.4847708376966,19.0056458152885,-11.3472963553339
30.6974191796674,21.8024246786181,-11.3891854213354
29.883621498318,26.0251267176011,-12.2783708426709
29.883621498318,26.0251267176011,-12.2783708426709

Velocities: 16
0,-1,0
-5,-6,0
-7,-9,-6
0,0,0
0,0,0
0,0,0
0,0,0
0,0,0
0,0,2
0,0,0
0,0,0
10,0,12
12,0,0
6,0,0
4,4,0
0,0,0

InverseVelocities: 16
0,0,0
0,0,0
0,0,0
0,0,0
0,0,0
0,0,0
0,0,0
0,0,0
0,0,0
0,0,0
0,0,0
0,0,0
0,0,0
0,0,0
0,0,0
0,0,0
