GestureName: tap_back
Duration(ms): 799
Handedness: right

SpeakerAngles: 6
55
-55
0
0
110
-110

SpeakerElevations: 6
-10
-10
-10
0
30
30

InterpretedPoints: 17
0.813797681349374,0.296198132726024,-0.5
1.6417761571743,0.0550674879768485,-1.65270364466614
-2.41303145509702,-1.96325195312847,0.194592710667721
-0.820888078587148,-7.88054155650231,1.60472266500395
4.82606291019404,-3.92650390625694,0.389185421335443
-5.64695098878119,-3.95403765024536,1.21553724366851
2.44139304404812,-2.98284202010202,-2.7635182233307
0,0,0
0,0,0
0.813797681349374,5.6582251263106,-0.0209445330007911
-5.64695098878119,3.95403765024536,-1.21553724366851
-6.45365827289279,4.51890017170899,-1.38918542133544
5.68240297497007,-0.351265620702872,2.15270364466614
0.813797681349374,-0.296198132726024,0.5
4.03353642055799,2.82431260731812,-0.868240888334652
0,1.12972504292725,-0.347296355333861
0,0,0

StrokePoints: 18
0,0,0
0.813797681349374,0.296198132726024,-0.5
2.45557383852367,0.351265620702872,-2.15270364466614
0.0425423834266505,-1.6119863324256,-1.95811093399842
-0.778345695160498,-9.4925278889279,-0.353388268994463
4.04771721503354,-13.4190317951848,0.03579715234098
-1.59923377374765,-17.3730694454302,1.25133439600949
0.842159270300475,-20.3559114655322,-1.5121838273212
0.842159270300475,-20.3559114655322,-1.5121838273212
0.842159270300475,-20.3559114655322,-1.5121838273212
1.65595695164985,-14.6976863392216,-1.53312836032199
-3.99099403713134,-10.7436486889763,-2.74866560399051
-10.4446523100241,-6.22474851726727,-4.13785102532595
-4.76224933505407,-6.57601413797015,-1.98514738065981
-3.94845165370469,-6.87221227069617,-1.48514738065981
0.0850847668533024,-4.04789966337805,-2.35338826899446
0.0850847668533024,-2.9181746204508,-2.70068462432832
0.0850847668533024,-2.9181746204508,-2.70068462432832

Velocities: 17
0,0,0
-2,0,0
-4,0,0
-7,-8,0
0,-8,0
-7,0,0
-5,-5,0
0,0,0
0,0,0
0,0,3
0,7,0
0,8,0
2,0,0
0,0,0
5,0,0
1,1,0
0,0,0

InverseVelocities: 17
0,0,0
0,0,0
0,0,0
0,0,0
0,0,0
0,0,0
0,0,0
0,0,0
0,0,0
0,0,0
0,0,0
0,0,0
0,0,0
0,0,0
0,0,0
0,0,0
0,0,0
