GestureName: tap_left
Duration(ms): 987
Handedness: right

SpeakerAngles: 6
55
-55
0
0
110
-110

SpeakerElevations: 6
-10
-10
-10
0
30
30

InterpretedPoints: 21
0.813797681349374,-0.296198132726024,0.5
2.42721224957257,-0.296198132726024,0.5
1.6134145682232,-1.12972504292725,0.347296355333861
3.2268291364464,-2.25945008585449,0.694592710667721
12.1360612478629,-5.35242708191021,1.2364817766693
15.3770711787848,-29.1150526300799,1.66755626400633
4.04062681779577,-11.0010522965464,2.97296355333861
4.03353642055799,-32.5652731909431,5.20944533000791
-2.4201218523348,-1.69458756439087,0.520944533000791
0,0,0
0,0,0
0,0,0
6.47492946460612,1.343321943688,1.63175911166535
6.45365827289279,25.4967027447583,-3.47296355333861
-5.66113178325674,22.04883816043,-3.34120444167326
-11.3577155527024,31.2919014839691,0.116906492325159
-8.93050330312979,29.933001684502,-2.38309350767484
-6.48911025908167,11.5539589298007,-1.45201902033782
-8.10252482730486,0.2686643887376,0.326351822333069
-1.62050496546097,-0.2686643887376,-0.32635182233307
0,0,0

StrokePoints: 22
0,0,0
0.813797681349374,-0.296198132726024,0.5
3.24100993092195,-0.592396265452048,1
4.85442449914514,-1.72212130837929,1.34729635533386
8.08125363559154,-3.98157139423379,2.04188906600158
20.2173148834544,-9.333998476144,3.27837084267088
35.5943860622392,-38.4490511062239,4.94592710667721
39.635012880035,-49.4501034027703,7.91889066001582
43.668549300593,-82.0153765937135,13.1283359900237
41.2484274482582,-83.7099641581043,13.6492805230245
41.2484274482582,-83.7099641581043,13.6492805230245
41.2484274482582,-83.7099641581043,13.6492805230245
41.2484274482582,-83.7099641581043,13.6492805230245
47.7233569128643,-82.3666422144163,15.2810396346899
54.1770151857571,-56.869939469658,11.8080760813513
48.5158834025003,-34.821101309228,8.466871639678
37.158167849798,-3.52919982525889,8.58377813200316
28.2276645466682,26.4038018592431,6.20068462432832
21.7385542875865,37.9577607890438,4.74866560399051
13.6360294602816,38.2264251777814,5.07501742632357
12.0155244948207,37.9577607890438,4.7486656039905
12.0155244948207,37.9577607890438,4.7486656039905

Velocities: 21
0,0,0
1,-1,0
0,-2,0
0,-4,0
0,-10,0
0,-12,-12
-8,-12,0
-7,-12,-11
-3,0,0
0,0,0
0,0,0
0,0,0
5,0,0
9,1,10
7,12,6
7,12,12
9,12,10
6,9,2
-2,3,0
-1,0,0
0,0,0

InverseVelocities: 21
0,0,0
0,0,0
0,0,0
0,0,0
0,0,0
0,0,0
0,0,0
0,0,0
0,0,0
0,0,0
0,0,0
0,0,0
0,0,0
0,0,0
0,0,0
0,0,0
0,0,0
-2,-4,0
0,-4,0
0,0,0
0,0,0
