GestureName: tap_front
Duration(ms): 987
Handedness: right

SpeakerAngles: 6
55
-55
0
0
110
-110

SpeakerElevations: 6
-10
-10
-10
0
30
30

InterpretedPoints: 21
0.813797681349374,-0.296198132726024,0.5
0.0212711917133253,0.805993166212799,0.979055466999209
0.813797681349374,-0.296198132726024,0.5
2.44139304404812,-0.888594398178072,1.5
0,0,0
7.25327515976661,5.35242708191021,-1.2364817766693
4.03353642055799,2.82431260731812,-0.868240888334652
0,3.38917512878174,-1.04188906600158
0,0,0
0,0,0
0,0,0
-0.813797681349374,-0.833526910201223,-0.152703644666139
-0.00709039723777483,-3.65783951751934,0.715537243668512
1.6134145682232,-5.64862521463624,1.7364817766693
0,-7.90807530049073,2.43107448733702
-0.00709039723777527,-7.04701464630108,1.75742630967009
-6.46074867013056,-3.65783951751934,0.715537243668512
0.806707284111599,-8.47293782195435,2.60472266500395
-2.44139304404812,0.888594398178072,-1.5
1.62759536269875,0.592396265452048,-1
0,0,0

StrokePoints: 22
0,0,0
0.813797681349374,-0.296198132726024,0.5
0.835068873062699,0.509795033486775,1.47905546699921
1.64886655441207,0.213596900760751,1.97905546699921
4.09025959846019,-0.67499749741732,3.47905546699921
4.09025959846019,-0.67499749741732,3.47905546699921
11.3435347582268,4.67742958449289,2.24257369032991
15.3770711787848,7.50174219181101,1.37433280199525
15.3770711787848,10.8909173205928,0.332443735993672
15.3770711787848,10.8909173205928,0.332443735993672
15.3770711787848,10.8909173205928,0.332443735993672
15.3770711787848,10.8909173205928,0.332443735993672
14.5632734974354,10.0573904103915,0.179740091327532
14.5561831001977,6.39955089287219,0.895277334996045
16.1695976684208,0.750925678235951,2.63175911166535
16.1695976684208,-7.15714962225478,5.06283359900237
16.1625072711831,-14.2041642685559,6.82025990867247
9.70175860105251,-17.8620037860752,7.53579715234098
10.5084658851641,-26.3349416080296,10.1405198173449
8.06707284111599,-25.4463472098515,8.64051981734493
9.69466820381474,-24.8539509443994,7.64051981734493
9.69466820381474,-24.8539509443994,7.64051981734493

Velocities: 21
0,0,0
0,3,0
0,0,0
0,0,0
0,0,0
10,0,0
5,0,0
3,3,0
0,0,0
0,0,0
0,0,0
-1,-1,0
-3,-4,0
-4,-6,0
-7,-7,0
-6,-7,0
-7,0,0
-7,-8,0
0,0,0
0,0,0
0,0,0

InverseVelocities: 21
0,0,0
0,0,0
0,0,0
0,0,0
0,0,0
0,0,0
0,0,0
0,0,0
0,0,0
0,0,0
0,0,0
0,0,0
0,0,0
0,0,0
0,0,0
0,0,0
0,0,0
0,0,0
0,0,0
0,0,0
0,0,0
