GestureName: tap_up
Duration(ms): 329
Handedness: right

SpeakerAngles: 6
55
-55
0
0
110
-110

SpeakerElevations: 6
-10
-10
-10
0
30
30

InterpretedPoints: 7
-5.64695098878119,-3.95403765024536,1.21553724366851
-8.05289204664044,-6.18595399211144,1.08377813200316
1.62759536269875,-34.7971895328092,5.07768621834256
-7.33835992661991,-8.57639974676141,-2.67974009132753
2.4201218523348,-11.8621129507361,3.64661173100554
-5.68949337220784,0.0826012319652729,-2.47905546699921
0,0,0

StrokePoints: 8
0,0,0
-5.64695098878119,-3.95403765024536,1.21553724366851
-13.6998430354216,-10.1399916423568,2.29931537567168
-12.0722476727229,-44.937181175166,7.37700159401424
-19.4106075993428,-53.5135809219274,4.69726150268671
-16.990485747008,-65.3756938726635,8.34387323369224
-22.6799791192158,-65.2930926406982,5.86481776669303
-22.6799791192158,-65.2930926406982,5.86481776669303

Velocities: 7
-7,0,0
-12,0,0
-12,-12,-11
-10,-12,0
-9,-12,0
-2,-1,0
0,0,0

InverseVelocities: 7
0,0,0
0,0,0
0,0,0
0,0,0
0,0,0
0,0,0
0,0,0
