GestureName: tap_back
Duration(ms): 799
Handedness: right

SpeakerAngles: 6
55
-55
0
0
110
-110

SpeakerElevations: 6
-10
-10
-10
0
30
30

InterpretedPoints: 17
1.62050496546097,-1.39838943166485,0.0209445330007911
0.0212711917133253,-0.805993166212799,-0.979055466999209
3.26937151987305,0.647463753428896,-2.65270364466614
5.70367416668339,-4.97362771721892,-1.7425736903299
8.11670562178041,-6.34448340489534,-2.54798097966218
4.06189800950909,-6.15842024812301,0.257426309670095
-0.785436092398274,-1.37085568767642,-0.805407289332278
0,0,0
0,0,0
4.84733410190737,4.5129222276043,-0.541889066001582
0,0,0
8.07416323835376,26.6204498435809,-2.97296355333861
-3.18428675301974,3.87143641828009,1.2635182233307
6.46074867013057,3.06544325206729,0.284462756331487
1.6134145682232,9.03780034341798,-2.77837084267089
1.6134145682232,12.1834888509155,-1.56283359900237
0,0,0

StrokePoints: 18
0,0,0
1.62050496546097,-1.39838943166485,0.0209445330007911
1.6417761571743,-2.20438259787765,-0.958110933998418
4.91114767704734,-1.55691884444875,-3.61081457866456
10.6148218437307,-6.53054656166766,-5.35338826899446
18.7315274655111,-12.875029966563,-7.90136924865664
22.7934254750202,-19.033450214686,-7.64394293898655
22.007989382622,-20.4043059023624,-8.44935022831883
22.007989382622,-20.4043059023624,-8.44935022831883
22.007989382622,-20.4043059023624,-8.44935022831883
26.8553234845293,-15.8913836747581,-8.99123929432041
26.8553234845293,-15.8913836747581,-8.99123929432041
34.9294867228831,10.7290661688227,-11.964202847659
31.7451999698634,14.6005025871028,-10.7006846243283
38.2059486399939,17.6659458391701,-10.4162218679968
39.8193632082171,26.7037461825881,-13.1945927106677
41.4327777764403,38.8872350335036,-14.7574263096701
41.4327777764403,38.8872350335036,-14.7574263096701

Velocities: 17
-1,-2,0
-3,0,0
-2,0,0
-7,-6,0
-7,-10,0
-6,-7,0
-4,0,0
0,0,0
0,0,0
5,0,1
0,0,0
9,0,11
0,10,0
7,0,0
9,7,0
3,1,5
0,0,0

InverseVelocities: 17
0,0,0
0,0,0
0,0,0
0,0,0
0,0,0
0,0,0
0,0,0
0,0,0
0,0,0
0,0,0
0,0,0
0,0,0
0,0,0
0,0,0
0,0,0
0,0,0
0,0,0
