GestureName: tap_down
Duration(ms): 658
Handedness: right

SpeakerAngles: 6
55
-55
0
0
110
-110

SpeakerElevations: 6
-10
-10
-10
0
30
30

InterpretedPoints: 14
0.806707284111599,0.564862521463623,-0.17364817766693
4.06189800950909,1.74965505236772,-2.17364817766693
0.813797681349374,0.296198132726024,-0.5
1.62759536269875,0.592396265452048,-1
0.813797681349374,2.07338692908217,-3.5
1.62759536269875,2.36958506180819,-4
4.06898840674687,1.48099066363012,-2.5
0,0,0
0,0,0
0.813797681349374,-1.48099066363012,2.5
3.2551907253975,-1.1847925309041,2
0,-2.36958506180819,4
0.813797681349374,-0.888594398178072,1.5
0,0,0

StrokePoints: 15
0,0,0
0.806707284111599,0.564862521463623,-0.17364817766693
4.86860529362069,2.31451757383134,-2.34729635533386
5.68240297497007,2.61071570655737,-2.84729635533386
7.30999833766881,3.20311197200941,-3.84729635533386
8.12379601901819,5.27649890109158,-7.34729635533386
9.75139138171694,7.64608396289977,-11.3472963553339
13.8203797884638,9.12707462652989,-13.8472963553339
13.8203797884638,9.12707462652989,-13.8472963553339
13.8203797884638,9.12707462652989,-13.8472963553339
14.6341774698132,7.64608396289977,-11.3472963553339
17.8893681952107,6.46129143199567,-9.34729635533386
17.8893681952107,4.09170637018748,-5.34729635533386
18.70316587656,3.20311197200941,-3.84729635533386
18.70316587656,3.20311197200941,-3.84729635533386

Velocities: 14
1,0,0
1,0,0
0,0,0
0,0,0
0,0,0
0,0,0
0,0,0
0,0,0
0,0,0
0,0,0
0,0,0
0,0,0
0,0,0
0,0,0

InverseVelocities: 14
0,0,0
0,0,0
0,0,0
0,0,0
0,0,0
0,0,0
0,0,0
0,0,0
0,0,0
0,0,0
0,0,0
0,0,0
0,0,0
0,0,0
