GestureName: tap_front
Duration(ms): 893
Handedness: right

SpeakerAngles: 6
55
-55
0
0
110
-110

SpeakerElevations: 6
-10
-10
-10
0
30
30

InterpretedPoints: 19
2.44139304404812,-0.888594398178072,1.5
7.26036555700439,5.08376269317261,-1.56283359900237
7.26745595424216,4.22270203898296,-0.889185421335443
8.05998244387821,5.91728960337383,-1.41012995433623
3.2268291364464,2.25945008585449,-0.694592710667721
-2.4201218523348,1.69458756439087,-0.520944533000791
0,0,0
1.6134145682232,1.12972504292725,-0.347296355333861
0.806707284111599,-0.564862521463623,0.17364817766693
0,0,0
0.806707284111599,-2.82431260731812,0.868240888334652
2.4201218523348,-7.34321277902711,2.25742630967009
1.60632417098542,-7.04701464630108,1.75742630967009
3.23391953368417,-9.30646473215558,2.45201902033782
2.4201218523348,-7.34321277902711,2.25742630967009
-0.820888078587149,-5.62109147064781,0.910129954336234
0,0,0
1.6134145682232,-1.12972504292725,0.347296355333861
0,0,0

StrokePoints: 20
0,0,0
2.44139304404812,-0.888594398178072,1.5
9.70175860105251,4.19516829499454,-0.0628335990023732
16.9692145552947,8.4178703339775,-0.952019020337816
25.0291969991729,14.3351599373513,-2.36214897467405
28.2560261356193,16.5946100232058,-3.05674168534177
25.8359042832845,18.2891975875967,-3.57768621834256
25.8359042832845,18.2891975875967,-3.57768621834256
27.4493188515077,19.418922630524,-3.92498257367642
28.2560261356193,18.8540601090603,-3.75133439600949
28.2560261356193,18.8540601090603,-3.75133439600949
29.0627334197309,16.0297475017422,-2.88309350767484
31.4828552720657,8.68653472271511,-0.625667198004746
33.0891794430511,1.63952007641402,1.13175911166535
36.3230989767353,-7.66694465574155,3.58377813200316
38.7432208290701,-15.0101574347687,5.84120444167326
37.9223327504829,-20.6312489054165,6.75133439600949
37.9223327504829,-20.6312489054165,6.75133439600949
39.5357473187061,-21.7609739483437,7.09863075134335
39.5357473187061,-21.7609739483437,7.09863075134335

Velocities: 19
0,0,0
9,0,0
8,0,0
11,0,0
4,0,0
0,3,0
0,0,0
2,0,0
0,-1,0
0,0,0
-2,-3,0
-5,-8,0
-5,-8,0
-7,-10,0
-5,-8,0
-5,-6,0
0,0,0
0,-2,0
0,0,0

InverseVelocities: 19
0,0,0
0,0,0
0,0,0
0,0,0
0,0,0
0,0,0
0,0,0
0,0,0
0,0,0
0,0,0
0,0,0
0,0,0
0,0,0
0,0,0
0,0,0
0,0,0
0,0,0
0,0,0
0,0,0
