GestureName: tap_up
Duration(ms): 1034
Handedness: right

SpeakerAngles: 6
55
-55
0
0
110
-110

SpeakerElevations: 6
-10
-10
-10
0
30
30

InterpretedPoints: 22
0.813797681349374,-0.296198132726024,0.5
0.813797681349374,-0.296198132726024,0.5
1.6417761571743,-1.12972504292725,0.347296355333861
3.23391953368417,-11.5659148180101,3.14661173100554
-8.05289204664044,-6.18595399211144,1.08377813200316
2.43430264681035,-12.3994417282113,2.9939080863394
2.43430264681035,-12.3994417282113,2.9939080863394
2.4201218523348,-9.6026628648816,2.95201902033782
3.24810032815972,-4.19516829499454,0.0628335990023732
2.41303145509702,-1.96325195312847,0.194592710667721
0,0,0
0,0,0
0,0,0
8.08125363559154,3.92650390625694,-0.389185421335443
-3.24100993092194,11.8345792067477,-2.82025990867247
-1.62759536269875,12.9643042496749,-3.16755626400633
8.86668972798981,5.88975585938541,-0.583778132003164
9.68048740933918,6.77835025756348,-2.08377813200316
1.62759536269875,0.592396265452048,-1
0,3.1696002839163,-2.17364817766693
0,1.1847925309041,-2
0,0,0

StrokePoints: 23
0,0,0
0.813797681349374,-0.296198132726024,0.5
1.62759536269875,-0.592396265452048,1
3.26937151987305,-1.72212130837929,1.34729635533386
6.50329105355721,-13.2880361263894,4.4939080863394
-1.54960099308322,-19.4739901185008,5.57768621834256
0.884701653727123,-31.8734318467121,8.57159430468196
3.31900430053747,-44.2728735749234,11.5655023910214
5.73912615287226,-53.875536439805,14.5175214113592
8.98722648103199,-58.0707047347995,14.5803550103615
11.400257936129,-60.033956687928,14.7749477210293
11.400257936129,-60.033956687928,14.7749477210293
11.400257936129,-60.033956687928,14.7749477210293
11.400257936129,-60.033956687928,14.7749477210293
19.4815115717205,-56.1074527816711,14.3857622996938
16.2405016407986,-44.2728735749234,11.5655023910214
14.6129062780999,-31.3085693252485,8.39794612701503
23.4795960060897,-25.4188134658631,7.81416799501186
33.1600834154289,-18.6404632082996,5.7303898630087
34.7876787781276,-18.0480669428475,4.7303898630087
34.7876787781276,-14.8784666589312,2.55674168534177
34.7876787781276,-13.6936741280271,0.55674168534177
34.7876787781276,-13.6936741280271,0.55674168534177

Velocities: 22
0,0,0
0,0,0
-2,0,0
-9,-12,0
-12,0,0
-11,-12,0
-11,-12,0
-7,-10,0
-4,-5,0
0,-4,0
0,0,0
0,0,0
0,0,0
8,0,0
10,12,0
12,12,0
12,0,0
12,0,0
0,0,0
0,0,1
0,0,0
0,0,0

InverseVelocities: 22
0,0,0
0,0,0
0,0,0
0,0,0
0,0,0
0,0,0
0,0,0
0,0,0
0,0,0
0,0,0
0,0,0
0,0,0
0,0,0
0,0,0
0,0,0
0,0,0
0,0,0
0,0,0
0,0,0
0,0,0
0,0,0
0,0,0
