GestureName: tap_back
Duration(ms): 846
Handedness: right

SpeakerAngles: 6
55
-55
0
0
110
-110

SpeakerElevations: 6
-10
-10
-10
0
30
30

InterpretedPoints: 18
3.24810032815972,-1.93571820914005,-0.631759111665348
4.88987648533402,-5.26982584994494,-1.2425736903299
12.1786036312895,-6.90934592635896,-2.37433280199525
3.22682913644639,-11.2972504292725,3.47296355333861
0,0,0
0,0,0
-1.6134145682232,-1.12972504292725,0.347296355333861
0,0,0
0,0,0
0.806707284111599,0.564862521463623,-0.17364817766693
3.2268291364464,2.25945008585449,-0.694592710667721
0.813797681349374,-0.296198132726024,0.5
9.68048740933918,6.77835025756348,-2.08377813200316
-2.44139304404812,-0.888594398178072,1.5
-7.31708873490659,2.71417763136442,2.43716640099763
-4.06189800950909,2.76924511934127,0.784462756331487
0.806707284111599,5.66420307041529,-0.868240888334652
0,0,0

StrokePoints: 19
0,0,0
3.24810032815972,-1.93571820914005,-0.631759111665348
8.13797681349374,-7.20554405908499,-1.87433280199525
20.3165804447832,-14.1148899854439,-4.24866560399051
23.5434095812296,-25.4121404147164,-0.775702050651899
23.5434095812296,-25.4121404147164,-0.775702050651899
23.5434095812296,-25.4121404147164,-0.775702050651899
21.9299950130064,-26.5418654576437,-0.428405695318039
21.9299950130064,-26.5418654576437,-0.428405695318039
21.9299950130064,-26.5418654576437,-0.428405695318039
22.736702297118,-25.97700293618,-0.602053872984969
25.9635314335644,-23.7175528503255,-1.29664658365269
26.7773291149138,-24.0137509830516,-0.796646583652691
36.457816524253,-17.2354007254881,-2.88042471565585
34.0164234802049,-18.1239951236662,-1.38042471565585
26.6993347452983,-15.4098174923017,1.05674168534177
22.6374367357892,-12.6405723729605,1.84120444167326
23.4441440199008,-6.97636930254518,0.972963553338607
23.4441440199008,-6.97636930254518,0.972963553338607

Velocities: 18
-2,-3,0
-7,-6,0
-7,-11,0
-8,-12,0
0,0,0
0,0,0
-2,0,0
0,0,0
0,0,0
1,0,0
4,0,0
0,0,0
12,0,0
0,0,0
4,5,0
3,4,0
2,1,2
0,0,0

InverseVelocities: 18
0,0,0
0,0,0
0,0,0
0,0,0
0,0,0
0,0,0
0,0,0
0,0,0
0,0,0
0,0,0
0,0,0
0,0,0
0,0,0
0,0,0
0,0,0
0,0,0
0,0,0
0,0,0
