GestureName: tap_front
Duration(ms): 893
Handedness: right

SpeakerAngles: 6
55
-55
0
0
110
-110

SpeakerElevations: 6
-10
-10
-10
0
30
30

InterpretedPoints: 19
1.62759536269875,-0.592396265452048,1
0,0,0
0,0,0
0,0,0
-8.87378012522759,5.02869520519576,0.0898700456637662
-2.4201218523348,9.6026628648816,-2.95201902033782
5.66822218049452,15.9663460931257,3.02703644666139
1.6134145682232,2.25945008585449,-0.694592710667721
0,0,0
0,0,0
-0.806707284111599,-0.564862521463623,0.17364817766693
4.04771721503354,-2.23191634186607,-0.131759111665348
0.806707284111599,-5.08376269317261,1.56283359900237
-0.813797681349374,-19.7834101304709,1.79931537567168
0.799616886873824,-7.01948090231266,0.931074487337025
-1.62759536269875,0.592396265452048,-1
-0.806707284111599,-8.47293782195435,2.60472266500395
0,-4.51890017170899,1.38918542133544
0,0,0

StrokePoints: 20
0,0,0
1.62759536269875,-0.592396265452048,1
1.62759536269875,-0.592396265452048,1
1.62759536269875,-0.592396265452048,1
1.62759536269875,-0.592396265452048,1
-7.24618476252884,4.43629893974371,1.08987004566377
-9.66630661486364,14.0389618046253,-1.86214897467405
-3.99808443436912,30.005307897751,1.16488747198734
-2.38466986614592,32.2647579836055,0.470294761319621
-2.38466986614592,32.2647579836055,0.470294761319621
-2.38466986614592,32.2647579836055,0.470294761319621
-3.19137715025752,31.6998954621419,0.643942938986551
0.856340064776023,29.4679791202758,0.512183827321203
1.66304734888762,24.3842164271032,2.07501742632358
0.849249667538248,4.60080629663231,3.87433280199525
1.64886655441207,-2.41867460568035,4.80540728933228
0.0212711917133244,-1.8262783402283,3.80540728933228
-0.785436092398275,-10.2992161621827,6.41012995433623
-0.785436092398275,-14.8181163338916,7.79931537567167
-0.785436092398275,-14.8181163338916,7.79931537567167

Velocities: 19
0,0,0
0,0,0
0,0,0
0,0,0
0,11,0
7,10,0
9,5,6
3,1,0
0,0,0
0,0,0
-1,0,0
-1,-4,0
-4,-5,0
-6,-6,-7
-6,-8,0
0,0,0
-8,-7,0
-4,-4,0
0,0,0

InverseVelocities: 19
0,0,0
0,0,0
0,0,0
0,0,0
0,0,0
0,0,0
0,0,0
0,0,0
0,0,0
0,0,0
0,0,0
0,0,0
0,0,0
0,0,0
0,0,0
0,0,0
0,0,0
0,0,0
0,0,0
