GestureName: tap_right
Duration(ms): 1175
Handedness: right

SpeakerAngles: 6
55
-55
0
0
110
-110

SpeakerElevations: 6
-10
-10
-10
0
30
30

InterpretedPoints: 25
-1.62050496546097,0.2686643887376,0.32635182233307
-1.62050496546097,0.2686643887376,0.32635182233307
-2.42721224957257,0.296198132726024,-0.5
-7.29581754319326,-1.37085568767642,-0.805407289332278
-7.28872714595549,-1.63952007641402,-1.13175911166535
-5.67531257773229,-0.509795033486775,-1.47905546699921
-8.08834403282931,-3.06544325206729,-0.284462756331487
-12.1502420423384,-2.44551324262682,-2.11081457866456
-4.01935562608244,-13.7009180631665,-4.56892551266297
0,0,0
0,0,0
0,0,0
0.813797681349374,-0.296198132726024,0.5
2.44139304404812,-0.888594398178072,1.5
4.04062681779577,0.778459422224374,1.80540728933228
7.30290794043104,11.826245286108,1.43716640099763
4.88278608809624,12.1164654747293,1.78446275633149
13.7636566105616,14.8916885381753,1.72162915732911
6.45365827289279,4.51890017170899,-1.38918542133544
18.6251715069445,0.992056322985126,3.78446275633149
17.8255546200707,0.213596900760752,1.97905546699921
11.336444360989,0,0
3.24100993092194,-0.537328777475199,-0.652703644666139
2.42721224957257,-0.833526910201223,-0.152703644666139
0,0,0

StrokePoints: 26
0,0,0
-1.62050496546097,0.2686643887376,0.32635182233307
-3.24100993092194,0.537328777475199,0.652703644666139
-5.66822218049452,0.833526910201223,0.152703644666139
-12.9640397236878,-0.537328777475199,-0.652703644666139
-20.2527668696433,-2.17684885388922,-1.78446275633149
-25.9280794473756,-2.686643887376,-3.2635182233307
-34.0164234802049,-5.75208713944329,-3.54798097966218
-46.1666655225433,-8.19760038207011,-5.65879555832674
-50.1860211486257,-21.8985184452366,-10.2277210709897
-50.1860211486257,-21.8985184452366,-10.2277210709897
-50.1860211486257,-21.8985184452366,-10.2277210709897
-50.1860211486257,-21.8985184452366,-10.2277210709897
-49.3722234672763,-22.1947165779626,-9.72772107098972
-46.9308304232282,-23.0833109761407,-8.22772107098972
-42.8902036054325,-22.3048515539163,-6.42231378165744
-35.5872956650014,-10.4786062678083,-4.98514738065981
-30.7045095769052,1.63785920692098,-3.20068462432832
-16.9408529663436,16.5295477450962,-1.47905546699921
-10.4871946934508,21.0484479168052,-2.86824088833465
8.13797681349374,22.0405042397904,0.916221867996834
25.9635314335644,22.2541011405511,2.89527733499604
37.2999757945535,22.2541011405511,2.89527733499604
40.5409857254754,21.7167723630759,2.2425736903299
42.968197975048,20.8832454528747,2.08987004566376
42.968197975048,20.8832454528747,2.08987004566376

Velocities: 25
0,1,0
0,1,0
-1,1,0
-4,0,0
-5,0,0
-3,0,0
-7,0,0
-8,0,0
-7,0,-7
0,0,0
0,0,0
0,0,0
0,0,0
0,0,0
4,0,0
3,0,6
0,0,7
10,0,6
8,0,0
10,-3,0
7,-4,0
4,-4,0
0,-2,0
0,-2,0
0,0,0

InverseVelocities: 25
0,0,0
0,0,0
0,0,0
0,0,0
0,0,0
0,0,0
0,0,0
0,0,0
0,0,0
0,0,0
0,0,0
0,0,0
0,0,0
0,0,0
0,0,0
0,0,0
0,0,0
0,0,0
0,0,0
0,0,0
0,0,0
0,0,0
0,0,0
0,0,0
0,0,0
