GestureName: tap_front
Duration(ms): 893
Handedness: right

SpeakerAngles: 6
55
-55
0
0
110
-110

SpeakerElevations: 6
-10
-10
-10
0
30
30

InterpretedPoints: 19
-0.813797681349374,-0.296198132726024,0.5
0,0,0
3.2551907253975,-1.1847925309041,2
0,0,0
0,23.8176930361465,-2.08377813200316
5.63277019430564,28.3090594638671,-2.64661173100554
0.00709039723777527,9.30646473215558,-2.45201902033782
-0.806707284111599,6.51928578050025,-0.694592710667721
0,0,0
0.806707284111599,-0.564862521463623,0.17364817766693
0,0,0
0,0,0
1.59923377374765,-5.05622894918419,0.736481776669304
-4.85442449914514,-10.7048541638204,2.47296355333861
1.60632417098542,-8.17673968922833,2.10472266500395
3.2268291364464,-7.90807530049073,2.43107448733702
4.03353642055799,-7.34321277902711,2.25742630967009
1.6134145682232,-5.64862521463624,1.7364817766693
0,0,0

StrokePoints: 20
0,0,0
-0.813797681349374,-0.296198132726024,0.5
-0.813797681349374,-0.296198132726024,0.5
2.44139304404812,-1.48099066363012,2.5
2.44139304404812,-1.48099066363012,2.5
2.44139304404812,22.3367023725164,0.416221867996835
8.07416323835376,50.6457618363834,-2.2303898630087
8.08125363559154,59.952226568539,-4.68240888334652
7.27454635147994,66.4715123490392,-5.37700159401424
7.27454635147994,66.4715123490392,-5.37700159401424
8.08125363559154,65.9066498275756,-5.20335341634731
8.08125363559154,65.9066498275756,-5.20335341634731
8.08125363559154,65.9066498275756,-5.20335341634731
9.68048740933918,60.8504208783914,-4.46687163967801
4.82606291019404,50.145566714571,-1.9939080863394
6.43238708117947,41.9688270253427,0.110814578664557
9.65921621762586,34.060751724852,2.54188906600158
13.6927526381839,26.7175389458248,4.79931537567168
15.3061672064071,21.0689137311886,6.53579715234098
15.3061672064071,21.0689137311886,6.53579715234098

Velocities: 19
0,0,0
0,0,0
0,0,0
0,0,0
0,0,12
9,0,12
8,9,0
0,1,3
0,0,0
0,-1,0
0,0,0
0,0,0
-3,-7,0
-12,-8,0
-6,-9,0
-5,-9,0
-4,-9,0
-4,-6,0
0,0,0

InverseVelocities: 19
0,0,0
0,0,0
0,0,0
0,0,0
0,0,0
0,0,0
0,0,0
0,0,0
0,0,0
0,0,0
0,0,0
0,0,0
0,0,0
0,0,0
0,0,0
0,0,0
0,0,0
0,0,0
0,0,0
