GestureName: tap_back
Duration(ms): 799
Handedness: right

SpeakerAngles: 6
55
-55
0
0
110
-110

SpeakerElevations: 6
-10
-10
-10
0
30
30

InterpretedPoints: 17
-0.813797681349374,-7.91767521216509,0.715537243668512
0.806707284111599,-17.8476919213308,2.43107448733702
0,0,0
5.63986059154342,-4.22270203898296,0.889185421335443
8.87378012522759,-6.21348773609986,1.91012995433623
4.81188211571849,-4.46383268373214,-0.263518223330697
0,0,0
0,0,0
0.813797681349374,-0.296198132726024,0.5
0,0,0
0,0,0
-7.26036555700439,5.08376269317261,-1.56283359900237
1.62759536269875,-0.592396265452048,1
0.813797681349374,27.997283475362,-3.01485261934019
-0.00709039723777527,5.91728960337384,-1.41012995433623
2.4201218523348,3.67939531740308,-0.694592710667721
0,0,0

StrokePoints: 18
0,0,0
-0.813797681349374,-7.91767521216509,0.715537243668512
-0.00709039723777483,-25.7653671334959,3.14661173100554
-0.00709039723777483,-25.7653671334959,3.14661173100554
5.63277019430564,-29.9880691724789,4.03579715234098
14.5065503195332,-36.2015569085787,5.94592710667721
19.3184324352517,-40.6653895923109,5.68240888334652
19.3184324352517,-40.6653895923109,5.68240888334652
19.3184324352517,-40.6653895923109,5.68240888334652
20.1322301166011,-40.9615877250369,6.18240888334652
20.1322301166011,-40.9615877250369,6.18240888334652
20.1322301166011,-40.9615877250369,6.18240888334652
12.8718645595967,-35.8778250318643,4.61957528434414
14.4994599222955,-36.4702212973163,5.61957528434414
15.3132576036448,-8.47293782195435,2.60472266500396
15.3061672064071,-2.55564821858052,1.19459271066772
17.7262890587419,1.12374709882256,0.500000000000001
17.7262890587419,1.12374709882256,0.500000000000001

Velocities: 17
-2,-2,-3
-3,-4,-7
0,0,0
0,-8,0
0,-11,0
0,-10,0
0,0,0
0,0,0
0,0,0
0,0,0
0,0,0
0,9,0
0,0,0
8,8,10
6,5,0
3,0,1
0,0,0

InverseVelocities: 17
0,0,0
0,0,0
0,0,0
0,0,0
0,0,0
0,0,0
0,0,0
0,0,0
0,0,0
0,0,0
0,0,0
0,0,0
0,0,0
0,0,0
0,0,0
0,0,0
0,0,0
