GestureName: tap_right
Duration(ms): 1034
Handedness: right

SpeakerAngles: 6
55
-55
0
0
110
-110

SpeakerElevations: 6
-10
-10
-10
0
30
30

InterpretedPoints: 22
-3.24100993092194,-0.537328777475199,-0.652703644666139
-2.43430264681035,0.0275337439884242,-0.82635182233307
-5.66113178325674,-2.23191634186607,-0.131759111665348
-5.64695098878119,-3.95403765024536,1.21553724366851
-8.08834403282931,-3.06544325206729,-0.284462756331487
-4.03353642055799,-2.82431260731812,0.868240888334652
-6.48911025908166,-0.213596900760752,-1.97905546699921
-1.62759536269875,0.592396265452048,-1
-2.42721224957257,-0.833526910201223,-0.152703644666139
0,0,0
0,0,0
0.813797681349374,-0.296198132726024,0.5
3.24100993092194,0.537328777475199,0.652703644666139
7.29581754319326,0.778459422224375,1.80540728933228
5.68240297497007,-0.351265620702872,2.15270364466614
7.26036555700439,5.08376269317261,-1.56283359900237
9.68048740933918,6.77835025756348,-2.08377813200316
15.3841615760226,3.84390267429167,2.08987004566377
13.7778374050372,3.03790950807887,1.11081457866456
7.28872714595549,1.63952007641402,1.13175911166535
1.62050496546097,0.2686643887376,0.32635182233307
0,0,0

StrokePoints: 23
0,0,0
-3.24100993092194,-0.537328777475199,-0.652703644666139
-5.67531257773229,-0.509795033486775,-1.47905546699921
-11.336444360989,-2.74171137535284,-1.61081457866456
-16.9833953497702,-6.69574902559821,-0.395277334996045
-25.0717393825995,-9.7611922776655,-0.679740091327532
-29.1052758031575,-12.5855048849836,0.188500797007119
-35.5943860622392,-12.7991017857444,-1.79055466999209
-37.2219814249379,-12.2067055202923,-2.79055466999209
-39.6491936745105,-13.0402324304935,-2.94325831465823
-39.6491936745105,-13.0402324304935,-2.94325831465823
-39.6491936745105,-13.0402324304935,-2.94325831465823
-38.8353959931611,-13.3364305632196,-2.44325831465823
-35.5943860622392,-12.7991017857444,-1.79055466999209
-28.2985685190459,-12.02064236352,0.014852619340189
-22.6161655440759,-12.3719079842229,2.16755626400633
-15.3557999870715,-7.28814529105026,0.604722665003955
-5.67531257773229,-0.509795033486777,-1.47905546699921
9.70884899829029,3.33410764080489,0.610814578664557
23.4866864033274,6.37201714888376,1.72162915732911
30.7754135492829,8.01153722529778,2.85338826899446
32.3959185147439,8.28020161403538,3.17974009132753
32.3959185147439,8.28020161403538,3.17974009132753

Velocities: 22
-2,0,0
-1,0,0
-5,0,0
-7,0,0
-7,0,0
-5,0,0
-3,0,0
0,0,0
-2,0,0
0,0,0
0,0,0
0,0,0
2,0,0
4,0,0
2,0,0
9,0,0
12,0,0
11,0,0
8,0,0
5,0,0
1,0,0
0,0,0

InverseVelocities: 22
0,0,0
0,0,0
0,0,0
0,0,0
0,0,0
0,0,0
0,0,0
0,0,0
0,0,0
0,0,0
0,0,0
0,0,0
0,0,0
0,0,0
0,0,0
0,0,0
0,0,0
0,0,0
0,0,0
0,0,0
0,0,0
0,0,0
