GestureName: tap_right
Duration(ms): 1175
Handedness: right

SpeakerAngles: 6
55
-55
0
0
110
-110

SpeakerElevations: 6
-10
-10
-10
0
30
30

InterpretedPoints: 25
0.806707284111599,-0.564862521463623,0.17364817766693
-2.43430264681035,0.0275337439884242,-0.82635182233307
-5.67531257773229,-0.509795033486775,-1.47905546699921
-6.48201986184389,-5.04427306097481,-0.958110933998418
-8.10252482730486,-1.343321943688,-1.63175911166535
-8.90923211141646,-3.03790950807887,-1.11081457866456
-4.06898840674687,1.48099066363012,-2.5
-4.86151489638292,-10.7300319312738,-0.110814578664557
-4.86151489638292,-10.7300319312738,-0.110814578664557
-4.05480761227132,-0.241130644749175,-1.15270364466614
0,0,0
0,0,0
0,0,0
1.62759536269875,-0.592396265452048,1
1.62759536269875,-0.592396265452048,1
4.06898840674687,-1.48099066363012,2.5
4.08316920122242,12.3575961194785,2.93716640099763
12.95694932645,18.2964415227361,1.54798097966218
5.64695098878119,3.95403765024536,-1.21553724366851
0,0,0
12.1502420423384,2.44551324262682,2.11081457866456
7.29581754319326,0.778459422224375,1.80540728933228
1.62050496546097,1.39838943166485,-0.0209445330007911
1.62050496546097,0.2686643887376,0.32635182233307
0,0,0

StrokePoints: 26
0,0,0
0.806707284111599,-0.564862521463623,0.17364817766693
-1.62759536269875,-0.537328777475199,-0.652703644666139
-7.30290794043104,-1.04712381096197,-2.13175911166535
-13.7849278022749,-6.09139687193679,-3.08987004566377
-21.8874526295798,-7.43471881562479,-4.72162915732911
-30.7966847409963,-10.4726283237037,-5.83244373599367
-34.8656731477431,-8.99163766007354,-8.33244373599367
-39.727188044126,-19.7216695913474,-8.44325831465823
-44.588702940509,-30.4517015226212,-8.55407289332278
-48.6435105527803,-30.6928321673704,-9.70677653798892
-48.6435105527803,-30.6928321673704,-9.70677653798892
-48.6435105527803,-30.6928321673704,-9.70677653798892
-48.6435105527803,-30.6928321673704,-9.70677653798892
-47.0159151900815,-31.2852284328224,-8.70677653798892
-45.3883198273828,-31.8776246982745,-7.70677653798892
-41.3193314206359,-33.3586153619046,-5.20677653798892
-37.2361622194135,-21.0010192424261,-2.2696101369913
-24.2792128929635,-2.70457771969006,-0.721629157329114
-18.6322619041823,1.24945993055531,-1.93716640099763
-18.6322619041823,1.24945993055531,-1.93716640099763
-6.48201986184389,3.69497317318213,0.173648177666931
0.813797681349376,4.4734325954065,1.97905546699921
2.43430264681035,5.87182202707135,1.95811093399842
4.05480761227132,6.14048641580895,2.28446275633149
4.05480761227132,6.14048641580895,2.28446275633149

Velocities: 25
0,-1,0
-1,0,0
-3,0,0
-4,0,-2
-5,0,0
-7,-1,0
0,0,0
-3,0,-5
-3,0,-5
-2,0,0
0,0,0
0,0,0
0,0,0
0,0,0
0,0,0
0,0,0
0,2,7
9,0,8
7,0,0
0,0,0
8,0,0
4,0,0
2,1,0
1,0,0
0,0,0

InverseVelocities: 25
0,0,0
0,0,0
0,0,0
0,0,0
0,0,0
0,0,0
0,0,0
0,0,0
0,0,0
0,0,0
0,0,0
0,0,0
0,0,0
0,0,0
0,0,0
0,0,0
0,0,0
0,0,0
0,0,0
0,0,0
0,0,0
0,0,0
0,0,0
0,0,0
0,0,0
