GestureName: tap_back
Duration(ms): 893
Handedness: right

SpeakerAngles: 6
55
-55
0
0
110
-110

SpeakerElevations: 6
-10
-10
-10
0
30
30

InterpretedPoints: 19
-0.806707284111599,-1.69458756439087,0.520944533000791
2.4201218523348,-7.34321277902711,2.25742630967009
-0.00709039723777438,-8.17673968922833,2.10472266500395
8.05998244387821,-5.91728960337383,1.41012995433623
8.05998244387821,-5.91728960337383,1.41012995433623
1.67722814336317,-1.28825445571115,-3.28446275633149
-4.03353642055799,-1.63952007641402,-1.13175911166535
0,0,0
2.44139304404812,-0.888594398178072,1.5
0.813797681349374,-0.296198132726024,0.5
0.813797681349374,-0.296198132726024,0.5
-10.5013754879263,5.62109147064781,-0.910129954336234
6.45365827289279,4.51890017170899,-1.38918542133544
-2.46266423576145,21.4444860067686,-0.646611731005537
0,4.51890017170899,-1.38918542133544
0,0,0
0,0,0
8.06707284111599,5.64862521463624,-1.7364817766693
0,0,0

StrokePoints: 20
0,0,0
-0.806707284111599,-1.69458756439087,0.520944533000791
1.6134145682232,-9.03780034341798,2.77837084267089
1.60632417098542,-17.2145400326463,4.88309350767484
9.66630661486364,-23.1318296360201,6.29322346201107
17.7262890587418,-29.049119239394,7.70335341634731
19.403517202105,-30.3373736951051,4.41889066001582
15.369980781547,-31.9768937715191,3.28713154835047
15.369980781547,-31.9768937715191,3.28713154835047
17.8113738255951,-32.8654881696972,4.78713154835047
18.6251715069445,-33.1616863024232,5.28713154835047
19.4389691882939,-33.4578844351493,5.78713154835047
8.93759370036756,-27.8367929645015,4.87700159401424
15.3912519732604,-23.3178927927925,3.4878161726788
12.9285877374989,-1.87340678602385,2.84120444167326
12.9285877374989,2.64549338568514,1.45201902033782
12.9285877374989,2.64549338568514,1.45201902033782
12.9285877374989,2.64549338568514,1.45201902033782
20.9956605786149,8.29411860032138,-0.284462756331488
20.9956605786149,8.29411860032138,-0.284462756331488

Velocities: 19
-2,-1,0
-5,-8,0
-7,-8,0
0,-11,0
0,-11,0
-7,0,0
-5,0,0
0,0,0
0,0,0
0,0,0
0,0,0
0,11,0
8,0,0
8,5,8
4,4,0
0,0,0
0,0,0
10,0,0
0,0,0

InverseVelocities: 19
0,0,0
0,0,0
0,0,0
0,0,0
0,0,0
0,0,0
0,0,0
0,0,0
0,0,0
0,0,0
0,0,0
0,0,0
0,0,0
0,0,0
0,0,0
0,0,0
0,0,0
0,0,0
0,0,0
