GestureName: tap_front
Duration(ms): 893
Handedness: right

SpeakerAngles: 6
55
-55
0
0
110
-110

SpeakerElevations: 6
-10
-10
-10
0
30
30

InterpretedPoints: 19
0.813797681349374,-0.296198132726024,0.5
1.62759536269875,7.34683474659678,0.305407289332279
-4.03353642055799,2.82431260731812,-0.868240888334652
4.06898840674687,-1.48099066363012,2.5
1.62759536269875,-0.592396265452048,1
7.25327515976661,29.1701201180567,-3.32025990867247
0.813797681349374,5.35242708191021,-1.2364817766693
1.62050496546097,0.2686643887376,0.32635182233307
0,0,0
0,0,0
0.806707284111599,-7.64901082342749,1.04188906600158
2.44139304404812,-2.50058073060367,-0.458110933998418
2.4201218523348,-5.08376269317261,1.56283359900237
0,-6.77835025756348,2.08377813200316
-0.813797681349374,0.296198132726024,-0.5
-0.00709039723777527,-7.04701464630108,1.75742630967009
3.21973873920862,-2.52811447459209,0.368240888334652
-4.04771721503354,-1.10219129893882,-0.479055466999209
0,0,0

StrokePoints: 20
0,0,0
0.813797681349374,-0.296198132726024,0.5
2.44139304404812,7.05063661387076,0.805407289332279
-1.59214337650987,9.87494922118888,-0.0628335990023731
2.476845030237,8.39395855755876,2.43716640099763
4.10444039293574,7.80156229210671,3.43716640099763
11.3577155527024,36.9716824101634,0.116906492325159
12.1715132340517,42.3241094920736,-1.11957528434414
13.7920181995127,42.5927738808112,-0.793223462011074
13.7920181995127,42.5927738808112,-0.793223462011074
13.7920181995127,42.5927738808112,-0.793223462011074
14.5987254836243,34.9437630573837,0.248665603990508
17.0401185276724,32.4431823267801,-0.20944533000791
19.4602403800072,27.3594196336074,1.35338826899446
19.4602403800072,20.581069376044,3.43716640099763
18.6464426986578,20.87726750877,2.93716640099763
18.6393523014201,13.8302528624689,4.69459271066772
21.8590910406287,11.3021383878768,5.06283359900237
17.8113738255951,10.199947088938,4.58377813200316
17.8113738255951,10.199947088938,4.58377813200316

Velocities: 19
0,0,0
0,0,4
0,5,0
0,0,0
0,0,0
10,0,12
5,5,0
1,0,0
0,0,0
0,0,0
-1,-2,-3
-3,-3,0
-3,-6,0
-6,-6,0
0,0,0
-6,-7,0
0,-5,0
-3,0,0
0,0,0

InverseVelocities: 19
0,0,0
0,0,0
0,0,0
0,0,0
0,0,0
0,0,0
0,0,0
0,0,0
0,0,0
0,0,0
0,0,0
0,0,0
0,0,0
0,0,0
0,0,0
0,0,0
0,0,0
0,0,0
0,0,0
