GestureName: tap_up
Duration(ms): 846
Handedness: right

SpeakerAngles: 6
55
-55
0
0
110
-110

SpeakerElevations: 6
-10
-10
-10
0
30
30

InterpretedPoints: 18
-0.813797681349374,-0.888594398178072,1.5
-4.84024370466959,-9.34359838781837,1.56283359900237
-8.05998244387821,-5.91728960337383,1.41012995433623
0.0141807944755505,-11.8345792067477,2.82025990867247
2.43430264681035,-12.3994417282113,2.9939080863394
-2.44139304404812,-6.85427843838211,-4.02703644666139
0,0,0
0,0,0
0,0,0
0.806707284111599,0.564862521463623,-0.17364817766693
-4.81188211571849,6.72328276958663,-0.431074487337025
9.68048740933918,4.40876519575529,1.91622186799684
0,-1.77718879635614,3
8.05289204664044,5.59355772665939,-0.0837781320031643
9.69466820381473,6.24102148008828,-2.7364817766693
0.813797681349374,2.28100588573823,-0.67364817766693
2.44139304404812,0.888594398178072,-1.5
0,0,0

StrokePoints: 19
0,0,0
-0.813797681349374,-0.888594398178072,1.5
-5.65404138601897,-10.2321927859964,3.06283359900237
-13.7140238298972,-16.1494823893703,4.47296355333861
-13.6998430354216,-27.9840615961179,7.29322346201107
-11.2655403886113,-40.3835033243292,10.2871315483505
-13.7069334326594,-47.2377817627113,6.26009510168908
-13.7069334326594,-47.2377817627113,6.26009510168908
-13.7069334326594,-47.2377817627113,6.26009510168908
-13.7069334326594,-47.2377817627113,6.26009510168908
-12.9002261485478,-46.6729192412477,6.08644692402215
-17.7121082642663,-39.9496364716611,5.65537243668512
-8.03162085492711,-35.5408712759058,7.57159430468196
-8.03162085492711,-37.3180600722619,10.571594304682
0.021271191713323,-31.7245023456025,10.4878161726788
9.71593939552806,-25.4834808655143,7.75133439600949
10.5297370768774,-23.202474979776,7.07768621834256
12.9711301209256,-22.313880581598,5.57768621834256
12.9711301209256,-22.313880581598,5.57768621834256

Velocities: 18
0,0,0
-6,0,-3
-11,0,0
-12,-10,0
-11,-12,0
-10,-10,0
0,0,0
0,0,0
0,0,0
1,0,0
2,12,0
12,0,0
0,0,0
12,0,0
10,0,0
0,0,1
0,0,0
0,0,0

InverseVelocities: 18
0,0,0
0,0,0
0,0,0
0,0,0
0,0,0
0,0,0
0,0,0
0,0,0
0,0,0
0,0,0
0,0,0
0,0,0
0,0,0
0,0,0
0,0,0
0,0,0
0,0,0
0,0,0
