GestureName: tap_right
Duration(ms): 1128
Handedness: right

SpeakerAngles: 6
55
-55
0
0
110
-110

SpeakerElevations: 6
-10
-10
-10
0
30
30

InterpretedPoints: 24
-0.813797681349374,-0.296198132726024,0.5
-1.62050496546097,-0.2686643887376,-0.32635182233307
-3.24810032815972,0.323731876714448,-1.32635182233307
-5.67531257773229,-2.49460278649898,-1.30540728933228
-1.62759536269875,0.592396265452048,-1
-9.71593939552806,-8.42747024565187,-0.763518223330696
-8.09543443006709,-2.20438259787765,-0.958110933998418
-7.28872714595549,-11.5635588414751,-0.263518223330697
-5.67531257773229,-8.44902604553561,-0.784462756331487
-1.62759536269875,0.592396265452048,-1
0,0,0
0,0,0
0,0,0
1.62759536269875,-0.592396265452048,1
2.44139304404812,-0.888594398178072,1.5
3.2551907253975,-1.1847925309041,2
2.45557383852367,-0.351265620702872,2.15270364466614
5.69658376944562,-2.07338692908217,3.5
8.92341290589201,16.06452518087,1.41622186799684
14.5987254836243,10.3572105106872,2.2425736903299
12.9640397236878,2.74171137535284,1.61081457866456
8.91632250865424,1.04712381096197,2.13175911166535
4.05480761227132,1.37085568767642,0.805407289332278
0,0,0

StrokePoints: 25
0,0,0
-0.813797681349374,-0.296198132726024,0.5
-2.43430264681035,-0.564862521463623,0.17364817766693
-5.68240297497007,-0.241130644749175,-1.15270364466614
-11.3577155527024,-2.73573343124816,-2.45811093399842
-12.9853109154011,-2.14333716579611,-3.45811093399842
-22.7012503109292,-10.570807411448,-4.22162915732911
-30.7966847409963,-12.7751900093256,-5.17974009132753
-38.0854118869517,-24.3387488508007,-5.44325831465823
-43.760724464684,-32.7877748963363,-6.22772107098972
-45.3883198273828,-32.1953786308843,-7.22772107098972
-45.3883198273828,-32.1953786308843,-7.22772107098972
-45.3883198273828,-32.1953786308843,-7.22772107098972
-45.3883198273828,-32.1953786308843,-7.22772107098972
-43.760724464684,-32.7877748963363,-6.22772107098972
-41.3193314206359,-33.6763692945144,-4.72772107098972
-38.0641406952384,-34.8611618254185,-2.72772107098972
-35.6085668567147,-35.2124274461213,-0.575017426323576
-29.9119830872691,-37.2858143752035,2.92498257367642
-20.9885701813771,-21.2212891943335,4.34120444167326
-6.38984469775281,-10.8640786836463,6.58377813200316
6.57419502593497,-8.12236730829345,8.19459271066772
15.4905175345892,-7.07524349733147,10.3263518223331
19.5453251468605,-5.70438780965505,11.1317591116653
19.5453251468605,-5.70438780965505,11.1317591116653

Velocities: 24
0,0,0
-1,0,0
-1,0,0
-3,0,-1
0,0,0
-7,0,-3
-6,0,0
-5,0,-5
-3,0,-4
0,0,0
0,0,0
0,0,0
0,0,0
0,0,0
0,0,0
0,0,0
0,2,0
0,0,0
4,0,8
8,1,4
8,0,0
5,0,0
3,1,0
0,0,0

InverseVelocities: 24
0,0,0
0,0,0
0,0,0
0,0,0
0,0,0
0,0,0
0,0,0
0,0,0
0,0,0
0,0,0
0,0,0
0,0,0
0,0,0
0,0,0
0,0,0
0,0,0
0,0,0
0,0,0
0,0,0
0,0,0
0,0,0
0,0,0
0,0,0
0,0,0
