GestureName: tap_up
Duration(ms): 1128
Handedness: right

SpeakerAngles: 6
55
-55
0
0
110
-110

SpeakerElevations: 6
-10
-10
-10
0
30
30

InterpretedPoints: 24
2.4201218523348,1.69458756439087,-0.520944533000791
0,0,0
0,0,0
0,0,0
0.806707284111599,0.564862521463623,-0.17364817766693
0,0,0
0,-0.592396265452048,1
1.6134145682232,-0.647463753428896,2.65270364466614
-2.44139304404812,-0.888594398178072,1.5
-8.86668972798981,-6.48215212483746,1.58377813200316
-9.68048740933918,-6.77835025756348,2.08377813200316
1.62759536269875,-12.9643042496749,3.16755626400633
1.6134145682232,-10.1675253863452,3.12566719800475
4.84024370466959,-3.38917512878174,1.04188906600158
0,0,0
-1.62050496546097,0.2686643887376,0.32635182233307
-2.40594105785925,2.23191634186607,0.131759111665348
-7.26745595424216,7.55680967978786,-0.278370842670886
-8.05289204664044,5.00116146120734,0.916221867996836
12.9356781347367,5.59355772665939,-0.0837781320031643
12.9356781347367,7.96314278846758,-4.08377813200316
1.62759536269875,1.77718879635614,-3
1.62759536269875,0.592396265452048,-1
0,0,0

StrokePoints: 25
0,0,0
2.4201218523348,1.69458756439087,-0.520944533000791
2.4201218523348,1.69458756439087,-0.520944533000791
2.4201218523348,1.69458756439087,-0.520944533000791
2.4201218523348,1.69458756439087,-0.520944533000791
3.2268291364464,2.25945008585449,-0.694592710667721
3.2268291364464,2.25945008585449,-0.694592710667721
3.2268291364464,1.66705382040245,0.305407289332279
4.84024370466959,1.01959006697355,2.95811093399842
2.39885066062147,0.130995668795479,4.45811093399842
-6.46783906736834,-6.35115645604198,6.04188906600158
-16.1483264767075,-13.1295067136055,8.12566719800475
-14.5207311140088,-26.0938109632804,11.2932234620111
-12.9073165457856,-36.2613363496256,14.4188906600158
-8.06707284111599,-39.6505114784074,15.4607797260174
-8.06707284111599,-39.6505114784074,15.4607797260174
-9.68757780657696,-39.3818470896698,15.7871315483505
-12.0935188644362,-37.1499307478037,15.9188906600158
-19.3609748186784,-29.5931210680158,15.6405198173449
-27.4138668653188,-24.5919596068085,16.5567416853418
-14.4781887305821,-18.9984018801491,16.4729635533386
-1.54251059584544,-11.0352590916815,12.3891854213354
0.0850847668533052,-9.25807029532538,9.38918542133544
1.71268012955205,-8.66567402987333,8.38918542133544
1.71268012955205,-8.66567402987333,8.38918542133544

Velocities: 24
3,0,0
0,0,0
0,0,0
0,0,0
1,0,0
0,0,0
0,0,0
2,0,0
0,0,0
-12,0,0
-12,0,0
-12,-12,0
-8,-10,0
0,-6,0
0,0,0
0,1,0
0,5,0
4,12,0
0,12,0
12,0,0
12,0,0
0,0,0
0,0,0
0,0,0

InverseVelocities: 24
0,0,0
0,0,0
0,0,0
0,0,0
0,0,0
0,0,0
0,0,0
0,0,0
0,0,0
0,0,0
0,0,0
0,0,0
0,0,0
0,0,0
0,0,0
0,0,0
0,0,0
0,0,0
0,0,0
0,0,0
0,0,0
0,0,0
0,0,0
0,0,0
