GestureName: swipe_left
Duration(ms): 799
Handedness: right

SpeakerAngles: 2
55
-55

InterpretedPoints: 17
0.806707284111599,0.564862521463623
0.806707284111599,0.564862521463623
0.806707284111599,0.564862521463623
0.806707284111599,1.69458756439087
0,0
0,0
0.806707284111599,0.564862521463623
0.806707284111599,0.564862521463623
0,0
3.2268291364464,2.25945008585449
4.03353642055799,2.82431260731812
3.2268291364464,-2.25945008585449
0,0
7.26036555700439,-5.08376269317261
5.64695098878119,-3.95403765024536
0.806707284111599,-0.564862521463623
0,0

StrokePoints: 18
177.6,130.333333333333
176.793292715888,129.76847081187
175.986585431777,129.203608290406
175.179878147665,128.638745768942
174.373170863554,126.944158204552
174.373170863554,126.944158204552
174.373170863554,126.944158204552
173.566463579442,126.379295683088
172.75975629533,125.814433161624
172.75975629533,125.814433161624
169.532927158884,123.55498307577
165.499390738326,120.730670468452
162.27256160188,122.990120554306
162.27256160188,122.990120554306
155.012196044875,128.073883247479
149.365245056094,132.027920897724
148.558537771982,132.592783419188
148.558537771982,132.592783419188

Velocities: 17
1,0
1,0
1,0
2,1
0,0
0,0
1,0
1,0
0,0
4,0
5,0
0,-4
0,0
0,-9
0,-7
0,-1
0,0

InverseVelocities: 17
0,0
0,0
0,0
0,0
0,0
0,0
0,0
0,0
0,0
0,0
0,0
0,0
0,0
0,0
0,0
0,0
0,0
