GestureName: swipe_up
Duration(ms): 423
Handedness: right

SpeakerAngles: 2
55
-55

InterpretedPoints: 9
1.6134145682232,1.12972504292725
4.03353642055799,2.82431260731812
-8.06707284111599,5.64862521463624
0,0
-0.806707284111598,12.9918379936633
-0.806707284111599,10.7323879078088
-2.4201218523348,1.69458756439087
-0.806707284111599,0.564862521463623
0,0

StrokePoints: 10
177.6,130.333333333333
175.986585431777,129.203608290406
171.953049011219,126.379295683088
180.020121852335,120.730670468452
180.020121852335,120.730670468452
180.826829136446,107.738832474788
181.633536420558,97.0064445669796
184.053658272893,95.3118570025887
184.860365557005,94.7469944811251
184.860365557005,94.7469944811251

Velocities: 9
2,0
5,0
0,10
0,0
11,12
9,10
0,3
0,1
0,0

InverseVelocities: 9
0,0
0,0
0,0
0,0
0,0
0,0
0,0
0,0
0,0
