GestureName: swipe_left
Duration(ms): 470
Handedness: right

SpeakerAngles: 2
55
-55

InterpretedPoints: 10
4.03353642055799,2.82431260731812
4.84024370466959,6.77835025756348
4.84024370466959,3.38917512878174
0,0
4.03353642055799,-2.82431260731812
5.64695098878119,-3.95403765024536
8.06707284111599,-5.64862521463624
4.03353642055799,-2.82431260731812
0.806707284111599,-0.564862521463623
0,0

StrokePoints: 11
177.6,130.333333333333
173.566463579442,127.509020726015
168.726219874772,120.730670468452
163.885976170103,117.34149533967
163.885976170103,117.34149533967
159.852439749545,120.165807946988
154.205488760764,124.119845597233
146.138415919648,129.76847081187
142.10487949909,132.592783419188
141.298172214978,133.157645940651
141.298172214978,133.157645940651

Velocities: 10
5,0
9,3
6,0
0,0
0,-5
0,-7
0,-10
0,-5
0,-1
0,0

InverseVelocities: 10
0,0
0,0
0,0
0,0
0,0
0,0
0,0
0,0
0,0
0,0
