GestureName: swipe_down
Duration(ms): 423
Handedness: right

SpeakerAngles: 2
55
-55

InterpretedPoints: 9
0.806707284111599,-2.82431260731812
1.6134145682232,-3.38917512878174
4.84024370466959,-3.38917512878174
6.45365827289279,-4.51890017170899
6.45365827289279,-4.51890017170899
0,-6.77835025756348
0.806707284111599,-5.08376269317261
-2.4201218523348,-1.69458756439087
0,0

StrokePoints: 10
177.6,130.333333333333
176.793292715888,133.157645940651
175.179878147665,136.546821069433
170.339634442996,139.935996198215
163.885976170103,144.454896369924
157.43231789721,148.973796541633
157.43231789721,155.752146799196
156.625610613098,160.835909492369
159.045732465433,162.53049705676
159.045732465433,162.53049705676

Velocities: 9
-2,-3
-2,-4
0,-6
0,-8
0,-8
-6,-6
-4,-5
-3,0
0,0

InverseVelocities: 9
0,0
0,0
0,0
0,0
0,0
0,0
0,0
0,0
0,0
