GestureName: swipe_up
Duration(ms): 423
Handedness: right

SpeakerAngles: 2
55
-55

InterpretedPoints: 9
2.4201218523348,1.69458756439087
3.2268291364464,2.25945008585449
4.03353642055799,2.82431260731812
0,0
9.68048740933918,6.77835025756348
-3.2268291364464,10.1675253863452
-1.6134145682232,1.12972504292725
-1.6134145682232,1.12972504292725
0,0

StrokePoints: 10
177.6,130.333333333333
175.179878147665,128.638745768942
171.953049011219,126.379295683088
167.919512590661,123.55498307577
167.919512590661,123.55498307577
158.239025181322,116.776632818206
161.465854317768,106.609107431861
163.079268885991,105.479382388934
164.692683454214,104.349657346007
164.692683454214,104.349657346007

Velocities: 9
3,0
4,0
5,0
0,0
12,0
7,11
0,2
0,2
0,0

InverseVelocities: 9
0,0
0,0
0,0
0,0
0,0
0,0
0,0
0,0
0,0
