GestureName: swipe_left
Duration(ms): 658
Handedness: right

SpeakerAngles: 2
55
-55

InterpretedPoints: 14
0.806707284111599,0.564862521463623
1.6134145682232,1.12972504292725
0.806707284111599,0.564862521463623
0,0
2.4201218523348,1.69458756439087
0,0
4.03353642055799,2.82431260731812
0,0
0,0
6.45365827289279,-4.51890017170899
6.45365827289279,-4.51890017170899
4.03353642055799,-2.82431260731812
1.6134145682232,-1.12972504292725
0,0

StrokePoints: 15
177.6,130.333333333333
176.793292715888,129.76847081187
175.179878147665,128.638745768942
174.373170863554,128.073883247479
174.373170863554,128.073883247479
171.953049011219,126.379295683088
171.953049011219,126.379295683088
167.919512590661,123.55498307577
167.919512590661,123.55498307577
167.919512590661,123.55498307577
161.465854317768,128.073883247479
155.012196044875,132.592783419188
150.978659624317,135.417096026506
149.365245056094,136.546821069433
149.365245056094,136.546821069433

Velocities: 14
1,0
2,0
1,0
0,0
3,0
0,0
5,0
0,0
0,0
0,-8
0,-8
0,-5
0,-2
0,0

InverseVelocities: 14
0,0
0,0
0,0
0,0
0,0
0,0
0,0
0,0
0,0
0,0
0,0
0,0
0,0
0,0
