GestureName: swipe_right
Duration(ms): 517
Handedness: right

SpeakerAngles: 2
55
-55

InterpretedPoints: 11
-2.4201218523348,1.69458756439087
-4.03353642055799,2.82431260731812
-7.26036555700439,5.08376269317261
0,0
0,0
-4.03353642055799,-2.82431260731812
5.64695098878119,-3.95403765024536
-3.2268291364464,-2.25945008585449
-1.6134145682232,-1.12972504292725
-0.806707284111599,-0.564862521463623
0,0

StrokePoints: 12
177.6,130.333333333333
180.020121852335,128.638745768942
184.053658272893,125.814433161624
191.314023829897,120.730670468452
191.314023829897,120.730670468452
191.314023829897,120.730670468452
195.347560250455,123.55498307577
189.700609261674,127.509020726015
192.92743839812,129.76847081187
194.540852966344,130.898195854797
195.347560250455,131.463058376261
195.347560250455,131.463058376261

Velocities: 11
0,3
0,5
0,9
0,0
0,0
-5,0
0,-7
-4,0
-2,0
-1,0
0,0

InverseVelocities: 11
0,0
0,0
0,0
0,0
0,0
0,0
0,0
0,0
0,0
0,0
0,0
