GestureName: swipe_down
Duration(ms): 423
Handedness: right

SpeakerAngles: 2
55
-55

InterpretedPoints: 9
0,-1.12972504292725
0.806707284111599,-7.34321277902711
-3.22682913644639,-4.51890017170899
8.06707284111599,-5.64862521463624
8.06707284111599,-5.64862521463624
7.26036555700439,-5.08376269317261
0.806707284111599,-6.21348773609986
-1.6134145682232,-1.12972504292725
0,0

StrokePoints: 10
177.6,130.333333333333
177.6,131.463058376261
176.793292715888,138.806271155288
180.020121852335,143.325171326997
171.953049011219,148.973796541633
163.885976170103,154.622421756269
156.625610613099,159.706184449442
155.818903328987,165.919672185542
157.43231789721,167.049397228469
157.43231789721,167.049397228469

Velocities: 9
-1,-1
-6,-7
-6,-2
0,-10
0,-10
0,-9
-5,-6
-2,0
0,0

InverseVelocities: 9
0,0
0,0
0,0
0,0
0,0
0,0
0,0
0,0
0,0
