GestureName: swipe_left
Duration(ms): 517
Handedness: right

SpeakerAngles: 2
55
-55

InterpretedPoints: 11
2.4201218523348,1.69458756439087
3.2268291364464,2.25945008585449
3.2268291364464,2.25945008585449
0,0
0,0
2.4201218523348,1.69458756439087
5.64695098878119,-3.95403765024536
6.45365827289279,-4.51890017170899
5.64695098878119,-3.95403765024536
4.84024370466959,-3.38917512878174
0,0

StrokePoints: 12
177.6,130.333333333333
175.179878147665,128.638745768942
171.953049011219,126.379295683088
168.726219874773,124.119845597233
168.726219874773,124.119845597233
168.726219874773,124.119845597233
166.306098022438,122.425258032843
160.659147033657,126.379295683088
154.205488760764,130.898195854797
148.558537771983,134.852233505042
143.718294067313,138.241408633824
143.718294067313,138.241408633824

Velocities: 11
3,0
4,0
4,0
0,0
0,0
3,0
0,-7
0,-8
0,-7
0,-6
0,0

InverseVelocities: 11
0,0
0,0
0,0
0,0
0,0
0,0
0,0
0,0
0,0
0,0
0,0
