GestureName: swipe_left
Duration(ms): 517
Handedness: right

SpeakerAngles: 2
55
-55

InterpretedPoints: 11
0.806707284111599,0.564862521463623
2.4201218523348,1.69458756439087
5.64695098878119,3.95403765024536
8.87378012522759,6.21348773609986
0,0
0,0
9.68048740933918,-6.77835025756348
8.06707284111599,-5.64862521463624
3.2268291364464,-2.25945008585449
1.6134145682232,-1.12972504292725
0,0

StrokePoints: 12
177.6,130.333333333333
176.793292715888,129.76847081187
174.373170863554,128.073883247479
168.726219874772,124.119845597233
159.852439749545,117.906357861134
159.852439749545,117.906357861134
159.852439749545,117.906357861134
150.171952340206,124.684708118697
142.10487949909,130.333333333333
138.878050362643,132.592783419188
137.26463579442,133.722508462115
137.26463579442,133.722508462115

Velocities: 11
1,0
3,0
7,0
11,0
0,0
0,0
0,-12
0,-10
0,-4
0,-2
0,0

InverseVelocities: 11
0,0
0,0
0,0
0,0
0,0
0,0
0,0
0,0
0,0
0,0
0,0
