GestureName: swipe_left
Duration(ms): 564
Handedness: right

SpeakerAngles: 2
55
-55

InterpretedPoints: 12
2.4201218523348,3.95403765024536
4.03353642055799,2.82431260731812
0,0
4.03353642055799,2.82431260731812
4.03353642055799,1.69458756439087
6.45365827289279,1.12972504292725
8.87378012522759,-5.08376269317261
8.06707284111599,-5.64862521463624
7.26036555700439,-5.08376269317261
4.03353642055799,-2.82431260731812
2.4201218523348,-1.69458756439087
0,0

StrokePoints: 13
177.6,130.333333333333
175.179878147665,126.379295683088
171.146341727107,123.55498307577
171.146341727107,123.55498307577
167.112805306549,120.730670468452
163.079268885991,119.036082904061
156.625610613099,117.906357861134
147.751830487871,122.990120554306
139.684757646755,128.638745768942
132.424392089751,133.722508462115
128.390855669193,136.546821069433
125.970733816858,138.241408633824
125.970733816858,138.241408633824

Velocities: 12
5,2
5,0
0,0
5,0
4,-1
5,-3
1,-10
0,-10
0,-9
0,-5
0,-3
0,0

InverseVelocities: 12
0,0
0,0
0,0
0,0
0,0
0,0
0,0
0,0
0,0
0,0
0,0
0,0
