GestureName: swipe_right
Duration(ms): 329
Handedness: right

SpeakerAngles: 2
55
-55

InterpretedPoints: 7
0.806707284111599,0.564862521463623
0.806707284111599,0.564862521463623
-0.806707284111599,2.82431260731812
-2.4201218523348,1.69458756439087
-5.64695098878119,6.21348773609986
-5.64695098878119,3.95403765024536
0,0

StrokePoints: 8
177.6,130.333333333333
176.793292715888,129.76847081187
175.986585431777,129.203608290406
176.793292715888,126.379295683088
179.213414568223,124.684708118697
184.860365557004,118.471220382597
190.507316545786,114.517182732352
190.507316545786,114.517182732352

Velocities: 7
1,0
1,0
2,3
0,3
2,9
0,7
0,0

InverseVelocities: 7
0,0
0,0
0,0
0,0
0,0
0,0
0,0
