GestureName: swipe_left
Duration(ms): 376
Handedness: right

SpeakerAngles: 2
55
-55

InterpretedPoints: 8
4.03353642055799,2.82431260731812
4.03353642055799,2.82431260731812
2.4201218523348,1.69458756439087
0,0
0,0
1.6134145682232,-1.12972504292725
0.806707284111599,-0.564862521463623
0,0

StrokePoints: 9
177.6,130.333333333333
173.566463579442,127.509020726015
169.532927158884,124.684708118697
167.112805306549,122.990120554306
167.112805306549,122.990120554306
167.112805306549,122.990120554306
165.499390738326,124.119845597233
164.692683454214,124.684708118697
164.692683454214,124.684708118697

Velocities: 8
5,0
5,0
3,0
0,0
0,0
0,-2
0,-1
0,0

InverseVelocities: 8
0,0
0,0
0,0
0,0
0,0
0,0
0,0
0,0
