GestureName: swipe_up
Duration(ms): 376
Handedness: right

SpeakerAngles: 2
55
-55

InterpretedPoints: 8
-0.806707284111599,2.82431260731812
0,6.77835025756348
1.6134145682232,10.1675253863452
9.68048740933918,6.77835025756348
9.68048740933918,6.77835025756348
-1.6134145682232,3.38917512878174
0,1.12972504292725
0,0

StrokePoints: 9
177.6,130.333333333333
178.406707284112,127.509020726015
178.406707284112,120.730670468452
176.793292715888,110.563145082107
167.112805306549,103.784794824543
157.43231789721,97.0064445669795
159.045732465433,93.6172694381978
159.045732465433,92.4875443952705
159.045732465433,92.4875443952705

Velocities: 8
2,3
6,6
10,8
12,0
12,0
2,4
1,1
0,0

InverseVelocities: 8
0,0
0,0
0,0
0,0
0,0
0,0
0,0
0,0
