GestureName: swipe_down
Duration(ms): 235
Handedness: right

SpeakerAngles: 2
55
-55

InterpretedPoints: 5
0.806707284111599,-3.95403765024536
5.64695098878119,-3.95403765024536
-0.806707284111598,-12.9918379936633
8.06707284111599,-5.64862521463624
0,0

StrokePoints: 6
177.6,130.333333333333
176.793292715888,134.287370983579
171.146341727107,138.241408633824
171.953049011219,151.233246627487
163.885976170103,156.881871842124
163.885976170103,156.881871842124

Velocities: 5
-3,-4
0,-7
-12,-11
0,-10
0,0

InverseVelocities: 5
0,0
0,0
0,0
0,0
0,0
