GestureName: swipe_down
Duration(ms): 376
Handedness: right

SpeakerAngles: 2
55
-55

InterpretedPoints: 8
0,-1.12972504292725
1.6134145682232,-5.64862521463624
0,-9.03780034341798
-6.45365827289279,-4.51890017170899
-5.64695098878119,-3.95403765024536
0,-7.90807530049073
-0.806707284111599,-6.21348773609986
0,0

StrokePoints: 9
177.6,130.333333333333
177.6,131.463058376261
175.986585431777,137.111683590897
175.986585431777,146.149483934315
182.44024370467,150.668384106024
188.087194693451,154.622421756269
188.087194693451,162.53049705676
188.893901977562,168.74398479286
188.893901977562,168.74398479286

Velocities: 8
-1,-1
-4,-6
-8,-8
-8,0
-7,0
-7,-7
-6,-5
0,0

InverseVelocities: 8
0,0
0,0
0,0
0,0
0,0
0,0
0,0
0,0
