GestureName: swipe_right
Duration(ms): 564
Handedness: right

SpeakerAngles: 2
55
-55

InterpretedPoints: 12
-1.6134145682232,1.12972504292725
-3.2268291364464,2.25945008585449
-3.22682913644639,5.64862521463624
-9.68048740933918,6.77835025756348
-8.87378012522759,6.21348773609986
0,0
0,0
0,0
-9.68048740933918,-6.77835025756348
-8.06707284111599,-5.64862521463624
-2.4201218523348,-2.82431260731812
0,0

StrokePoints: 13
177.6,130.333333333333
179.213414568223,129.203608290406
182.44024370467,126.944158204552
185.667072841116,121.295532989915
195.347560250455,114.517182732352
204.221340375683,108.303694996252
204.221340375683,108.303694996252
204.221340375683,108.303694996252
204.221340375683,108.303694996252
213.901827785022,115.082045253815
221.968900626138,120.730670468452
224.389022478473,123.55498307577
224.389022478473,123.55498307577

Velocities: 12
0,2
0,4
3,7
0,12
0,11
0,0
0,0
0,0
-12,0
-10,0
-4,-1
0,0

InverseVelocities: 12
0,0
0,0
0,0
0,0
0,0
0,0
0,0
0,0
0,0
0,0
0,0
0,0
