GestureName: swipe_left
Duration(ms): 846
Handedness: right

SpeakerAngles: 2
55
-55

InterpretedPoints: 18
-0.806707284111599,0.564862521463623
0,0
0,0
0.806707284111599,0.564862521463623
0,0
0.806707284111599,0.564862521463623
1.6134145682232,1.12972504292725
0.806707284111599,0.564862521463623
0.806707284111599,0.564862521463623
0.806707284111599,0.564862521463623
0.806707284111599,1.69458756439087
1.6134145682232,1.12972504292725
0,0
0,0
8.06707284111599,-5.64862521463624
9.68048740933918,-6.77835025756348
3.2268291364464,-2.25945008585449
0,0

StrokePoints: 19
177.6,130.333333333333
178.406707284112,129.76847081187
178.406707284112,129.76847081187
178.406707284112,129.76847081187
177.6,129.203608290406
177.6,129.203608290406
176.793292715888,128.638745768942
175.179878147665,127.509020726015
174.373170863554,126.944158204552
173.566463579442,126.379295683088
172.75975629533,125.814433161624
171.953049011219,124.119845597233
170.339634442996,122.990120554306
170.339634442996,122.990120554306
170.339634442996,122.990120554306
162.27256160188,128.638745768942
152.59207419254,135.417096026506
149.365245056094,137.67654611236
149.365245056094,137.67654611236

Velocities: 18
0,1
0,0
0,0
1,0
0,0
1,0
2,0
1,0
1,0
1,0
2,1
2,0
0,0
0,0
0,-10
0,-12
0,-4
0,0

InverseVelocities: 18
0,0
0,0
0,0
0,0
0,0
0,0
0,0
0,0
0,0
0,0
0,0
0,0
0,0
0,0
0,0
0,0
0,0
0,0
