GestureName: swipe_up
Duration(ms): 423
Handedness: right

SpeakerAngles: 2
55
-55

InterpretedPoints: 9
-3.2268291364464,2.25945008585449
0,0
0,0
0,0
0.806707284111598,12.9918379936633
6.45365827289279,4.51890017170899
-1.6134145682232,2.25945008585449
-0.806707284111599,0.564862521463623
0,0

StrokePoints: 10
177.6,130.333333333333
180.826829136446,128.073883247479
180.826829136446,128.073883247479
180.826829136446,128.073883247479
180.826829136446,128.073883247479
180.020121852335,115.082045253816
173.566463579442,110.563145082107
175.179878147665,108.303694996252
175.986585431777,107.738832474788
175.986585431777,107.738832474788

Velocities: 9
0,4
0,0
0,0
0,0
12,11
8,0
1,3
0,1
0,0

InverseVelocities: 9
0,0
0,0
0,0
0,0
0,0
0,0
0,0
0,0
0,0
