GestureName: swipe_right
Duration(ms): 470
Handedness: right

SpeakerAngles: 2
55
-55

InterpretedPoints: 10
0.806707284111599,0.564862521463623
-1.6134145682232,2.25945008585449
-2.4201218523348,3.95403765024536
-3.22682913644639,4.51890017170899
-8.06707284111599,5.64862521463624
0,0
-7.26036555700439,5.08376269317261
0,0
5.64695098878119,-3.95403765024536
0,0

StrokePoints: 11
177.6,130.333333333333
176.793292715888,129.76847081187
178.406707284112,127.509020726015
180.826829136446,123.55498307577
184.053658272893,119.036082904061
192.120731114009,113.387457689425
192.120731114009,113.387457689425
199.381096671013,108.303694996252
199.381096671013,108.303694996252
193.734145682232,112.257732646497
193.734145682232,112.257732646497

Velocities: 10
1,0
1,3
2,5
2,6
0,10
0,0
0,9
0,0
0,-7
0,0

InverseVelocities: 10
0,0
0,0
0,0
0,0
0,0
0,0
0,0
0,0
0,0
0,0
