GestureName: swipe_left
Duration(ms): 611
Handedness: right

SpeakerAngles: 2
55
-55

InterpretedPoints: 13
0.806707284111599,0.564862521463623
-0.806707284111599,0.564862521463623
-0.806707284111599,0.564862521463623
0.806707284111599,0.564862521463623
0,2.25945008585449
-1.6134145682232,1.12972504292725
0,0
17.7475602504552,0
0,0
9.68048740933918,-6.77835025756348
5.64695098878119,-3.95403765024536
3.2268291364464,-2.25945008585449
0,0

StrokePoints: 14
177.6,130.333333333333
176.793292715888,129.76847081187
177.6,129.203608290406
178.406707284112,128.638745768942
177.6,128.073883247479
177.6,125.814433161624
179.213414568223,124.684708118697
179.213414568223,124.684708118697
161.465854317768,124.684708118697
161.465854317768,124.684708118697
151.785366908429,131.463058376261
146.138415919648,135.417096026506
142.911586783201,137.67654611236
142.911586783201,137.67654611236

Velocities: 13
1,0
0,1
0,1
1,0
2,2
0,2
0,0
11,-11
0,0
0,-12
0,-7
0,-4
0,0

InverseVelocities: 13
0,0
0,0
0,0
0,0
0,0
0,0
0,0
0,0
0,0
0,0
0,0
0,0
0,0
