GestureName: swipe_right
Duration(ms): 470
Handedness: right

SpeakerAngles: 2
55
-55

InterpretedPoints: 10
-0.806707284111599,0.564862521463623
-2.4201218523348,1.69458756439087
-4.84024370466959,3.38917512878174
-9.68048740933918,6.77835025756348
-9.68048740933918,6.77835025756348
0,0
0,0
-9.68048740933918,-6.77835025756348
-6.45365827289279,-4.51890017170899
0,0

StrokePoints: 11
177.6,130.333333333333
178.406707284112,129.76847081187
180.826829136446,128.073883247479
185.667072841116,124.684708118697
195.347560250455,117.906357861134
205.028047659794,111.12800760357
205.028047659794,111.12800760357
205.028047659794,111.12800760357
214.708535069134,117.906357861134
221.162193342026,122.425258032843
221.162193342026,122.425258032843

Velocities: 10
0,1
0,3
0,6
0,12
0,12
0,0
0,0
-12,0
-8,0
0,0

InverseVelocities: 10
0,0
0,0
0,0
0,0
0,0
0,0
0,0
0,0
0,0
0,0
