GestureName: swipe_up
Duration(ms): 423
Handedness: right

SpeakerAngles: 2
55
-55

InterpretedPoints: 9
2.4201218523348,1.69458756439087
0,0
0,11.2972504292725
0.806707284111599,11.8621129507361
-1.6134145682232,12.4269754721997
-0.806707284111599,7.34321277902711
-3.2268291364464,2.25945008585449
-0.806707284111599,0.564862521463623
0,0

StrokePoints: 10
177.6,130.333333333333
175.179878147665,128.638745768942
175.179878147665,128.638745768942
175.179878147665,117.34149533967
174.373170863554,105.479382388934
175.986585431777,93.0524069167342
176.793292715888,85.7091941377071
180.020121852335,83.4497440518526
180.826829136446,82.884881530389
180.826829136446,82.884881530389

Velocities: 9
3,0
0,0
10,10
11,10
10,12
6,7
0,4
0,1
0,0

InverseVelocities: 9
0,0
0,0
0,0
0,0
0,0
0,0
0,0
0,0
0,0
