GestureName: swipe_up
Duration(ms): 376
Handedness: right

SpeakerAngles: 2
55
-55

InterpretedPoints: 8
-4.84024370466959,3.38917512878174
0,0
0.806707284111599,11.8621129507361
-0.806707284111598,12.9918379936633
-0.806707284111599,11.8621129507361
-2.4201218523348,2.82431260731812
-0.806707284111599,0.564862521463623
0,0

StrokePoints: 9
177.6,130.333333333333
182.44024370467,126.944158204552
182.44024370467,126.944158204552
181.633536420558,115.082045253816
182.44024370467,102.090207260152
183.246950988781,90.2280943094161
185.667072841116,87.403781702098
186.473780125228,86.8389191806343
186.473780125228,86.8389191806343

Velocities: 8
0,6
0,0
11,10
11,12
10,11
1,4
0,1
0,0

InverseVelocities: 8
0,0
0,0
0,0
0,0
0,0
0,0
0,0
0,0
