GestureName: tap_up
Duration(ms): 705
Handedness: right

SpeakerAngles: 2
55
-55

InterpretedPoints: 15
7.26036555700439,8.47293782195435
0,13.556700515127
-9.68048740933918,6.77835025756348
-4.84024370466959,3.38917512878174
0,0
0,0
0.806707284111599,-1.69458756439087
0.806707284111599,-6.21348773609986
1.6134145682232,-10.1675253863452
0.806707284111598,-12.9918379936633
0,-13.556700515127
-1.6134145682232,-12.4269754721997
0,0
-3.2268291364464,-2.25945008585449
0,0

StrokePoints: 16
177.6,130.333333333333
170.339634442996,121.860395511379
170.339634442996,108.303694996252
180.020121852335,101.525344738689
184.860365557004,98.1361696099068
184.860365557004,98.1361696099068
184.860365557004,98.1361696099068
184.053658272893,99.8307571742977
183.246950988781,106.044244910398
181.633536420558,116.211770296743
180.826829136446,129.203608290406
180.826829136446,142.760308805533
182.44024370467,155.187284277733
182.44024370467,155.187284277733
185.667072841116,157.446734363587
185.667072841116,157.446734363587

Velocities: 15
12,3
12,12
0,12
0,6
0,0
0,0
-1,-2
-5,-6
-8,-10
-11,-12
-12,-12
-12,-10
0,0
-4,0
0,0

InverseVelocities: 15
0,0
0,0
0,0
0,0
0,0
0,0
0,0
0,0
0,0
0,0
0,0
0,0
0,0
0,0
0,0
