GestureName: tap_down
Duration(ms): 893
Handedness: right

SpeakerAngles: 2
55
-55

InterpretedPoints: 19
0.806707284111599,-0.564862521463623
4.03353642055799,-7.34321277902711
0,-13.556700515127
0,-13.556700515127
0,-13.556700515127
2.4201218523348,-7.34321277902711
-1.6134145682232,-4.51890017170899
0,0
0.806707284111599,0.564862521463623
3.2268291364464,2.25945008585449
-0.806707284111599,7.34321277902711
0.806707284111599,9.6026628648816
-0.806707284111599,10.7323879078088
-0.806707284111598,12.9918379936633
-0.806707284111598,12.9918379936633
1.6134145682232,10.1675253863452
-2.4201218523348,5.08376269317261
-0.806707284111599,0.564862521463623
0,0

StrokePoints: 20
177.6,130.333333333333
176.793292715888,130.898195854797
172.75975629533,138.241408633824
172.75975629533,151.798109148951
172.75975629533,165.354809664078
172.75975629533,178.911510179205
170.339634442996,186.254722958232
171.953049011219,190.773623129941
171.953049011219,190.773623129941
171.146341727107,190.208760608477
167.919512590661,187.949310522623
168.726219874772,180.606097743596
167.919512590661,171.003434878714
168.726219874772,160.271046970905
169.532927158884,147.279208977242
170.339634442996,134.287370983579
168.726219874773,124.119845597233
171.146341727107,119.036082904061
171.953049011219,118.471220382597
171.953049011219,118.471220382597

Velocities: 19
0,-1
-4,-9
-12,-12
-12,-12
-12,-12
-5,-8
-5,-3
0,0
1,0
4,0
6,7
9,8
9,10
11,12
11,12
10,8
3,6
0,1
0,0

InverseVelocities: 19
0,0
0,0
0,0
0,0
0,0
0,0
0,0
0,0
0,0
0,0
0,0
0,0
0,0
0,0
0,0
0,0
0,0
0,0
0,0
