GestureName: tap_down
Duration(ms): 705
Handedness: right

SpeakerAngles: 2
55
-55

InterpretedPoints: 15
-4.03353642055799,-2.82431260731812
6.45365827289279,-9.03780034341798
1.6134145682232,-12.4269754721997
9.68048740933918,-6.77835025756348
8.06707284111599,-5.64862521463624
0,0
0,0
-2.4201218523348,1.69458756439087
0,0
0,13.556700515127
9.68048740933918,6.77835025756348
0,13.556700515127
-0.806707284111599,11.8621129507361
-5.64695098878119,3.95403765024536
0,0

StrokePoints: 16
177.6,130.333333333333
181.633536420558,133.157645940651
175.179878147665,142.195446284069
173.566463579442,154.622421756269
163.885976170103,161.400772013833
155.818903328987,167.049397228469
155.818903328987,167.049397228469
155.818903328987,167.049397228469
158.239025181322,165.354809664078
158.239025181322,165.354809664078
158.239025181322,151.798109148951
148.558537771983,145.019758891388
148.558537771983,131.463058376261
149.365245056094,119.600945425525
155.012196044875,115.646907775279
155.012196044875,115.646907775279

Velocities: 15
-5,0
-4,-12
-10,-12
0,-12
0,-10
0,0
0,0
0,3
0,0
12,12
12,0
12,12
10,11
0,7
0,0

InverseVelocities: 15
0,0
0,0
0,0
0,0
0,0
0,0
0,0
0,0
0,0
0,0
0,0
0,0
0,0
0,0
0,0
