GestureName: tap_right
Duration(ms): 940
Handedness: right

SpeakerAngles: 2
55
-55

InterpretedPoints: 20
-0.806707284111599,0.564862521463623
-2.4201218523348,1.69458756439087
-3.2268291364464,2.25945008585449
-5.64695098878119,3.95403765024536
-12.100609261674,-0.564862521463623
-8.87378012522759,-6.21348773609986
0,0
0,0
0.806707284111599,-0.564862521463623
0,0
-2.4201218523348,1.69458756439087
0,0
0,0
8.06707284111599,5.64862521463624
12.100609261674,-0.564862521463623
11.2939019775624,-3.38917512878174
8.87378012522759,-5.08376269317261
5.64695098878119,-3.95403765024536
0.806707284111599,-0.564862521463623
0,0

StrokePoints: 21
177.6,130.333333333333
178.406707284112,129.76847081187
180.826829136446,128.073883247479
184.053658272893,125.814433161624
189.700609261674,121.860395511379
201.801218523348,122.425258032843
210.674998648576,128.638745768942
210.674998648576,128.638745768942
210.674998648576,128.638745768942
209.868291364464,129.203608290406
209.868291364464,129.203608290406
212.288413216799,127.509020726015
212.288413216799,127.509020726015
212.288413216799,127.509020726015
204.221340375683,121.860395511379
192.120731114009,122.425258032843
180.826829136446,125.814433161624
171.953049011219,130.898195854797
166.306098022438,134.852233505042
165.499390738326,135.417096026506
165.499390738326,135.417096026506

Velocities: 20
0,1
0,3
0,4
0,7
-8,7
-11,0
0,0
0,0
0,-1
0,0
0,3
0,0
0,0
10,0
7,-8
4,-10
1,-10
0,-7
0,-1
0,0

InverseVelocities: 20
0,0
0,0
0,0
0,0
0,0
0,0
0,0
0,0
0,0
0,0
0,0
0,0
0,0
0,0
0,0
0,0
0,0
0,0
0,0
0,0
