GestureName: tap_down
Duration(ms): 752
Handedness: right

SpeakerAngles: 2
55
-55

InterpretedPoints: 16
0.806707284111599,-2.82431260731812
6.45365827289279,-7.90807530049073
9.68048740933918,-6.77835025756348
0,0
8.87378012522759,-6.21348773609986
1.6134145682232,-9.03780034341798
-0.806707284111599,-6.21348773609986
-1.6134145682232,-1.12972504292725
2.4201218523348,1.69458756439087
0,0
0,0
0,0
0,13.556700515127
-2.4201218523348,11.8621129507361
-2.4201218523348,1.69458756439087
0,0

StrokePoints: 17
177.6,130.333333333333
176.793292715888,133.157645940651
170.339634442996,141.065721241142
160.659147033656,147.844071498706
160.659147033656,147.844071498706
151.785366908429,154.057559234806
150.171952340206,163.095359578224
150.978659624317,169.308847314323
152.592074192541,170.438572357251
150.171952340206,168.74398479286
150.171952340206,168.74398479286
150.171952340206,168.74398479286
150.171952340206,168.74398479286
150.171952340206,155.187284277733
152.592074192541,143.325171326997
155.012196044875,141.630583762606
155.012196044875,141.630583762606

Velocities: 16
-2,-3
-3,-11
0,-12
0,0
0,-11
-7,-9
-6,-5
-2,0
3,0
0,0
0,0
0,0
12,12
9,12
0,3
0,0

InverseVelocities: 16
0,0
0,0
0,0
0,0
0,0
0,0
0,0
0,0
0,0
0,0
0,0
0,0
0,0
0,0
0,0
0,0
