GestureName: tap_up
Duration(ms): 752
Handedness: right

SpeakerAngles: 2
55
-55

InterpretedPoints: 16
0.806707284111599,8.47293782195435
-9.68048740933918,6.77835025756348
-9.68048740933918,6.77835025756348
-1.6134145682232,12.4269754721997
-0.806707284111599,10.7323879078088
-0.806707284111599,0.564862521463623
0,0
0,0
0.806707284111599,-3.95403765024536
4.03353642055799,-10.7323879078088
-1.6134145682232,-12.4269754721997
8.06707284111599,-5.64862521463624
8.06707284111599,-5.64862521463624
4.03353642055799,-2.82431260731812
-0.806707284111599,-2.82431260731812
0,0

StrokePoints: 17
177.6,130.333333333333
176.793292715888,121.860395511379
186.473780125228,115.082045253815
196.154267534567,108.303694996252
197.76768210279,95.8767195240523
198.574389386902,85.1443316162434
199.381096671013,84.5794690947798
199.381096671013,84.5794690947798
199.381096671013,84.5794690947798
198.574389386902,88.5335067450252
194.540852966344,99.265894652834
196.154267534567,111.692870125034
188.087194693451,117.34149533967
180.020121852335,122.990120554306
175.986585431777,125.814433161624
176.793292715888,128.638745768942
176.793292715888,128.638745768942

Velocities: 16
8,7
0,12
0,12
10,12
9,10
0,1
0,0
0,0
-3,-4
-7,-12
-12,-10
0,-10
0,-10
0,-5
-3,-2
0,0

InverseVelocities: 16
0,0
0,0
0,0
0,0
0,0
0,0
0,0
0,0
0,0
0,0
0,0
0,0
0,0
0,0
0,0
0,0
