GestureName: tap_left
Duration(ms): 611
Handedness: right

SpeakerAngles: 2
55
-55

InterpretedPoints: 13
7.26036555700439,5.08376269317261
9.68048740933918,6.77835025756348
0,0
9.68048740933918,-6.77835025756348
9.68048740933918,-6.77835025756348
4.03353642055799,-2.82431260731812
0,0
-2.4201218523348,1.69458756439087
-9.68048740933918,6.77835025756348
-8.06707284111599,7.90807530049073
0,0
-6.45365827289279,-4.51890017170899
0,0

StrokePoints: 14
177.6,130.333333333333
170.339634442996,125.249570640161
160.659147033657,118.471220382597
160.659147033657,118.471220382597
150.978659624317,125.249570640161
141.298172214978,132.027920897724
137.26463579442,134.852233505042
137.26463579442,134.852233505042
139.684757646755,133.157645940651
149.365245056094,126.379295683088
157.43231789721,118.471220382597
157.43231789721,118.471220382597
163.885976170103,122.990120554306
163.885976170103,122.990120554306

Velocities: 13
9,0
12,0
0,0
0,-12
0,-12
0,-5
0,0
0,3
0,12
2,12
0,0
-8,0
0,0

InverseVelocities: 13
0,0
0,0
0,0
0,0
0,0
0,0
0,0
0,0
0,0
0,0
0,0
0,0
0,0
