GestureName: tap_down
Duration(ms): 752
Handedness: right

SpeakerAngles: 2
55
-55

InterpretedPoints: 16
0.806707284111599,-0.564862521463623
4.84024370466959,-3.38917512878174
2.4201218523348,-9.6026628648816
2.4201218523348,-10.7323879078088
3.2268291364464,-10.1675253863452
7.26036555700439,-5.08376269317261
6.45365827289279,-4.51890017170899
3.2268291364464,-2.25945008585449
0,0
-8.06707284111599,5.64862521463624
0,13.556700515127
0,0
-1.6134145682232,12.4269754721997
-6.45365827289279,7.90807530049073
-4.03353642055799,5.08376269317261
0,0

StrokePoints: 17
177.6,130.333333333333
176.793292715888,130.898195854797
171.953049011219,134.287370983579
169.532927158884,143.89003384846
167.112805306549,154.622421756269
163.885976170103,164.789947142614
156.625610613099,169.873709835787
150.171952340206,174.392610007496
146.945123203759,176.652060093351
146.945123203759,176.652060093351
155.012196044875,171.003434878714
155.012196044875,157.446734363587
155.012196044875,157.446734363587
156.625610613099,145.019758891388
163.079268885991,137.111683590897
167.112805306549,132.027920897724
167.112805306549,132.027920897724

Velocities: 16
0,-1
0,-6
-7,-10
-8,-11
-7,-11
0,-9
0,-8
0,-4
0,0
0,10
12,12
0,0
10,12
3,11
2,7
0,0

InverseVelocities: 16
0,0
0,0
0,0
0,0
0,0
0,0
0,0
0,0
0,0
0,0
0,0
0,0
0,0
0,0
0,0
0,0
