GestureName: tap_right
Duration(ms): 940
Handedness: right

SpeakerAngles: 2
55
-55

InterpretedPoints: 20
-1.6134145682232,1.12972504292725
-4.03353642055799,2.82431260731812
-6.45365827289279,4.51890017170899
-9.68048740933919,2.25945008585449
-16.134145682232,-2.2594500858545
-9.68048740933918,-6.77835025756348
0,0
-6.45365827289279,-4.51890017170899
1.6134145682232,-1.12972504292725
0,0
-3.2268291364464,2.25945008585449
-3.2268291364464,2.25945008585449
7.26036555700439,5.08376269317261
7.26036555700439,5.08376269317261
7.26036555700439,1.69458756439087
8.87378012522759,-0.564862521463624
8.87378012522759,-0.564862521463624
3.2268291364464,-2.25945008585449
1.6134145682232,-1.12972504292725
0,0

StrokePoints: 21
177.6,130.333333333333
179.213414568223,129.203608290406
183.246950988781,126.379295683088
189.700609261674,121.860395511379
199.381096671013,119.600945425524
215.515242353245,121.860395511379
225.195729762584,128.638745768942
225.195729762584,128.638745768942
231.649388035477,133.157645940651
230.035973467254,134.287370983579
230.035973467254,134.287370983579
233.2628026037,132.027920897724
236.489631740147,129.76847081187
229.229266183142,124.684708118697
221.968900626138,119.600945425524
214.708535069134,117.906357861134
205.834754943906,118.471220382597
196.960974818678,119.036082904061
193.734145682232,121.295532989915
192.120731114009,122.425258032843
192.120731114009,122.425258032843

Velocities: 20
0,2
0,5
0,8
-4,8
-12,8
-12,0
0,0
-8,0
0,-2
0,0
0,4
0,4
9,0
9,0
6,-3
5,-6
5,-6
0,-4
0,-2
0,0

InverseVelocities: 20
0,0
0,0
0,0
0,0
0,0
0,0
0,0
0,0
0,0
0,0
0,0
0,0
0,0
0,0
0,0
0,0
0,0
0,0
0,0
0,0
