GestureName: tap_up
Duration(ms): 799
Handedness: right

SpeakerAngles: 2
55
-55

InterpretedPoints: 17
1.6134145682232,1.12972504292725
3.2268291364464,2.25945008585449
8.87378012522759,6.21348773609986
9.68048740933918,6.77835025756348
9.68048740933918,6.77835025756348
0,13.556700515127
-7.26036555700439,8.47293782195435
-0.806707284111599,0.564862521463623
0,0
2.4201218523348,-1.69458756439087
4.84024370466959,-4.51890017170899
0.806707284111599,-6.21348773609986
-2.4201218523348,-11.8621129507361
9.68048740933918,-6.77835025756348
8.06707284111599,-5.64862521463624
7.26036555700439,-5.08376269317261
0,0

StrokePoints: 18
177.6,130.333333333333
175.986585431777,129.203608290406
172.759756295331,126.944158204552
163.885976170103,120.730670468452
154.205488760764,113.952320210888
144.525001351425,107.173969953325
144.525001351425,93.6172694381978
151.785366908429,85.1443316162434
152.592074192541,84.5794690947798
152.592074192541,84.5794690947798
150.171952340206,86.2740566591707
145.331708635536,90.7929568308797
144.525001351425,97.0064445669796
146.945123203759,108.868557517716
137.26463579442,115.646907775279
129.197562953304,121.295532989915
121.9371973963,126.379295683088
121.9371973963,126.379295683088

Velocities: 17
2,0
4,0
11,0
12,0
12,0
12,12
3,12
0,1
0,0
0,-3
-1,-7
-5,-6
-12,-9
0,-12
0,-10
0,-9
0,0

InverseVelocities: 17
0,0
0,0
0,0
0,0
0,0
0,0
0,0
0,0
0,0
0,0
0,0
0,0
0,0
0,0
0,0
0,0
0,0
