GestureName: tap_down
Duration(ms): 705
Handedness: right

SpeakerAngles: 2
55
-55

InterpretedPoints: 15
1.6134145682232,-1.12972504292725
2.4201218523348,-10.7323879078088
0,0
0,0
9.68048740933918,-6.77835025756348
0,0
0,0
-0.806707284111599,0.564862521463623
0,0
0,0
0,0
-9.68048740933918,6.77835025756348
-7.26036555700439,5.08376269317261
-0.806707284111599,0.564862521463623
0,0

StrokePoints: 16
177.6,130.333333333333
175.986585431777,131.463058376261
173.566463579442,142.195446284069
173.566463579442,142.195446284069
173.566463579442,142.195446284069
163.885976170103,148.973796541633
163.885976170103,148.973796541633
163.885976170103,148.973796541633
164.692683454215,148.408934020169
164.692683454215,148.408934020169
164.692683454215,148.408934020169
164.692683454215,148.408934020169
174.373170863554,141.630583762606
181.633536420558,136.546821069433
182.44024370467,135.98195854797
182.44024370467,135.98195854797

Velocities: 15
0,-2
-8,-11
0,0
0,0
0,-12
0,0
0,0
0,1
0,0
0,0
0,0
0,12
0,9
0,1
0,0

InverseVelocities: 15
0,0
0,0
0,0
0,0
0,0
0,0
0,0
0,0
0,0
0,0
0,0
0,0
0,0
0,0
0,0
