GestureName: tap_down
Duration(ms): 940
Handedness: right

SpeakerAngles: 2
55
-55

InterpretedPoints: 20
1.6134145682232,-1.12972504292725
0.806707284111599,-3.95403765024536
-0.806707284111599,-7.34321277902711
0.806707284111599,-8.47293782195435
3.2268291364464,-10.1675253863452
2.4201218523348,-10.7323879078088
2.4201218523348,-9.6026628648816
4.03353642055799,-2.82431260731812
-0.806707284111599,-0.564862521463623
0,0
2.4201218523348,1.69458756439087
0,0
0.806707284111599,10.7323879078088
0.806707284111599,11.8621129507361
0,13.556700515127
0,13.556700515127
-0.806707284111599,11.8621129507361
0.806707284111599,3.95403765024536
-1.6134145682232,1.12972504292725
0,0

StrokePoints: 21
177.6,130.333333333333
175.986585431777,131.463058376261
175.179878147665,135.417096026506
175.986585431777,142.760308805533
175.179878147665,151.233246627487
171.953049011219,161.400772013833
169.532927158884,172.133159921642
167.112805306549,181.735822786523
163.079268885991,184.560135393841
163.885976170103,185.124997915305
163.885976170103,185.124997915305
161.465854317768,183.430410350914
161.465854317768,183.430410350914
160.659147033656,172.698022443105
159.852439749545,160.835909492369
159.852439749545,147.279208977242
159.852439749545,133.722508462115
160.659147033656,121.860395511379
159.852439749545,117.906357861134
161.465854317768,116.776632818206
161.465854317768,116.776632818206

Velocities: 20
0,-2
-3,-4
-7,-6
-7,-8
-7,-11
-8,-11
-7,-10
0,-5
-1,0
0,0
3,0
0,0
10,9
11,10
12,12
12,12
10,11
4,3
0,2
0,0

InverseVelocities: 20
0,0
0,0
0,0
0,0
0,0
0,0
0,0
0,0
0,0
0,0
0,0
0,0
0,0
0,0
0,0
0,0
0,0
0,0
0,0
0,0
