GestureName: tap_right
Duration(ms): 940
Handedness: right

SpeakerAngles: 2
55
-55

InterpretedPoints: 20
-0.806707284111599,0.564862521463623
-3.2268291364464,2.25945008585449
-2.4201218523348,1.69458756439087
-8.87378012522759,6.21348773609986
-9.68048740933918,6.77835025756348
-14.5207311140088,-1.12972504292725
-12.100609261674,-5.08376269317261
0,0
0,0
-0.806707284111599,-3.95403765024536
-1.6134145682232,1.12972504292725
-4.84024370466959,3.38917512878174
0,0
0,0
9.68048740933918,6.77835025756348
16.134145682232,0
7.26036555700439,-5.08376269317261
4.84024370466959,-3.38917512878174
1.6134145682232,-1.12972504292725
0,0

StrokePoints: 21
177.6,130.333333333333
178.406707284112,129.76847081187
181.633536420558,127.509020726015
184.053658272893,125.814433161624
192.92743839812,119.600945425524
202.60792580746,112.822595167961
217.128656921468,113.952320210888
229.229266183142,119.036082904061
229.229266183142,119.036082904061
229.229266183142,119.036082904061
230.035973467254,122.990120554306
231.649388035477,121.860395511379
236.489631740147,118.471220382597
236.489631740147,118.471220382597
236.489631740147,118.471220382597
226.809144330808,111.692870125034
210.674998648576,111.692870125034
203.414633091571,116.776632818206
198.574389386902,120.165807946988
196.960974818678,121.295532989915
196.960974818678,121.295532989915

Velocities: 20
0,1
0,4
0,3
0,11
0,12
-10,8
-12,3
0,0
0,0
-4,-3
0,2
0,6
0,0
0,0
12,0
10,-10
0,-9
0,-6
0,-2
0,0

InverseVelocities: 20
0,0
0,0
0,0
0,0
0,0
0,0
0,0
0,0
0,0
0,0
0,0
0,0
0,0
0,0
0,0
0,0
0,0
0,0
0,0
0,0
