GestureName: tap_down
Duration(ms): 893
Handedness: right

SpeakerAngles: 2
55
-55

InterpretedPoints: 19
1.6134145682232,-1.12972504292725
2.4201218523348,-1.69458756439087
-1.6134145682232,-4.51890017170899
5.64695098878119,-3.95403765024536
8.06707284111599,-5.64862521463624
0.806707284111599,-9.6026628648816
6.45365827289279,-5.64862521463624
0,-6.77835025756348
0,0
0,0
0,0
8.06707284111599,5.64862521463624
0,13.556700515127
-9.68048740933918,6.77835025756348
-2.4201218523348,11.8621129507361
-1.6134145682232,10.1675253863452
-0.806707284111599,6.21348773609986
-3.2268291364464,2.25945008585449
0,0

StrokePoints: 20
177.6,130.333333333333
175.986585431777,131.463058376261
173.566463579442,133.157645940651
175.179878147665,137.67654611236
169.532927158884,141.630583762606
161.465854317768,147.279208977242
160.659147033656,156.881871842124
154.205488760764,162.53049705676
154.205488760764,169.308847314323
154.205488760764,169.308847314323
154.205488760764,169.308847314323
154.205488760764,169.308847314323
146.138415919648,163.660222099687
146.138415919648,150.10352158456
155.818903328987,143.325171326997
158.239025181322,131.463058376261
159.852439749545,121.295532989915
160.659147033656,115.082045253816
163.885976170103,112.822595167961
163.885976170103,112.822595167961

Velocities: 19
0,-2
0,-3
-5,-3
0,-7
0,-10
-8,-9
-1,-9
-6,-6
0,0
0,0
0,0
10,0
12,12
0,12
9,12
8,10
5,6
0,4
0,0

InverseVelocities: 19
0,0
0,0
0,0
0,0
0,0
0,0
0,0
0,0
0,0
0,0
0,0
0,0
0,0
0,0
0,0
0,0
0,0
0,0
0,0
