GestureName: tap_left
Duration(ms): 799
Handedness: right

SpeakerAngles: 2
55
-55

InterpretedPoints: 17
1.6134145682232,1.12972504292725
4.84024370466959,3.38917512878174
1.6134145682232,6.77835025756348
0,0
0,0
0,0
9.68048740933918,-6.77835025756348
8.06707284111599,-5.64862521463624
5.64695098878119,-3.95403765024536
0,0
0,0
0,0
-0.806707284111599,0.564862521463623
-0.806707284111599,0.564862521463623
-6.45365827289279,4.51890017170899
-6.45365827289279,4.51890017170899
0,0

StrokePoints: 18
177.6,130.333333333333
175.986585431777,129.203608290406
171.146341727107,125.814433161624
169.532927158884,119.036082904061
169.532927158884,119.036082904061
169.532927158884,119.036082904061
169.532927158884,119.036082904061
159.852439749545,125.814433161624
151.785366908429,131.463058376261
146.138415919648,135.417096026506
146.138415919648,135.417096026506
146.138415919648,135.417096026506
146.138415919648,135.417096026506
146.945123203759,134.852233505042
147.751830487871,134.287370983579
154.205488760764,129.76847081187
160.659147033657,125.249570640161
160.659147033657,125.249570640161

Velocities: 17
2,0
6,0
7,5
0,0
0,0
0,0
0,-12
0,-10
0,-7
0,0
0,0
0,0
0,1
0,1
0,8
0,8
0,0

InverseVelocities: 17
0,0
0,0
0,0
0,0
0,0
0,0
0,0
0,0
0,0
0,0
0,0
0,0
0,0
0,0
0,0
0,0
0,0
