GestureName: tap_right
Duration(ms): 846
Handedness: right

SpeakerAngles: 2
55
-55

InterpretedPoints: 18
-2.4201218523348,1.69458756439087
-3.2268291364464,2.25945008585449
0,0
-11.2939019775624,3.38917512878174
-11.2939019775624,-4.51890017170899
-8.06707284111599,-5.64862521463624
-8.87378012522759,-6.21348773609986
0,0
0,0
0,0
-0.806707284111599,2.82431260731812
6.45365827289279,7.90807530049073
0,0
16.9408529663436,-1.69458756439087
11.2939019775624,-4.51890017170899
4.84024370466959,-3.38917512878174
2.4201218523348,-1.69458756439087
0,0

StrokePoints: 19
177.6,130.333333333333
180.020121852335,128.638745768942
183.246950988781,126.379295683088
183.246950988781,126.379295683088
194.540852966344,122.990120554306
205.834754943906,127.509020726015
213.901827785022,133.157645940651
222.77560791025,139.371133676751
222.77560791025,139.371133676751
222.77560791025,139.371133676751
222.77560791025,139.371133676751
223.582315194361,136.546821069433
217.128656921468,128.638745768942
217.128656921468,128.638745768942
200.187803955125,130.333333333333
188.893901977562,134.852233505042
184.053658272893,138.241408633824
181.633536420558,139.935996198215
181.633536420558,139.935996198215

Velocities: 18
0,3
0,4
0,0
-4,10
-11,3
-10,0
-11,0
0,0
0,0
0,0
2,3
11,3
0,0
9,-12
3,-11
0,-6
0,-3
0,0

InverseVelocities: 18
0,0
0,0
0,0
0,0
0,0
0,0
0,0
0,0
0,0
0,0
0,0
0,0
0,0
0,0
0,0
0,0
0,0
0,0
