GestureName: tap_up
Duration(ms): 799
Handedness: right

SpeakerAngles: 2
55
-55

InterpretedPoints: 17
2.4201218523348,1.69458756439087
4.03353642055799,2.82431260731812
0,11.2972504292725
-9.68048740933918,6.77835025756348
0,0
-2.4201218523348,11.8621129507361
-3.2268291364464,2.25945008585449
-0.806707284111599,0.564862521463623
0,0
0.806707284111599,-5.08376269317261
-0.806707284111599,-11.8621129507361
0.806707284111598,-12.9918379936633
0.806707284111599,-11.8621129507361
-1.6134145682232,-10.1675253863452
0,0
-1.6134145682232,-1.12972504292725
0,0

StrokePoints: 18
177.6,130.333333333333
175.179878147665,128.638745768942
171.146341727107,125.814433161624
171.146341727107,114.517182732352
180.826829136446,107.738832474788
180.826829136446,107.738832474788
183.246950988781,95.8767195240523
186.473780125228,93.6172694381978
187.280487409339,93.0524069167342
187.280487409339,93.0524069167342
186.473780125228,98.1361696099068
187.280487409339,109.998282560643
186.473780125228,122.990120554306
185.667072841116,134.852233505042
187.280487409339,145.019758891388
187.280487409339,145.019758891388
188.893901977562,146.149483934315
188.893901977562,146.149483934315

Velocities: 17
3,0
5,0
10,10
0,12
0,0
9,12
0,4
0,1
0,0
-4,-5
-11,-10
-11,-12
-10,-11
-10,-8
0,0
-2,0
0,0

InverseVelocities: 17
0,0
0,0
0,0
0,0
0,0
0,0
0,0
0,0
0,0
0,0
0,0
0,0
0,0
0,0
0,0
0,0
0,0
