GestureName: tap_down
Duration(ms): 987
Handedness: right

SpeakerAngles: 2
55
-55

InterpretedPoints: 21
0.806707284111599,-0.564862521463623
0.806707284111599,-1.69458756439087
0,-3.38917512878174
0.806707284111599,-6.21348773609986
-0.806707284111599,-7.34321277902711
1.6134145682232,-7.90807530049073
0.806707284111599,-7.34321277902711
3.2268291364464,-2.25945008585449
-0.806707284111599,-1.69458756439087
0,0
0,0
2.4201218523348,1.69458756439087
0,0
6.45365827289279,4.51890017170899
0,11.2972504292725
-0.806707284111599,10.7323879078088
-0.806707284111599,9.6026628648816
-0.806707284111599,9.6026628648816
-4.03353642055799,3.95403765024537
-4.84024370466959,3.38917512878174
0,0

StrokePoints: 22
177.6,130.333333333333
176.793292715888,130.898195854797
175.986585431777,132.592783419188
175.986585431777,135.98195854797
175.179878147665,142.195446284069
175.986585431777,149.538659063097
174.373170863554,157.446734363587
173.566463579442,164.789947142614
170.339634442996,167.049397228469
171.146341727107,168.74398479286
171.146341727107,168.74398479286
171.146341727107,168.74398479286
168.726219874772,167.049397228469
168.726219874772,167.049397228469
162.27256160188,162.53049705676
162.27256160188,151.233246627487
163.079268885991,140.500858719679
163.885976170103,130.898195854797
164.692683454215,121.295532989915
168.726219874773,117.34149533967
173.566463579442,113.952320210888
173.566463579442,113.952320210888

Velocities: 21
0,-1
-1,-2
-3,-3
-5,-6
-7,-6
-6,-8
-6,-7
0,-4
-2,-1
0,0
0,0
3,0
0,0
8,0
10,10
9,10
8,9
8,9
1,6
0,6
0,0

InverseVelocities: 21
0,0
0,0
0,0
0,0
0,0
0,0
0,0
0,0
0,0
0,0
0,0
0,0
0,0
0,0
0,0
0,0
0,0
0,0
0,0
0,0
0,0
