GestureName: tap_down
Duration(ms): 846
Handedness: right

SpeakerAngles: 2
55
-55

InterpretedPoints: 18
-0.806707284111599,-0.564862521463623
3.2268291364464,-6.77835025756348
8.06707284111599,-5.64862521463624
9.68048740933918,-6.77835025756348
9.68048740933918,-6.77835025756348
8.87378012522759,-6.21348773609986
0,0
0,0
0,0
1.6134145682232,1.12972504292725
3.2268291364464,2.25945008585449
0,0
-8.06707284111599,5.64862521463624
0,13.556700515127
9.68048740933918,6.77835025756348
0,0
-4.03353642055799,5.08376269317261
0,0

StrokePoints: 19
177.6,130.333333333333
178.406707284112,130.898195854797
175.179878147665,137.67654611236
167.112805306549,143.325171326997
157.43231789721,150.10352158456
147.751830487871,156.881871842124
138.878050362643,163.095359578224
138.878050362643,163.095359578224
138.878050362643,163.095359578224
138.878050362643,163.095359578224
137.26463579442,161.965634535296
134.037806657974,159.706184449442
134.037806657974,159.706184449442
142.10487949909,154.057559234806
142.10487949909,140.500858719679
132.424392089751,133.722508462115
132.424392089751,133.722508462115
136.457928510309,128.638745768942
136.457928510309,128.638745768942

Velocities: 18
-1,0
-4,-8
0,-10
0,-12
0,-12
0,-11
0,0
0,0
0,0
2,0
4,0
0,0
0,10
12,12
12,0
0,0
2,7
0,0

InverseVelocities: 18
0,0
0,0
0,0
0,0
0,0
0,0
0,0
0,0
0,0
0,0
0,0
0,0
0,0
0,0
0,0
0,0
0,0
0,0
