GestureName: swipe_right
Duration(ms): 658
Handedness: right

SpeakerAngles: 2
55
-55

InterpretedPoints: 14
-0.806707284111599,0.564862521463623
-1.6134145682232,2.25945008585449
-2.4201218523348,2.82431260731812
-0.806707284111599,3.95403765024536
-2.4201218523348,5.08376269317261
-9.68048740933918,0
-8.06707284111599,-3.38917512878174
-6.45365827289279,-4.51890017170899
-5.64695098878119,-3.95403765024536
-4.84024370466959,-3.38917512878174
-4.03353642055799,-2.82431260731812
-2.4201218523348,-1.69458756439087
-0.806707284111599,-0.564862521463623
0,0

StrokePoints: 15
177.6,130.333333333333
178.406707284112,129.76847081187
180.020121852335,127.509020726015
182.44024370467,124.684708118697
183.246950988781,120.730670468452
185.667072841116,115.646907775279
195.347560250455,115.646907775279
203.414633091571,119.036082904061
209.868291364464,123.55498307577
215.515242353245,127.509020726015
220.355486057915,130.898195854797
224.389022478473,133.722508462115
226.809144330808,135.417096026506
227.615851614919,135.98195854797
227.615851614919,135.98195854797

Velocities: 14
0,1
1,3
1,4
3,4
3,6
-6,6
-8,2
-8,0
-7,0
-6,0
-5,0
-3,0
-1,0
0,0

InverseVelocities: 14
0,0
0,0
-2,0
-3,-1
-6,-1
0,-1
0,0
0,0
0,0
0,0
0,0
0,0
0,0
0,0
