GestureName: swipe_left
Duration(ms): 564
Handedness: right

SpeakerAngles: 2
55
-55

InterpretedPoints: 12
0.806707284111599,0.564862521463623
2.4201218523348,1.69458756439087
4.03353642055799,2.82431260731812
4.03353642055799,3.95403765024537
5.64695098878119,2.82431260731812
7.26036555700439,1.69458756439087
5.64695098878119,-0.564862521463623
4.03353642055799,-0.564862521463624
4.03353642055799,-1.69458756439087
4.03353642055799,-5.08376269317261
1.6134145682232,-2.25945008585449
0,0

StrokePoints: 13
177.6,130.333333333333
176.793292715888,129.76847081187
174.373170863554,128.073883247479
170.339634442996,125.249570640161
166.306098022438,121.295532989915
160.659147033656,118.471220382597
153.398781476652,116.776632818206
147.751830487871,117.34149533967
143.718294067313,117.906357861134
139.684757646755,119.600945425524
135.651221226197,124.684708118697
134.037806657974,126.944158204552
134.037806657974,126.944158204552

Velocities: 12
1,0
3,0
5,0
6,1
6,-1
6,-3
3,-4
2,-3
1,-4
-2,-7
-1,-3
0,0

InverseVelocities: 12
0,0
0,0
0,0
0,0
0,0
0,0
0,0
0,2
-3,1
0,0
0,0
0,0
