GestureName: swipe_down
Duration(ms): 470
Handedness: right

SpeakerAngles: 2
55
-55

InterpretedPoints: 10
-0.806707284111599,-0.564862521463623
0.806707284111599,-2.82431260731812
2.4201218523348,-5.08376269317261
0.806707284111599,-7.34321277902711
1.6134145682232,-6.77835025756348
2.4201218523348,-7.34321277902711
1.6134145682232,-5.64862521463624
0.806707284111599,-5.08376269317261
1.6134145682232,-1.12972504292725
0,0

StrokePoints: 11
177.6,130.333333333333
178.406707284112,130.898195854797
177.6,133.722508462115
175.179878147665,138.806271155288
174.373170863554,146.149483934315
172.75975629533,152.927834191878
170.339634442996,160.271046970905
168.726219874772,165.919672185542
167.919512590661,171.003434878714
166.306098022438,172.133159921642
166.306098022438,172.133159921642

Velocities: 10
-1,0
-2,-3
-3,-6
-6,-7
-5,-7
-5,-8
-4,-6
-4,-5
0,-2
0,0

InverseVelocities: 10
0,0
0,0
0,0
0,0
0,0
0,0
0,0
0,0
0,0
0,0
