GestureName: swipe_up
Duration(ms): 470
Handedness: right

SpeakerAngles: 2
55
-55

InterpretedPoints: 10
0.806707284111599,1.69458756439087
-0.806707284111599,5.08376269317261
-2.4201218523348,5.08376269317261
0.806707284111599,7.34321277902711
-0.806707284111599,6.21348773609986
-1.6134145682232,5.64862521463624
0,3.38917512878174
-0.806707284111599,0.564862521463623
-1.6134145682232,2.25945008585449
0,0

StrokePoints: 11
177.6,130.333333333333
176.793292715888,128.638745768942
177.6,123.55498307577
180.020121852335,118.471220382597
179.213414568223,111.12800760357
180.020121852335,104.91451986747
181.633536420558,99.265894652834
181.633536420558,95.8767195240523
182.44024370467,95.3118570025887
184.053658272893,93.0524069167342
184.053658272893,93.0524069167342

Velocities: 10
2,1
4,5
3,6
7,6
5,6
4,6
3,3
0,1
1,3
0,0

InverseVelocities: 10
0,0
0,0
0,0
0,0
0,0
0,0
0,0
0,0
0,0
0,0
