GestureName: swipe_left
Duration(ms): 658
Handedness: right

SpeakerAngles: 2
55
-55

InterpretedPoints: 14
0.806707284111599,0.564862521463623
1.6134145682232,1.12972504292725
2.4201218523348,1.69458756439087
3.2268291364464,2.25945008585449
4.03353642055799,2.82431260731812
1.6134145682232,4.51890017170899
1.6134145682232,3.38917512878174
0.806707284111599,2.82431260731812
0.806707284111599,1.69458756439087
1.6134145682232,-3.38917512878174
1.6134145682232,-2.25945008585449
0.806707284111599,-1.69458756439087
1.6134145682232,-1.12972504292725
0,0

StrokePoints: 15
177.6,130.333333333333
176.793292715888,129.76847081187
175.179878147665,128.638745768942
172.75975629533,126.944158204552
169.532927158884,124.684708118697
165.499390738326,121.860395511379
163.885976170103,117.34149533967
162.27256160188,113.952320210888
161.465854317768,111.12800760357
160.659147033656,109.433420039179
159.045732465433,112.822595167961
157.43231789721,115.082045253815
156.625610613099,116.776632818206
155.012196044875,117.906357861134
155.012196044875,117.906357861134

Velocities: 14
1,0
2,0
3,0
4,0
5,0
5,3
4,2
3,2
2,1
-2,-4
-1,-3
-1,-2
0,-2
0,0

InverseVelocities: 14
0,0
0,0
0,0
0,0
0,0
0,-1
0,-2
0,-4
-2,-3
0,0
0,0
0,0
0,0
0,0
