GestureName: swipe_down
Duration(ms): 658
Handedness: right

SpeakerAngles: 2
55
-55

InterpretedPoints: 14
-0.806707284111599,-0.564862521463623
0,-2.25945008585449
1.6134145682232,-2.25945008585449
1.6134145682232,-6.77835025756348
1.6134145682232,-6.77835025756348
0.806707284111599,-8.47293782195435
0.806707284111599,-7.34321277902711
0.806707284111599,-6.21348773609986
-0.806707284111599,-3.95403765024536
0,-1.12972504292725
0,0
0,0
-0.806707284111599,0.564862521463623
0,0

StrokePoints: 15
177.6,130.333333333333
178.406707284112,130.898195854797
178.406707284112,133.157645940651
176.793292715888,135.417096026506
175.179878147665,142.195446284069
173.566463579442,148.973796541633
172.759756295331,157.446734363587
171.953049011219,164.789947142614
171.146341727107,171.003434878714
171.953049011219,174.95747252896
171.953049011219,176.087197571887
171.953049011219,176.087197571887
171.953049011219,176.087197571887
172.759756295331,175.522335050423
172.759756295331,175.522335050423

Velocities: 14
-1,0
-2,-2
-1,-3
-5,-7
-5,-7
-7,-8
-6,-7
-5,-6
-4,-3
-1,-1
0,0
0,0
0,1
0,0

InverseVelocities: 14
0,0
0,0
0,0
0,0
0,0
0,0
0,0
0,0
0,0
0,0
0,0
0,0
0,0
0,0
