GestureName: swipe_left
Duration(ms): 611
Handedness: right

SpeakerAngles: 2
55
-55

InterpretedPoints: 13
0.806707284111599,0.564862521463623
2.4201218523348,1.69458756439087
3.2268291364464,2.25945008585449
4.03353642055799,2.82431260731812
4.84024370466959,2.25945008585449
5.64695098878119,2.82431260731812
7.26036555700439,0.564862521463624
6.45365827289279,0
4.84024370466959,-1.12972504292725
1.6134145682232,-3.38917512878174
1.6134145682232,-2.25945008585449
0.806707284111599,-0.564862521463623
0,0

StrokePoints: 14
177.6,130.333333333333
176.793292715888,129.76847081187
174.373170863554,128.073883247479
171.146341727107,125.814433161624
167.112805306549,122.990120554306
162.27256160188,120.730670468452
156.625610613099,117.906357861134
149.365245056094,117.34149533967
142.911586783201,117.34149533967
138.071343078532,118.471220382597
136.457928510309,121.860395511379
134.844513942085,124.119845597233
134.037806657974,124.684708118697
134.037806657974,124.684708118697

Velocities: 13
1,0
3,0
4,0
5,0
5,-1
6,-1
5,-4
4,-4
2,-4
-2,-4
-1,-3
0,-1
0,0

InverseVelocities: 13
0,0
0,0
0,0
0,0
0,0
0,4
0,4
-2,2
-2,0
0,0
0,0
0,0
0,0
