GestureName: swipe_right
Duration(ms): 705
Handedness: right

SpeakerAngles: 2
55
-55

InterpretedPoints: 15
-0.806707284111599,0.564862521463623
-0.806707284111599,0.564862521463623
0,2.25945008585449
-3.2268291364464,1.12972504292725
-4.84024370466959,1.12972504292725
-6.45365827289279,0
-8.06707284111599,0
-8.87378012522759,-0.564862521463624
-7.26036555700439,-2.82431260731812
-4.84024370466959,-3.38917512878174
-2.4201218523348,-3.95403765024536
-0.806707284111599,0.564862521463623
0,0
-4.84024370466959,-3.38917512878174
0,0

StrokePoints: 16
177.6,130.333333333333
178.406707284112,129.76847081187
179.213414568223,129.203608290406
179.213414568223,126.944158204552
182.44024370467,125.814433161624
187.280487409339,124.684708118697
193.734145682232,124.684708118697
201.801218523348,124.684708118697
210.674998648576,125.249570640161
217.93536420558,128.073883247479
222.77560791025,131.463058376261
225.195729762584,135.417096026506
226.002437046696,134.852233505042
226.002437046696,134.852233505042
230.842680751366,138.241408633824
230.842680751366,138.241408633824

Velocities: 15
0,1
0,1
2,2
-1,3
-2,4
-4,4
-5,5
-6,5
-7,2
-6,0
-5,-2
0,1
0,0
-6,0
0,0

InverseVelocities: 15
0,0
0,0
-1,-1
0,0
0,0
2,-1
0,-1
0,0
0,0
0,0
0,1
0,0
0,0
0,0
0,0
