GestureName: swipe_up
Duration(ms): 470
Handedness: right

SpeakerAngles: 2
55
-55

InterpretedPoints: 10
0.806707284111599,1.69458756439087
4.03353642055799,2.82431260731812
-0.806707284111599,8.47293782195435
0,9.03780034341798
-0.806707284111599,9.6026628648816
-2.4201218523348,6.21348773609986
-3.22682913644639,5.64862521463624
-4.03353642055799,2.82431260731812
-0.806707284111599,0.564862521463623
0,0

StrokePoints: 11
177.6,130.333333333333
176.793292715888,128.638745768942
172.75975629533,125.814433161624
173.566463579442,117.34149533967
173.566463579442,108.303694996252
174.373170863554,98.7010321313704
176.793292715888,92.4875443952706
180.020121852335,86.8389191806343
184.053658272893,84.0146065733162
184.860365557004,83.4497440518526
184.860365557004,83.4497440518526

Velocities: 10
2,1
5,0
7,8
8,8
8,9
4,7
3,7
0,5
0,1
0,0

InverseVelocities: 10
0,0
0,0
0,0
0,0
0,0
0,0
0,0
0,0
0,0
0,0
