GestureName: swipe_right
Duration(ms): 611
Handedness: right

SpeakerAngles: 2
55
-55

InterpretedPoints: 13
-0.806707284111599,0.564862521463623
-2.4201218523348,1.69458756439087
-3.2268291364464,3.38917512878174
-3.2268291364464,3.38917512878174
-3.2268291364464,3.38917512878174
-9.68048740933918,-1.12972504292725
-8.06707284111599,-2.25945008585449
-7.26036555700439,-3.95403765024536
-7.26036555700439,-2.82431260731812
-4.84024370466959,-3.38917512878174
-4.84024370466959,-3.38917512878174
-3.2268291364464,-2.25945008585449
0,0

StrokePoints: 14
177.6,130.333333333333
178.406707284112,129.76847081187
180.826829136446,128.073883247479
184.053658272893,124.684708118697
187.280487409339,121.295532989915
190.507316545786,117.906357861134
200.187803955125,119.036082904061
208.254876796241,121.295532989915
215.515242353245,125.249570640161
222.77560791025,128.073883247479
227.615851614919,131.463058376261
232.456095319589,134.852233505042
235.682924456035,137.111683590897
235.682924456035,137.111683590897

Velocities: 13
0,1
0,3
1,5
1,5
1,5
-7,5
-7,3
-8,1
-7,2
-6,0
-6,0
-4,0
0,0

InverseVelocities: 13
0,0
0,0
-1,0
-3,-1
-5,0
0,-1
0,0
0,0
0,-1
0,0
0,0
0,0
0,0
