GestureName: swipe_left
Duration(ms): 611
Handedness: right

SpeakerAngles: 2
55
-55

InterpretedPoints: 13
0.806707284111599,0.564862521463623
2.4201218523348,1.69458756439087
4.03353642055799,2.82431260731812
4.84024370466959,3.38917512878174
5.64695098878119,2.82431260731812
6.45365827289279,2.25945008585449
6.45365827289279,1.12972504292725
9.68048740933918,1.12972504292725
4.84024370466959,0
2.4201218523348,-1.69458756439087
0.806707284111599,-0.564862521463623
0.806707284111599,-0.564862521463623
0,0

StrokePoints: 14
177.6,130.333333333333
176.793292715888,129.76847081187
174.373170863554,128.073883247479
170.339634442996,125.249570640161
165.499390738326,121.860395511379
159.852439749545,119.036082904061
153.398781476652,116.776632818206
146.945123203759,115.646907775279
137.26463579442,114.517182732352
132.424392089751,114.517182732352
130.004270237416,116.211770296743
129.197562953304,116.776632818206
128.390855669192,117.34149533967
128.390855669192,117.34149533967

Velocities: 13
1,0
3,0
5,0
6,0
6,-1
6,-2
5,-3
7,-5
3,-3
0,-3
0,-1
0,-1
0,0

InverseVelocities: 13
0,0
0,0
0,0
0,0
0,0
0,5
0,4
-1,4
-2,1
0,0
0,0
0,0
0,0
