GestureName: swipe_left
Duration(ms): 799
Handedness: right

SpeakerAngles: 2
55
-55

InterpretedPoints: 17
0.806707284111599,0.564862521463623
0,0
4.03353642055799,2.82431260731812
4.03353642055799,3.95403765024537
4.84024370466959,4.51890017170899
5.64695098878119,3.95403765024536
6.45365827289279,3.38917512878174
7.26036555700439,2.82431260731812
6.45365827289279,1.12972504292725
6.45365827289279,-1.12972504292725
4.84024370466959,-2.25945008585449
1.6134145682232,-3.38917512878174
0.806707284111599,-2.82431260731812
1.6134145682232,-1.12972504292725
0.806707284111599,-0.564862521463623
0.806707284111599,-0.564862521463623
0,0

StrokePoints: 18
177.6,130.333333333333
176.793292715888,129.76847081187
176.793292715888,129.76847081187
172.75975629533,126.944158204552
168.726219874772,122.990120554306
163.885976170103,118.471220382597
158.239025181322,114.517182732352
151.785366908429,111.12800760357
144.525001351425,108.303694996252
138.071343078532,107.173969953325
131.617684805639,108.303694996252
126.777441100969,110.563145082107
125.164026532746,113.952320210888
124.357319248635,116.776632818206
122.743904680411,117.906357861134
121.9371973963,118.471220382597
121.130490112188,119.036082904061
121.130490112188,119.036082904061

Velocities: 17
1,0
0,0
5,0
6,1
7,1
7,0
7,-1
7,-2
5,-3
3,-5
1,-5
-2,-4
-2,-3
0,-2
0,-1
0,-1
0,0

InverseVelocities: 17
0,0
0,0
0,0
0,0
0,0
0,0
0,0
0,4
-1,4
-3,3
-2,2
0,0
0,0
0,0
0,0
0,0
0,0
