GestureName: swipe_up
Duration(ms): 423
Handedness: right

SpeakerAngles: 2
55
-55

InterpretedPoints: 9
0.806707284111599,0.564862521463623
0,3.38917512878174
1.6134145682232,3.38917512878174
-1.6134145682232,5.64862521463624
-1.6134145682232,5.64862521463624
0.806707284111599,6.21348773609986
0.806707284111599,6.21348773609986
-3.2268291364464,3.38917512878174
0,0

StrokePoints: 10
177.6,130.333333333333
176.793292715888,129.76847081187
176.793292715888,126.379295683088
175.179878147665,122.990120554306
176.793292715888,117.34149533967
178.406707284112,111.692870125034
177.6,105.479382388934
176.793292715888,99.265894652834
180.020121852335,95.8767195240523
180.020121852335,95.8767195240523

Velocities: 9
1,0
3,3
4,2
4,6
4,6
6,5
6,5
1,5
0,0

InverseVelocities: 9
0,0
0,0
0,0
0,0
0,0
0,0
0,0
0,0
0,0
