GestureName: swipe_down
Duration(ms): 470
Handedness: right

SpeakerAngles: 2
55
-55

InterpretedPoints: 10
0.806707284111599,-0.564862521463623
-0.806707284111599,-1.69458756439087
0,-4.51890017170899
0.806707284111599,-7.34321277902711
1.6134145682232,-7.90807530049073
0.806707284111599,-6.21348773609986
4.03353642055799,-2.82431260731812
0,-3.38917512878174
0,-2.25945008585449
0,0

StrokePoints: 11
177.6,130.333333333333
176.793292715888,130.898195854797
177.6,132.592783419188
177.6,137.111683590897
176.793292715888,144.454896369924
175.179878147665,152.362971670415
174.373170863554,158.576459406515
170.339634442996,161.400772013833
170.339634442996,164.789947142614
170.339634442996,167.049397228469
170.339634442996,167.049397228469

Velocities: 10
0,-1
-2,-1
-4,-4
-6,-7
-6,-8
-5,-6
0,-5
-3,-3
-2,-2
0,0

InverseVelocities: 10
0,0
0,0
0,0
0,0
0,0
0,0
0,0
0,0
0,0
0,0
