GestureName: swipe_left
Duration(ms): 658
Handedness: right

SpeakerAngles: 2
55
-55

InterpretedPoints: 14
1.6134145682232,1.12972504292725
2.4201218523348,1.69458756439087
1.6134145682232,1.12972504292725
4.03353642055799,2.82431260731812
5.64695098878119,2.82431260731812
6.45365827289279,2.25945008585449
6.45365827289279,1.12972504292725
6.45365827289279,0
6.45365827289279,-1.12972504292725
3.2268291364464,-2.25945008585449
1.6134145682232,-2.25945008585449
1.6134145682232,-1.12972504292725
0.806707284111599,-0.564862521463623
0,0

StrokePoints: 15
177.6,130.333333333333
175.986585431777,129.203608290406
173.566463579442,127.509020726015
171.953049011219,126.379295683088
167.919512590661,123.55498307577
162.27256160188,120.730670468452
155.818903328987,118.471220382597
149.365245056094,117.34149533967
142.911586783201,117.34149533967
136.457928510309,118.471220382597
133.231099373862,120.730670468452
131.617684805639,122.990120554306
130.004270237416,124.119845597233
129.197562953304,124.684708118697
129.197562953304,124.684708118697

Velocities: 14
2,0
3,0
2,0
5,0
6,-1
6,-2
5,-3
4,-4
3,-5
0,-4
-1,-3
0,-2
0,-1
0,0

InverseVelocities: 14
0,0
0,0
0,0
0,0
0,0
0,5
0,3
0,3
0,2
0,0
0,0
0,0
0,0
0,0
