GestureName: swipe_left
Duration(ms): 611
Handedness: right

SpeakerAngles: 2
55
-55

InterpretedPoints: 13
0.806707284111599,0.564862521463623
2.4201218523348,1.69458756439087
4.03353642055799,2.82431260731812
4.84024370466959,3.38917512878174
8.87378012522759,1.69458756439087
8.06707284111599,2.25945008585449
12.100609261674,-1.69458756439087
10.4871946934508,-1.69458756439087
6.45365827289279,-1.12972504292725
0.806707284111599,-2.82431260731812
0.806707284111599,-2.82431260731812
1.6134145682232,-1.12972504292725
0,0

StrokePoints: 14
177.6,130.333333333333
176.793292715888,129.76847081187
174.373170863554,128.073883247479
170.339634442996,125.249570640161
165.499390738326,121.860395511379
156.625610613098,120.165807946988
148.558537771982,117.906357861134
136.457928510309,119.600945425524
125.970733816858,121.295532989915
119.517075543965,122.425258032843
118.710368259853,125.249570640161
117.903660975742,128.073883247479
116.290246407519,129.203608290406
116.290246407519,129.203608290406

Velocities: 13
1,0
3,0
5,0
6,0
7,-4
7,-3
6,-9
5,-8
3,-5
-2,-3
-2,-3
0,-2
0,0

InverseVelocities: 13
0,0
0,0
0,0
0,0
0,0
0,3
0,5
-1,3
0,3
0,0
0,0
0,0
0,0
