GestureName: swipe_down
Duration(ms): 517
Handedness: right

SpeakerAngles: 2
55
-55

InterpretedPoints: 11
-0.806707284111599,-0.564862521463623
-2.4201218523348,-6.21348773609986
4.03353642055799,-3.95403765024537
2.4201218523348,-6.21348773609986
0,-6.77835025756348
1.6134145682232,-6.77835025756348
0.806707284111599,-5.08376269317261
0.806707284111599,-5.08376269317261
0,-2.25945008585449
0.806707284111599,-0.564862521463623
0,0

StrokePoints: 12
177.6,130.333333333333
178.406707284112,130.898195854797
180.826829136446,137.111683590897
176.793292715888,141.065721241142
174.373170863554,147.279208977242
174.373170863554,154.057559234806
172.759756295331,160.835909492369
171.953049011219,165.919672185542
171.146341727107,171.003434878714
171.146341727107,173.262884964569
170.339634442996,173.827747486032
170.339634442996,173.827747486032

Velocities: 11
-1,0
-7,-4
-1,-6
-4,-7
-6,-6
-5,-7
-4,-5
-4,-5
-2,-2
0,-1
0,0

InverseVelocities: 11
0,0
0,0
0,0
0,0
0,0
0,0
0,0
0,0
0,0
0,0
0,0
