GestureName: swipe_right
Duration(ms): 658
Handedness: right

SpeakerAngles: 2
55
-55

InterpretedPoints: 14
-1.6134145682232,1.12972504292725
-1.6134145682232,1.12972504292725
-0.806707284111599,2.82431260731812
-3.2268291364464,3.38917512878174
-4.03353642055799,3.95403765024537
-8.87378012522759,0.564862521463624
-5.64695098878119,-2.82431260731812
-7.26036555700439,-2.82431260731812
-7.26036555700439,-2.82431260731812
-4.03353642055799,-0.564862521463624
-3.2268291364464,-3.38917512878174
-3.2268291364464,-2.25945008585449
-1.6134145682232,-1.12972504292725
0,0

StrokePoints: 15
177.6,130.333333333333
179.213414568223,129.203608290406
180.826829136446,128.073883247479
181.633536420558,125.249570640161
184.860365557004,121.860395511379
188.893901977562,117.906357861134
197.76768210279,117.34149533967
203.414633091571,120.165807946988
210.674998648576,122.990120554306
217.93536420558,125.814433161624
221.968900626138,126.379295683088
225.195729762584,129.76847081187
228.422558899031,132.027920897724
230.035973467254,133.157645940651
230.035973467254,133.157645940651

Velocities: 14
0,2
0,2
2,3
1,5
1,6
-5,6
-6,1
-7,2
-7,2
-3,2
-5,-1
-4,0
-2,0
0,0

InverseVelocities: 14
0,0
0,0
-1,0
-3,0
-5,-2
0,-1
0,0
0,0
0,-1
0,0
0,0
0,0
0,0
0,0
