GestureName: swipe_down
Duration(ms): 470
Handedness: right

SpeakerAngles: 2
55
-55

InterpretedPoints: 10
-0.806707284111599,-1.69458756439087
-1.6134145682232,-1.12972504292725
1.6134145682232,-2.25945008585449
0,-5.64862521463624
0,-6.77835025756348
0.806707284111599,-7.34321277902711
0.806707284111599,-7.34321277902711
2.4201218523348,-5.08376269317261
2.4201218523348,-3.95403765024536
0,0

StrokePoints: 11
177.6,130.333333333333
178.406707284112,132.027920897724
180.020121852335,133.157645940651
178.406707284112,135.417096026506
178.406707284112,141.065721241142
178.406707284112,147.844071498706
177.6,155.187284277733
176.793292715888,162.53049705676
174.373170863554,167.614259749933
171.953049011219,171.568297400178
171.953049011219,171.568297400178

Velocities: 10
-2,-1
-2,0
-1,-3
-5,-5
-6,-6
-6,-7
-6,-7
-3,-6
-2,-5
0,0

InverseVelocities: 10
0,0
0,0
0,0
0,0
0,0
0,0
0,0
0,0
0,0
0,0
