GestureName: swipe_up
Duration(ms): 470
Handedness: right

SpeakerAngles: 2
55
-55

InterpretedPoints: 10
0.806707284111599,0.564862521463623
2.4201218523348,1.69458756439087
-2.4201218523348,5.08376269317261
-1.6134145682232,5.64862521463624
-3.2268291364464,7.90807530049073
-2.4201218523348,7.34321277902711
-2.4201218523348,5.08376269317261
-0.806707284111599,2.82431260731812
-0.806707284111599,1.69458756439087
0,0

StrokePoints: 11
177.6,130.333333333333
176.793292715888,129.76847081187
174.373170863554,128.073883247479
176.793292715888,122.990120554306
178.406707284112,117.34149533967
181.633536420558,109.433420039179
184.053658272893,102.090207260152
186.473780125228,97.0064445669795
187.280487409339,94.1821319596614
188.087194693451,92.4875443952705
188.087194693451,92.4875443952705

Velocities: 10
1,0
3,0
3,6
4,6
5,9
5,8
3,6
2,3
1,2
0,0

InverseVelocities: 10
0,0
0,0
0,0
0,0
0,0
0,0
0,0
0,0
0,0
0,0
