GestureName: swipe_up
Duration(ms): 470
Handedness: right

SpeakerAngles: 2
55
-55

InterpretedPoints: 10
-0.806707284111599,1.69458756439087
-0.806707284111599,3.95403765024536
-1.6134145682232,5.64862521463624
-1.6134145682232,2.25945008585449
0.806707284111599,7.34321277902711
0,5.64862521463624
-0.806707284111599,3.95403765024536
-6.45365827289279,5.64862521463624
-1.6134145682232,1.12972504292725
0,0

StrokePoints: 11
177.6,130.333333333333
178.406707284112,128.638745768942
179.213414568223,124.684708118697
180.826829136446,119.036082904061
182.44024370467,116.776632818206
181.633536420558,109.433420039179
181.633536420558,103.784794824543
182.44024370467,99.8307571742976
188.893901977562,94.1821319596614
190.507316545786,93.0524069167342
190.507316545786,93.0524069167342

Velocities: 10
1,2
3,4
4,6
1,3
7,6
5,5
3,4
1,9
0,2
0,0

InverseVelocities: 10
0,0
0,0
0,0
0,0
0,0
0,0
0,0
0,0
0,0
0,0
