GestureName: swipe_down
Duration(ms): 423
Handedness: right

SpeakerAngles: 2
55
-55

InterpretedPoints: 9
-0.806707284111599,-1.69458756439087
0.806707284111599,-5.08376269317261
0,-4.51890017170899
0.806707284111599,-7.34321277902711
0.806707284111599,-7.34321277902711
0.806707284111599,-6.21348773609986
2.4201218523348,-5.08376269317261
1.6134145682232,-1.12972504292725
0,0

StrokePoints: 10
177.6,130.333333333333
178.406707284112,132.027920897724
177.6,137.111683590897
177.6,141.630583762606
176.793292715888,148.973796541633
175.986585431777,156.31700932066
175.179878147665,162.53049705676
172.75975629533,167.614259749933
171.146341727107,168.74398479286
171.146341727107,168.74398479286

Velocities: 9
-2,-1
-4,-5
-4,-4
-6,-7
-6,-7
-5,-6
-3,-6
0,-2
0,0

InverseVelocities: 9
0,0
0,0
0,0
0,0
0,0
0,0
0,0
0,0
0,0
