GestureName: tap_up
Duration(ms): 705
Handedness: right

SpeakerAngles: 2
55
-55

InterpretedPoints: 15
0,1.12972504292725
0.806707284111599,3.95403765024536
0.806707284111599,6.21348773609986
3.2268291364464,6.77835025756348
0.806707284111599,8.47293782195435
-0.806707284111599,3.95403765024536
8.87378012522758,7.34321277902711
2.4201218523348,-1.69458756439087
3.22682913644639,-5.64862521463624
2.4201218523348,-5.08376269317261
-0.806707284111599,-3.95403765024536
-0.806707284111599,-3.95403765024536
-0.806707284111599,-2.82431260731812
-0.806707284111599,-1.69458756439087
0,0

StrokePoints: 16
177.6,130.333333333333
177.6,129.203608290406
176.793292715888,125.249570640161
175.986585431777,119.036082904061
172.75975629533,112.257732646497
171.953049011219,103.784794824543
172.75975629533,99.8307571742976
163.885976170103,92.4875443952705
161.465854317768,94.1821319596614
158.239025181322,99.8307571742976
155.818903328987,104.91451986747
156.625610613099,108.868557517716
157.43231789721,112.822595167961
158.239025181322,115.646907775279
159.045732465433,117.34149533967
159.045732465433,117.34149533967

Velocities: 15
1,1
4,3
6,5
8,4
8,7
3,4
12,1
0,-3
-3,-7
-3,-6
-4,-3
-4,-3
-3,-2
-2,-1
0,0

InverseVelocities: 15
0,0
0,0
0,0
0,0
0,0
0,0
0,-1
0,0
0,0
0,0
0,0
0,0
0,0
0,0
0,0
