GestureName: tap_up
Duration(ms): 658
Handedness: right

SpeakerAngles: 2
55
-55

InterpretedPoints: 14
0,1.12972504292725
0,5.64862521463624
0,9.03780034341798
0,10.1675253863452
-0.806707284111599,11.8621129507361
-3.2268291364464,10.1675253863452
1.6134145682232,-1.12972504292725
-1.6134145682232,-5.64862521463624
0,-7.90807530049073
0,-9.03780034341798
-1.6134145682232,-6.77835025756348
-1.6134145682232,-3.38917512878174
-1.6134145682232,-1.12972504292725
0,0

StrokePoints: 15
177.6,130.333333333333
177.6,129.203608290406
177.6,123.55498307577
177.6,114.517182732352
177.6,104.349657346007
178.406707284112,92.4875443952706
181.633536420558,82.3200190089254
180.020121852335,83.4497440518526
181.633536420558,89.0983692664888
181.633536420558,97.0064445669796
181.633536420558,106.044244910398
183.246950988781,112.822595167961
184.860365557004,116.211770296743
186.473780125228,117.34149533967
186.473780125228,117.34149533967

Velocities: 14
1,1
5,5
8,8
9,9
10,11
7,11
0,-2
-6,-4
-7,-7
-8,-8
-7,-5
-4,-2
-2,0
0,0

InverseVelocities: 14
0,0
0,0
0,0
0,0
0,0
0,0
0,0
0,0
0,0
0,0
0,0
0,0
0,0
0,0
