GestureName: tap_down
Duration(ms): 705
Handedness: right

SpeakerAngles: 2
55
-55

InterpretedPoints: 15
-0.806707284111599,-0.564862521463623
0.806707284111599,-5.08376269317261
-1.6134145682232,-12.4269754721997
-0.806707284111598,-12.9918379936633
-1.6134145682232,-12.4269754721997
-3.22682913644639,-11.2972504292725
-1.6134145682232,-1.12972504292725
0,0
0,0
4.84024370466959,9.03780034341798
4.84024370466959,10.1675253863452
0,13.556700515127
0.806707284111599,8.47293782195435
-0.806707284111599,3.95403765024536
0,0

StrokePoints: 16
177.6,130.333333333333
178.406707284112,130.898195854797
177.6,135.98195854797
179.213414568223,148.408934020169
180.020121852335,161.400772013833
181.633536420558,173.827747486032
184.860365557004,185.124997915305
186.473780125228,186.254722958232
186.473780125228,186.254722958232
186.473780125228,186.254722958232
181.633536420558,177.216922614814
176.793292715888,167.049397228469
176.793292715888,153.492696713342
175.986585431777,145.019758891388
176.793292715888,141.065721241142
176.793292715888,141.065721241142

Velocities: 15
-1,0
-4,-5
-12,-10
-12,-11
-12,-10
-12,-8
-2,0
0,0
0,0
11,5
12,6
12,12
8,7
3,4
0,0

InverseVelocities: 15
0,0
0,0
0,0
0,0
0,0
0,0
0,0
0,0
0,0
0,0
0,0
0,0
0,0
0,0
0,0
