GestureName: tap_right
Duration(ms): 705
Handedness: right

SpeakerAngles: 2
55
-55

InterpretedPoints: 15
-0.806707284111599,-0.564862521463623
-2.4201218523348,-1.69458756439087
-6.45365827289279,-4.51890017170899
-8.87378012522759,-6.21348773609986
-7.26036555700439,-6.21348773609986
-8.06707284111599,-5.64862521463624
-3.2268291364464,-2.25945008585449
1.6134145682232,1.12972504292725
4.84024370466959,3.38917512878174
6.45365827289279,6.77835025756348
8.06707284111599,5.64862521463624
4.84024370466959,4.51890017170899
4.03353642055799,2.82431260731812
1.6134145682232,1.12972504292725
0,0

StrokePoints: 16
177.6,130.333333333333
178.406707284112,130.898195854797
180.826829136446,132.592783419188
187.280487409339,137.111683590897
196.154267534567,143.325171326997
203.414633091571,149.538659063097
211.481705932687,155.187284277733
214.708535069134,157.446734363587
213.09512050091,156.31700932066
208.254876796241,152.927834191878
201.801218523348,146.149483934315
193.734145682232,140.500858719679
188.893901977562,135.98195854797
184.860365557004,133.157645940651
183.246950988781,132.027920897724
183.246950988781,132.027920897724

Velocities: 15
-1,0
-3,0
-8,0
-11,0
-10,-1
-10,0
-4,0
2,0
6,0
10,2
10,0
7,1
5,0
2,0
0,0

InverseVelocities: 15
0,0
0,0
0,0
0,0
0,0
0,0
0,0
0,0
0,0
0,0
0,0
0,0
0,0
0,0
0,0
