GestureName: tap_right
Duration(ms): 658
Handedness: right

SpeakerAngles: 2
55
-55

InterpretedPoints: 14
-0.806707284111599,-0.564862521463623
1.6134145682232,-6.77835025756348
-0.806707284111599,-9.6026628648816
-8.87378012522759,-5.08376269317261
-8.87378012522759,-5.08376269317261
-0.806707284111599,-1.69458756439087
0,0
2.4201218523348,2.82431260731812
4.03353642055799,5.08376269317261
7.26036555700439,6.21348773609986
7.26036555700439,5.08376269317261
4.03353642055799,2.82431260731812
1.6134145682232,1.12972504292725
0,0

StrokePoints: 15
177.6,130.333333333333
178.406707284112,130.898195854797
176.793292715888,137.67654611236
177.6,147.279208977242
186.473780125228,152.362971670415
195.347560250455,157.446734363587
196.154267534567,159.141321927978
196.154267534567,159.141321927978
193.734145682232,156.31700932066
189.700609261674,151.233246627487
182.44024370467,145.019758891388
175.179878147665,139.935996198215
171.146341727107,137.111683590897
169.532927158884,135.98195854797
169.532927158884,135.98195854797

Velocities: 14
-1,0
-5,-7
-9,-8
-10,1
-10,1
-2,-1
0,0
4,1
7,2
10,1
9,0
5,0
2,0
0,0

InverseVelocities: 14
0,0
0,4
0,4
0,0
0,0
0,0
0,0
0,0
0,-2
0,-1
0,0
0,0
0,0
0,0
