GestureName: tap_right
Duration(ms): 658
Handedness: right

SpeakerAngles: 2
55
-55

InterpretedPoints: 14
-3.2268291364464,0
-5.64695098878119,-1.69458756439087
-11.2939019775624,-4.51890017170899
-2.4201218523348,-11.8621129507361
-9.68048740933918,-6.77835025756348
-4.84024370466959,-3.38917512878174
-0.806707284111599,-0.564862521463623
1.6134145682232,1.12972504292725
4.03353642055799,2.82431260731812
8.87378012522759,6.21348773609986
9.68048740933918,6.77835025756348
5.64695098878119,3.95403765024536
3.22682913644639,4.51890017170899
0,0

StrokePoints: 15
177.6,130.333333333333
180.826829136446,130.333333333333
186.473780125228,132.027920897724
197.76768210279,136.546821069433
200.187803955125,148.408934020169
209.868291364464,155.187284277733
214.708535069134,158.576459406515
215.515242353245,159.141321927978
213.901827785022,158.011596885051
209.868291364464,155.187284277733
200.994511239236,148.973796541633
191.314023829897,142.195446284069
185.667072841116,138.241408633824
182.44024370467,133.722508462115
182.44024370467,133.722508462115

Velocities: 14
-2,2
-5,2
-11,3
-12,-9
-12,0
-6,0
-1,0
2,0
5,0
11,0
12,0
7,0
6,2
0,0

InverseVelocities: 14
0,-1
0,-5
0,-10
0,0
0,0
0,0
0,0
0,0
0,0
0,0
0,0
0,0
0,0
0,0
