GestureName: tap_left
Duration(ms): 893
Handedness: right

SpeakerAngles: 2
55
-55

InterpretedPoints: 19
0.806707284111599,0.564862521463623
1.6134145682232,2.25945008585449
5.64695098878119,0.564862521463623
7.26036555700439,-0.564862521463624
9.68048740933919,-2.25945008585449
8.06707284111599,-4.51890017170899
3.2268291364464,-7.90807530049073
2.4201218523348,-3.95403765024536
0,0
-0.806707284111599,0.564862521463623
-4.84024370466959,3.38917512878174
-4.03353642055799,5.08376269317261
-3.2268291364464,7.90807530049073
-2.4201218523348,5.08376269317261
-7.26036555700439,1.69458756439087
-7.26036555700439,0.564862521463624
-2.4201218523348,-0.564862521463623
-0.806707284111599,-0.564862521463623
0,0

StrokePoints: 20
177.6,130.333333333333
176.793292715888,129.76847081187
175.179878147665,127.509020726015
169.532927158884,126.944158204552
162.27256160188,127.509020726015
152.592074192541,129.76847081187
144.525001351425,134.287370983579
141.298172214978,142.195446284069
138.878050362643,146.149483934315
138.878050362643,146.149483934315
139.684757646755,145.584621412851
144.525001351425,142.195446284069
148.558537771983,137.111683590897
151.785366908429,129.203608290406
154.205488760764,124.119845597233
161.465854317768,122.425258032843
168.726219874773,121.860395511379
171.146341727107,122.425258032843
171.953049011219,122.990120554306
171.953049011219,122.990120554306

Velocities: 19
1,0
3,1
4,-3
4,-5
4,-8
1,-9
-5,-9
-2,-5
0,0
0,1
0,6
2,7
5,9
3,6
-3,6
-4,5
-2,1
-1,0
0,0

InverseVelocities: 19
0,0
0,-1
0,0
0,4
-3,1
-5,0
0,0
0,0
0,0
0,0
0,0
0,0
-2,0
-2,-2
0,-2
0,-1
0,-1
0,0
0,0
