GestureName: tap_right
Duration(ms): 658
Handedness: right

SpeakerAngles: 2
55
-55

InterpretedPoints: 14
-0.806707284111599,-0.564862521463623
-3.2268291364464,-2.25945008585449
-4.84024370466959,-3.38917512878174
-8.87378012522759,-6.21348773609986
-9.68048740933918,-6.77835025756348
-8.06707284111599,-5.64862521463624
-3.2268291364464,-1.12972504292725
4.84024370466959,4.51890017170899
8.06707284111599,6.77835025756348
13.7140238298972,1.69458756439087
8.87378012522759,-0.564862521463624
3.2268291364464,1.12972504292725
1.6134145682232,0
0,0

StrokePoints: 15
177.6,130.333333333333
178.406707284112,130.898195854797
181.633536420558,133.157645940651
186.473780125228,136.546821069433
195.347560250455,142.760308805533
205.028047659794,149.538659063097
213.09512050091,155.187284277733
216.321949637357,156.31700932066
211.481705932687,151.798109148951
203.414633091571,145.019758891388
189.700609261674,143.325171326997
180.826829136446,143.89003384846
177.6,142.760308805533
175.986585431777,142.760308805533
175.986585431777,142.760308805533

Velocities: 14
-1,0
-4,0
-6,0
-11,0
-12,0
-10,0
-3,1
7,1
11,1
10,-7
5,-6
3,-1
1,-1
0,0

InverseVelocities: 14
0,0
0,0
0,0
0,0
0,0
0,0
4,0
0,0
0,-2
0,0
0,0
0,2
0,0
0,0
