GestureName: tap_down
Duration(ms): 705
Handedness: right

SpeakerAngles: 2
55
-55

InterpretedPoints: 15
-1.6134145682232,-2.25945008585449
0,-6.77835025756348
-0.806707284111598,-12.9918379936633
-2.4201218523348,-11.8621129507361
-3.22682913644639,-11.2972504292725
3.22682913644639,-5.64862521463624
0,0
0,0
0,0
-3.2268291364464,2.25945008585449
0,13.556700515127
0,13.556700515127
-3.2268291364464,9.03780034341798
-2.4201218523348,6.21348773609986
0,0

StrokePoints: 16
177.6,130.333333333333
179.213414568223,132.592783419188
179.213414568223,139.371133676751
180.020121852335,152.362971670415
182.44024370467,164.225084621151
185.667072841116,175.522335050423
182.44024370467,181.17096026506
182.44024370467,181.17096026506
182.44024370467,181.17096026506
182.44024370467,181.17096026506
185.667072841116,178.911510179205
185.667072841116,165.354809664078
185.667072841116,151.798109148951
188.893901977562,142.760308805533
191.314023829897,136.546821069433
191.314023829897,136.546821069433

Velocities: 15
-3,-1
-6,-6
-12,-11
-12,-9
-12,-8
-3,-7
0,0
0,0
0,0
0,4
12,12
12,12
6,10
4,7
0,0

InverseVelocities: 15
0,0
0,0
0,0
0,0
0,0
0,0
0,0
0,0
0,0
0,0
0,0
0,0
0,0
0,0
0,0
