GestureName: tap_down
Duration(ms): 799
Handedness: right

SpeakerAngles: 2
55
-55

InterpretedPoints: 17
0.806707284111599,-0.564862521463623
-1.6134145682232,-5.64862521463624
-0.806707284111599,-10.7323879078088
0,-13.556700515127
-0.806707284111598,-12.9918379936633
0.806707284111599,-0.564862521463623
-0.806707284111599,-0.564862521463623
0,0
0,0
-1.6134145682232,1.12972504292725
0,9.03780034341798
0,12.4269754721997
-0.806707284111599,10.7323879078088
-2.4201218523348,8.47293782195435
-1.6134145682232,2.25945008585449
-2.4201218523348,1.69458756439087
0,0

StrokePoints: 18
177.6,130.333333333333
176.793292715888,130.898195854797
178.406707284112,136.546821069433
179.213414568223,147.279208977242
179.213414568223,160.835909492369
180.020121852335,173.827747486032
179.213414568223,174.392610007496
180.020121852335,174.95747252896
180.020121852335,174.95747252896
180.020121852335,174.95747252896
181.633536420558,173.827747486032
181.633536420558,164.789947142614
181.633536420558,152.362971670415
182.44024370467,141.630583762606
184.860365557004,133.157645940651
186.473780125228,130.898195854797
188.893901977562,129.203608290406
188.893901977562,129.203608290406

Velocities: 17
0,-1
-6,-4
-10,-9
-12,-12
-12,-11
0,-1
-1,0
0,0
0,0
0,2
8,8
11,11
9,10
6,9
1,3
0,3
0,0

InverseVelocities: 17
0,0
0,0
0,0
0,0
0,0
0,0
0,0
0,0
0,0
0,0
0,0
0,0
0,0
0,0
0,0
0,0
0,0
