GestureName: tap_left
Duration(ms): 846
Handedness: right

SpeakerAngles: 2
55
-55

InterpretedPoints: 18
0.806707284111599,0.564862521463623
0.806707284111599,0.564862521463623
2.4201218523348,-0.564862521463623
4.84024370466959,-1.12972504292725
6.45365827289279,-1.12972504292725
6.45365827289279,-2.25945008585449
6.45365827289279,-2.25945008585449
4.03353642055799,-3.95403765024537
0.806707284111599,-0.564862521463623
-2.4201218523348,1.69458756439087
-4.03353642055799,5.08376269317261
-3.22682913644639,5.64862521463624
-3.22682913644639,4.51890017170899
-7.26036555700439,1.69458756439087
-7.26036555700439,0.564862521463624
-3.2268291364464,-1.12972504292725
-1.6134145682232,0
0,0

StrokePoints: 19
177.6,130.333333333333
176.793292715888,129.76847081187
175.986585431777,129.203608290406
173.566463579442,129.76847081187
168.726219874772,130.898195854797
162.27256160188,132.027920897724
155.818903328987,134.287370983579
149.365245056094,136.546821069433
145.331708635536,140.500858719679
144.525001351424,141.065721241142
146.945123203759,139.371133676751
150.978659624317,134.287370983579
154.205488760764,128.638745768942
157.43231789721,124.119845597233
164.692683454214,122.425258032843
171.953049011219,121.860395511379
175.179878147665,122.990120554306
176.793292715888,122.990120554306
176.793292715888,122.990120554306

Velocities: 18
1,0
1,0
1,-2
2,-4
3,-5
2,-6
2,-6
-1,-6
0,-1
0,3
2,7
3,7
2,6
-3,6
-4,5
-3,1
-1,1
0,0

InverseVelocities: 18
0,0
0,0
0,0
0,1
-2,3
-4,0
-3,0
0,0
0,0
0,0
0,0
-1,0
-2,0
0,0
0,0
0,0
0,0
0,0
