GestureName: tap_right
Duration(ms): 705
Handedness: right

SpeakerAngles: 2
55
-55

InterpretedPoints: 15
-0.806707284111599,-0.564862521463623
-5.64695098878119,-3.95403765024536
-8.06707284111599,-5.64862521463624
-8.87378012522759,-6.21348773609986
-8.06707284111599,-5.64862521463624
-7.26036555700439,-6.21348773609986
-4.03353642055799,-2.82431260731812
1.6134145682232,2.25945008585449
4.03353642055799,5.08376269317261
5.64695098878119,8.47293782195435
5.64695098878119,9.6026628648816
7.26036555700439,5.08376269317261
7.26036555700439,5.08376269317261
1.6134145682232,3.38917512878174
0,0

StrokePoints: 16
177.6,130.333333333333
178.406707284112,130.898195854797
184.053658272893,134.852233505042
192.120731114009,140.500858719679
200.994511239236,146.714346455778
209.061584080352,152.362971670415
216.321949637357,158.576459406515
220.355486057915,161.400772013833
218.742071489692,159.141321927978
214.708535069134,154.057559234806
209.061584080352,145.584621412851
203.414633091571,135.98195854797
196.154267534567,130.898195854797
188.893901977563,125.814433161624
187.280487409339,122.425258032843
187.280487409339,122.425258032843

Velocities: 15
-1,0
-7,0
-10,0
-11,0
-10,0
-10,-1
-5,0
3,1
7,2
11,4
12,5
9,0
9,0
4,2
0,0

InverseVelocities: 15
0,0
0,0
0,0
0,0
0,0
0,0
0,0
0,0
0,0
0,0
0,0
0,0
0,0
0,0
0,0
