GestureName: tap_up
Duration(ms): 658
Handedness: right

SpeakerAngles: 2
55
-55

InterpretedPoints: 14
-0.806707284111599,1.69458756439087
0,3.38917512878174
0,7.90807530049073
-1.6134145682232,10.1675253863452
-0.806707284111599,10.7323879078088
-1.6134145682232,4.51890017170899
-2.4201218523348,-0.564862521463623
0,-3.38917512878174
5.64695098878119,-8.47293782195435
5.64695098878119,-9.6026628648816
4.84024370466959,-9.03780034341798
-1.6134145682232,-4.51890017170899
0,-3.38917512878174
0,0

StrokePoints: 15
177.6,130.333333333333
178.406707284112,128.638745768942
178.406707284112,125.249570640161
178.406707284112,117.34149533967
180.020121852335,107.173969953325
180.826829136446,96.4415820455159
182.44024370467,91.9226818738069
184.860365557004,92.4875443952706
184.860365557004,95.8767195240523
179.213414568223,104.349657346007
173.566463579442,113.952320210888
168.726219874773,122.990120554306
170.339634442996,127.509020726015
170.339634442996,130.898195854797
170.339634442996,130.898195854797

Velocities: 14
1,2
3,3
7,7
8,10
9,10
3,5
-2,1
-3,-3
-4,-11
-5,-12
-5,-11
-5,-3
-3,-3
0,0

InverseVelocities: 14
0,0
0,0
0,0
0,0
0,0
0,0
0,-3
0,0
0,0
0,0
0,0
0,0
0,0
0,0
