GestureName: tap_left
Duration(ms): 799
Handedness: right

SpeakerAngles: 2
55
-55

InterpretedPoints: 17
2.4201218523348,0.564862521463623
4.84024370466959,0
5.64695098878119,-0.564862521463623
8.06707284111599,-3.38917512878174
7.26036555700439,-3.95403765024536
4.84024370466959,-6.77835025756348
4.84024370466959,-3.38917512878174
0,-1.12972504292725
-1.6134145682232,1.12972504292725
-3.22682913644639,4.51890017170899
-3.22682913644639,5.64862521463624
-4.84024370466959,4.51890017170899
-6.45365827289279,2.25945008585449
-4.84024370466959,1.12972504292725
-4.84024370466959,0
-1.6134145682232,0
0,0

StrokePoints: 18
177.6,130.333333333333
175.179878147665,129.76847081187
170.339634442996,129.76847081187
164.692683454214,130.333333333333
156.625610613099,133.722508462115
149.365245056094,137.67654611236
144.525001351425,144.454896369924
139.684757646755,147.844071498706
139.684757646755,148.973796541633
141.298172214978,147.844071498706
144.525001351424,143.325171326997
147.751830487871,137.67654611236
152.59207419254,133.157645940651
159.045732465433,130.898195854797
163.885976170103,129.76847081187
168.726219874772,129.76847081187
170.339634442996,129.76847081187
170.339634442996,129.76847081187

Velocities: 17
2,-1
3,-3
3,-4
2,-8
1,-8
-3,-9
0,-6
-1,-1
0,2
2,6
3,7
1,7
-2,6
-2,4
-3,3
-1,1
0,0

InverseVelocities: 17
0,0
0,0
-2,3
-1,5
-1,0
0,0
0,0
0,0
0,0
0,0
0,0
0,0
0,-2
0,-1
0,0
0,0
0,0
