GestureName: tap_right
Duration(ms): 658
Handedness: right

SpeakerAngles: 2
55
-55

InterpretedPoints: 14
-1.6134145682232,-1.12972504292725
-8.87378012522759,-1.69458756439087
-7.26036555700439,-5.08376269317261
-8.06707284111599,-5.64862521463624
-8.87378012522759,-6.21348773609986
-4.03353642055799,-2.82431260731812
2.4201218523348,1.69458756439087
4.84024370466959,3.38917512878174
4.84024370466959,3.38917512878174
4.84024370466959,3.38917512878174
11.2939019775624,0
6.45365827289279,1.12972504292725
3.2268291364464,0
0,0

StrokePoints: 15
177.6,130.333333333333
179.213414568223,131.463058376261
188.087194693451,133.157645940651
195.347560250455,138.241408633824
203.414633091571,143.89003384846
212.288413216799,150.10352158456
216.321949637357,152.927834191878
213.901827785022,151.233246627487
209.061584080352,147.844071498706
204.221340375683,144.454896369924
199.381096671013,141.065721241142
188.087194693451,141.065721241142
181.633536420558,139.935996198215
178.406707284112,139.935996198215
178.406707284112,139.935996198215

Velocities: 14
-2,0
-7,4
-9,0
-10,0
-11,0
-5,0
3,0
6,0
6,0
6,0
7,-7
5,-3
2,-2
0,0

InverseVelocities: 14
0,0
0,0
0,0
0,0
0,0
0,0
0,0
0,0
0,0
0,0
0,0
0,0
0,0
0,0
