GestureName: tap_up
Duration(ms): 611
Handedness: right

SpeakerAngles: 2
55
-55

InterpretedPoints: 13
1.6134145682232,6.77835025756348
4.84024370466959,3.38917512878174
0,10.1675253863452
-0.806707284111599,6.21348773609986
0.806707284111599,2.82431260731812
0,0
-1.6134145682232,-2.25945008585449
-0.806707284111599,-5.08376269317261
-0.806707284111599,-5.08376269317261
0,-4.51890017170899
0,-3.38917512878174
0,-2.25945008585449
0,0

StrokePoints: 14
177.6,130.333333333333
175.986585431777,123.55498307577
171.146341727107,120.165807946988
171.146341727107,109.998282560643
171.953049011219,103.784794824543
171.146341727107,100.960482217225
171.146341727107,100.960482217225
172.75975629533,103.219932303079
173.566463579442,108.303694996252
174.373170863554,113.387457689425
174.373170863554,117.906357861134
174.373170863554,121.295532989915
174.373170863554,123.55498307577
174.373170863554,123.55498307577

Velocities: 13
7,5
6,0
9,9
5,6
3,2
0,0
-3,-1
-5,-4
-5,-4
-4,-4
-3,-3
-2,-2
0,0

InverseVelocities: 13
0,0
0,0
0,0
0,0
0,0
0,0
0,0
0,0
0,0
0,0
0,0
0,0
0,0
