GestureName: tap_up
Duration(ms): 799
Handedness: right

SpeakerAngles: 2
55
-55

InterpretedPoints: 17
0.806707284111599,0.564862521463623
0,2.25945008585449
0,3.38917512878174
0,6.77835025756348
1.6134145682232,10.1675253863452
-3.2268291364464,10.1675253863452
0,1.12972504292725
0,0
1.6134145682232,-1.12972504292725
0,-1.12972504292725
0.806707284111599,-3.95403765024536
5.64695098878119,-8.47293782195435
4.03353642055799,-8.47293782195435
0,-4.51890017170899
-0.806707284111599,-1.69458756439087
0.806707284111599,-0.564862521463623
0,0

StrokePoints: 18
177.6,130.333333333333
176.793292715888,129.76847081187
176.793292715888,127.509020726015
176.793292715888,124.119845597233
176.793292715888,117.34149533967
175.179878147665,107.173969953325
178.406707284112,97.0064445669796
178.406707284112,95.8767195240523
178.406707284112,95.8767195240523
176.793292715888,97.0064445669796
176.793292715888,98.1361696099068
175.986585431777,102.090207260152
170.339634442996,110.563145082107
166.306098022438,119.036082904061
166.306098022438,123.55498307577
167.112805306549,125.249570640161
166.306098022438,125.814433161624
166.306098022438,125.814433161624

Velocities: 17
1,0
2,2
3,3
6,6
10,8
7,11
1,1
0,0
0,-2
-1,-1
-3,-4
-4,-11
-5,-10
-4,-4
-2,-1
0,-1
0,0

InverseVelocities: 17
0,0
0,0
0,0
0,0
0,-1
0,0
0,0
0,0
0,0
0,0
0,0
0,0
0,0
0,0
0,0
0,0
0,0
