GestureName: swipe_down
Duration(ms): 987
Handedness: right

SpeakerAngles: 6
55
-55
0
0
110
-110

SpeakerElevations: 6
-10
-10
-10
0
30
30

InterpretedPoints: 21
-1.6134145682232,1.12972504292725,-0.347296355333861
0,0,0
0,0,0
0.806707284111599,0.564862521463623,-0.17364817766693
0,0,0
0,0,0
0,0,0
0.806707284111599,0.564862521463623,-0.17364817766693
-0.00709039723777527,2.52811447459209,-0.368240888334652
2.43430264681035,3.89897016226852,0.437166400997627
0.806707284111599,17.5299379887211,-1.95201902033782
3.24810032815972,15.401483571662,3.20068462432832
5.66822218049452,19.3986328216749,2.02703644666139
0,16.5252306704846,3.70068462432832
6.49620065631944,13.7954751833411,0.395277334996044
4.06898840674687,16.0764810690794,-0.278370842670886
5.67531257773229,12.9679262172446,-0.604722665003955
2.4201218523348,7.5388758474738,2.2635182233307
2.43430264681035,5.01673931698639,1.78446275633149
-0.00709039723777505,4.23827989476202,-0.0209445330007911
0,0,0

StrokePoints: 22
0,0,0
-1.6134145682232,1.12972504292725,-0.347296355333861
-1.6134145682232,1.12972504292725,-0.347296355333861
-1.6134145682232,1.12972504292725,-0.347296355333861
-0.806707284111599,1.69458756439087,-0.520944533000791
-0.806707284111599,1.69458756439087,-0.520944533000791
-0.806707284111599,1.69458756439087,-0.520944533000791
-0.806707284111599,1.69458756439087,-0.520944533000791
0,2.25945008585449,-0.694592710667721
-0.00709039723777527,4.78756456044659,-1.06283359900237
2.42721224957257,8.6865347227151,-0.625667198004746
3.23391953368417,26.2164727114362,-2.57768621834256
6.48201986184389,41.6179562830982,0.62299840598576
12.1502420423384,61.0165891047731,2.65003485264715
12.1502420423384,77.5418197752577,6.35071947697547
18.6464426986578,91.3372949585988,6.74599681197152
22.7154311054047,107.413776027678,6.46762596930063
28.390743683137,120.381702244923,5.86290330429668
30.8108655354718,127.920578092397,8.12642152762738
33.2451681822821,132.937317409383,9.91088428395886
33.2380777850444,137.175597304145,9.88993975095807
33.2380777850444,137.175597304145,9.88993975095807

Velocities: 21
0,2,0
0,0,0
0,0,0
1,0,0
0,0,0
0,0,0
0,0,0
1,0,0
3,2,0
5,4,0
6,5,6
7,6,6
8,4,8
6,6,7
6,4,5
5,5,6
7,4,4
5,2,3
3,2,2
1,0,2
0,0,0

InverseVelocities: 21
0,0,0
0,0,0
0,0,0
0,0,0
0,0,0
0,0,0
0,0,0
0,0,0
0,0,0
0,0,0
0,0,0
0,0,0
0,0,0
0,0,0
0,0,0
0,0,0
0,0,0
0,0,0
0,0,0
0,0,0
0,0,0
