GestureName: swipe_down
Duration(ms): 705
Handedness: right

SpeakerAngles: 6
55
-55
0
0
110
-110

SpeakerElevations: 6
-10
-10
-10
0
30
30

InterpretedPoints: 15
0.806707284111599,0.564862521463623,-0.17364817766693
0.806707284111599,0.564862521463623,-0.17364817766693
1.6134145682232,2.25945008585449,-0.694592710667721
1.62050496546097,1.8806507211632,2.28446275633149
1.6134145682232,2.1493151099008,2.61081457866456
0.813797681349374,14.8916885381753,1.72162915732911
-0.820888078587149,15.1603529269129,2.04798097966218
-0.00709039723777494,14.8641547941868,2.54798097966218
0,10.6258748994248,2.56892551266297
0.813797681349374,6.67781519328415,2.93716640099763
3.2551907253975,8.15880585691427,0.437166400997627
4.84733410190737,3.32812969670021,1.45811093399842
1.62050496546097,2.25347214174981,0.152703644666139
-0.806707284111599,0.564862521463623,-0.17364817766693
0,0,0

StrokePoints: 16
0,0,0
0.806707284111599,0.564862521463623,-0.17364817766693
1.6134145682232,1.12972504292725,-0.347296355333861
3.2268291364464,3.38917512878174,-1.04188906600158
4.84733410190737,5.26982584994494,1.24257369032991
6.46074867013057,7.41914095984574,3.85338826899446
7.27454635147994,22.310829498021,5.57501742632358
6.45365827289279,37.4711824249339,7.62299840598576
6.44656787565502,52.3353372191207,10.1709793856479
6.44656787565502,62.9612121185455,12.7399048983109
7.26036555700439,69.6390273118297,15.6770712993085
10.5155562824019,77.797833168744,16.1142377003062
15.3628903843093,81.1259628654442,17.5723486343046
16.9833953497702,83.379435007194,17.7250522789707
16.1766880656586,83.9442975286576,17.5514041013038
16.1766880656586,83.9442975286576,17.5514041013038

Velocities: 15
1,0,0
1,0,0
3,1,0
4,3,0
5,3,0
5,5,6
6,5,6
6,5,6
5,5,4
3,3,3
3,3,3
5,0,1
1,0,1
0,1,0
0,0,0

InverseVelocities: 15
0,0,0
0,0,0
0,0,0
0,0,0
0,0,0
0,0,0
0,0,0
0,0,0
0,0,0
0,0,0
0,0,0
0,0,0
0,0,0
0,0,0
0,0,0
