GestureName: swipe_right
Duration(ms): 752
Handedness: right

SpeakerAngles: 6
55
-55
0
0
110
-110

SpeakerElevations: 6
-10
-10
-10
0
30
30

InterpretedPoints: 16
0,3.96961550602442,-0.347296355333861
4.86860529362069,5.89935577105978,1.13175911166535
5.67531257773229,10.7084761313901,0.0898700456637662
6.48201986184389,10.1436136099265,0.263518223330696
6.47492946460611,1.93571820914005,0.631759111665348
6.48201986184389,1.0746575549504,1.30540728933228
4.86151489638292,0.805993166212799,0.979055466999209
3.24100993092194,0.537328777475199,0.652703644666139
0.813797681349374,-0.296198132726024,0.5
1.62050496546097,0.2686643887376,0.32635182233307
2.42721224957257,2.81833466321343,-0.0209445330007911
2.42721224957257,4.80314241622564,-0.194592710667721
0.806707284111599,2.54967027447583,-0.347296355333861
1.62050496546097,2.25347214174981,0.152703644666139
0.806707284111599,0.564862521463623,-0.17364817766693
0,0,0

StrokePoints: 17
0,0,0
0,3.96961550602442,-0.347296355333861
4.86860529362069,9.86897127708419,0.784462756331487
10.543917871353,20.5774474084743,0.874332801995254
17.0259377331969,30.7210610184008,1.13785102532595
23.500867197803,32.6567792275408,1.7696101369913
29.9828870596469,33.7314367824912,3.07501742632358
34.8444019560298,34.537429948704,4.05407289332279
38.0854118869517,35.0747587261792,4.70677653798892
38.8992095683011,34.7785605934532,5.20677653798892
40.5197145337621,35.0472249821908,5.53312836032199
42.9469267833347,37.8655596454042,5.5121838273212
45.3741390329072,42.6687020616299,5.31759111665348
46.1808463170188,45.2183723361057,4.97029476131962
47.8013512824798,47.4718444778555,5.12299840598576
48.6080585665914,48.0367069993191,4.94935022831883
48.6080585665914,48.0367069993191,4.94935022831883

Velocities: 16
0,0,2
2,0,3
5,2,4
5,1,4
5,0,0
4,0,0
3,0,0
2,0,0
0,0,0
1,0,0
2,0,1
2,0,2
1,0,1
1,0,1
1,0,0
0,0,0

InverseVelocities: 16
0,0,0
0,0,0
0,0,0
0,0,0
0,0,0
0,0,0
0,0,0
0,0,0
0,0,0
0,0,0
0,0,0
0,0,0
0,0,0
0,0,0
0,0,0
0,0,0
