GestureName: swipe_right
Duration(ms): 611
Handedness: right

SpeakerAngles: 6
55
-55
0
0
110
-110

SpeakerElevations: 6
-10
-10
-10
0
30
30

InterpretedPoints: 13
-1.6134145682232,-1.12972504292725,0.347296355333861
-2.42721224957257,-0.833526910201223,-0.152703644666139
-2.43430264681035,-4.21672409487828,0.0418890660015822
-4.85442449914514,-5.63666932642686,0.0418890660015822
-5.66113178325674,-2.23191634186607,-0.131759111665348
-4.85442449914514,-7.62147707943907,0.215537243668512
-6.49620065631944,-7.67654456741592,1.86824088833465
0,0,0
-2.4201218523348,-1.69458756439087,0.520944533000791
-5.67531257773229,-4.27179158285513,1.69459271066772
-1.62050496546097,-0.2686643887376,-0.32635182233307
0,-1.12972504292725,0.347296355333861
0,0,0

StrokePoints: 14
0,0,0
-1.6134145682232,-1.12972504292725,0.347296355333861
-4.04062681779577,-1.96325195312847,0.194592710667721
-6.47492946460611,-6.17997604800675,0.236481776669304
-11.3293539637513,-11.8166453744336,0.278370842670886
-16.990485747008,-14.0485617162997,0.146611731005537
-21.8449102461531,-21.6700387957387,0.36214897467405
-28.3411109024726,-29.3465833631547,2.2303898630087
-28.3411109024726,-29.3465833631547,2.2303898630087
-30.7612327548074,-31.0411709275455,2.75133439600949
-36.4365453325397,-35.3129625104007,4.44592710667721
-38.0570502980006,-35.5816268991383,4.11957528434414
-38.0570502980006,-36.7113519420655,4.46687163967801
-38.0570502980006,-36.7113519420655,4.46687163967801

Velocities: 13
-2,0,0
-2,0,0
-3,-2,-1
-4,0,-2
-5,0,0
-4,0,-3
-2,0,-3
0,0,0
-3,0,0
-3,0,-1
-1,0,0
-1,-1,0
0,0,0

InverseVelocities: 13
0,0,0
0,0,0
0,0,0
0,0,0
0,0,0
0,0,0
0,0,0
0,0,0
0,0,0
0,0,0
0,0,0
0,0,0
0,0,0
