GestureName: swipe_down
Duration(ms): 517
Handedness: right

SpeakerAngles: 6
55
-55
0
0
110
-110

SpeakerElevations: 6
-10
-10
-10
0
30
30

InterpretedPoints: 11
0.799616886873824,0.833526910201223,0.152703644666139
0.806707284111599,2.82431260731812,-0.868240888334652
2.43430264681035,6.20153184789049,-0.215537243668512
1.60632417098542,4.5129222276043,-0.541889066001582
2.43430264681035,9.85339342130514,-0.0837781320031644
4.06189800950909,10.1160798659381,1.08987004566377
2.44139304404812,7.86260772418825,0.937166400997627
4.06189800950909,5.60913558243844,0.784462756331487
1.6134145682232,4.2442578388667,-0.868240888334652
1.62050496546097,0.2686643887376,0.32635182233307
0,0,0

StrokePoints: 12
0,0,0
0.799616886873824,0.833526910201223,0.152703644666139
1.60632417098542,3.65783951751934,-0.715537243668512
4.04062681779577,9.85937136540983,-0.931074487337025
5.64695098878119,14.3722935930141,-1.47296355333861
8.08125363559154,24.2256870143193,-1.55674168534177
12.1431516451006,34.3417668802573,-0.466871639678005
14.5845446891488,42.2043746044456,0.470294761319622
18.6464426986578,47.813510186884,1.25475751765111
20.259857266881,52.0577680257507,0.386516629316457
21.880362232342,52.3264324144883,0.712868451649527
21.880362232342,52.3264324144883,0.712868451649527

Velocities: 11
2,0,0
3,2,0
3,2,2
4,1,1
5,4,3
4,3,4
3,3,3
3,2,2
3,1,1
1,0,0
0,0,0

InverseVelocities: 11
0,0,0
0,0,0
0,0,0
0,0,0
0,0,0
0,0,0
0,0,0
0,0,0
0,0,0
0,0,0
0,0,0
