GestureName: swipe_up
Duration(ms): 705
Handedness: right

SpeakerAngles: 6
55
-55
0
0
110
-110

SpeakerElevations: 6
-10
-10
-10
0
30
30

InterpretedPoints: 15
3.24100993092194,-3.7069290613915,1.52094453300079
0.806707284111599,-3.08699905195103,-0.305407289332279
-0.799616886873824,-4.69300744027194,-3.11081457866456
2.43430264681035,-8.39395855755876,-2.43716640099763
2.43430264681035,-8.66860089040105,-1.91622186799684
-3.2551907253975,-14.9252002262684,-0.0479809796621837
-1.63468575993652,-12.1343993070434,0.757426309670094
-1.63468575993652,-14.1192070600556,0.931074487337025
0,-4.51890017170899,1.38918542133544
1.62759536269875,-3.92650390625694,0.389185421335443
-0.00709039723777483,-3.06544325206729,-0.284462756331487
-0.00709039723777483,-3.06544325206729,-0.284462756331487
-0.00709039723777505,-1.39838943166485,0.0209445330007911
0.806707284111599,-1.69458756439087,0.520944533000791
0,0,0

StrokePoints: 16
0,0,0
3.24100993092194,-3.7069290613915,1.52094453300079
4.04771721503354,-6.79392811334253,1.21553724366851
3.24810032815972,-11.4869355536145,-1.89527733499604
5.68240297497007,-19.8808941111732,-4.33244373599367
8.11670562178041,-28.5494950015743,-6.24866560399051
4.86151489638292,-43.4746952278427,-6.29664658365269
3.22682913644639,-55.609094534886,-5.5392202739826
1.59214337650987,-69.7283015949416,-4.60814578664557
1.59214337650987,-74.2472017666506,-3.21896036531013
3.21973873920862,-78.1737056729075,-2.82977494397469
3.21264834197084,-81.2391489249748,-3.11423770030617
3.20555794473307,-84.3045921770421,-3.39870045663766
3.19846754749529,-85.702981608707,-3.37775592363687
4.00517483160689,-87.3975691730979,-2.85681139063608
4.00517483160689,-87.3975691730979,-2.85681139063608

Velocities: 15
0,-2,-1
-1,-2,-1
-4,-2,-2
-2,-3,-4
-4,-5,-3
-6,-6,-5
-4,-5,-4
-4,-5,-5
-4,-4,0
-4,-4,0
-3,-4,0
-3,-4,0
-1,-2,0
-1,-2,0
0,0,0

InverseVelocities: 15
0,0,0
0,0,0
0,0,0
0,0,0
0,0,0
0,0,0
0,0,0
0,0,0
0,0,0
0,0,0
0,0,0
0,0,0
0,0,0
0,0,0
0,0,0
