GestureName: swipe_down
Duration(ms): 1034
Handedness: right

SpeakerAngles: 6
55
-55
0
0
110
-110

SpeakerElevations: 6
-10
-10
-10
0
30
30

InterpretedPoints: 22
1.62050496546097,-0.861060654189647,0.67364817766693
0.806707284111599,-0.564862521463623,0.17364817766693
4.04062681779577,-4.22270203898297,0.889185421335443
4.04771721503354,-3.36164138479332,0.215537243668512
0.827978475824924,-1.96325195312847,0.194592710667721
-0.792526489636048,-1.69458756439087,0.520944533000791
2.45557383852367,-2.61071570655737,2.84729635533386
4.06189800950909,-2.87938009529497,2.52094453300079
2.44139304404812,-0.888594398178072,1.5
0,0,0
0,0,0
1.6134145682232,1.12972504292725,-0.347296355333861
2.44139304404812,10.9771405201277,0.416221867996836
3.25519072539749,15.1878866709013,1.22162915732911
-0.00709039723777494,14.8641547941868,2.54798097966218
0.813797681349373,14.8366210501984,3.37433280199525
1.60632417098542,17.3312238366974,4.67974009132753
8.10961522454264,18.0397330222078,-0.472963553338607
4.06189800950909,11.2458049088653,0.742573690329905
0.820888078587149,3.08699905195103,0.305407289332279
2.42721224957257,0.833526910201223,0.152703644666139
0,0,0

StrokePoints: 23
0,0,0
1.62050496546097,-0.861060654189647,0.67364817766693
2.42721224957257,-1.42592317565327,0.847296355333861
6.46783906736834,-5.64862521463624,1.7364817766693
10.5155562824019,-9.01026659942955,1.95201902033782
11.3435347582268,-10.973518552558,2.14661173100554
10.5510082685908,-12.6681061169489,2.66755626400633
13.0065821071144,-15.2788218235063,5.51485261934019
17.0684801166235,-18.1582019188012,8.03579715234098
19.5098731606716,-19.0467963169793,9.53579715234098
19.5098731606716,-19.0467963169793,9.53579715234098
19.5098731606716,-19.0467963169793,9.53579715234098
21.1232877288948,-17.917071274052,9.18850079700712
23.564680772943,-6.93993075392435,9.60472266500395
26.8198714983405,8.24795591697695,10.8263518223331
26.8127811011027,23.1121107111638,13.3743328019953
27.6265787824521,37.9487317613622,16.7486656039905
29.2329029534375,55.2799555980596,21.428405695318
37.3425181779801,73.3196886202674,20.9554421419794
41.4044161874892,84.5654935291327,21.6980158323093
42.2253042660764,87.6524925810838,22.0034231216416
44.6525165156489,88.486019491285,22.1561267663078
44.6525165156489,88.486019491285,22.1561267663078

Velocities: 22
0,-1,0
0,-1,0
-2,-6,0
-2,-5,0
-3,-1,0
-3,0,0
-2,0,0
-1,-2,0
0,0,0
0,0,0
0,0,0
2,0,0
4,4,4
5,5,6
6,5,6
6,6,6
9,6,7
9,5,6
5,4,4
1,2,1
2,0,0
0,0,0

InverseVelocities: 22
0,0,0
0,0,0
0,0,0
0,0,0
5,0,0
0,0,0
0,0,0
0,0,0
0,0,0
0,0,0
0,0,0
0,0,0
0,0,0
0,0,0
0,0,0
0,0,0
0,0,0
0,0,0
0,0,0
0,0,0
0,0,0
0,0,0
