GestureName: swipe_front
Duration(ms): 517
Handedness: right

SpeakerAngles: 6
55
-55
0
0
110
-110

SpeakerElevations: 6
-10
-10
-10
0
30
30

InterpretedPoints: 11
0.806707284111599,0.564862521463623,-0.17364817766693
1.62050496546097,0.2686643887376,0.32635182233307
0.820888078587149,1.10219129893882,0.479055466999209
-0.806707284111599,2.82431260731812,-0.868240888334652
2.43430264681035,11.5084913534982,1.91622186799684
0.0141807944755501,11.5360250974866,1.08987004566377
0.813797681349374,7.86260772418825,0.937166400997627
3.23391953368417,5.31293744971241,1.28446275633149
3.22682913644639,3.65186157341465,0.131759111665348
0.806707284111599,2.54967027447583,-0.347296355333861
0,0,0

StrokePoints: 12
0,0,0
0.806707284111599,0.564862521463623,-0.17364817766693
2.42721224957257,0.833526910201223,0.152703644666139
3.24810032815972,1.93571820914005,0.631759111665348
2.44139304404812,4.76003081645816,-0.236481776669304
4.87569569085847,16.2685221699564,1.67974009132753
4.88987648533402,27.804547267443,2.7696101369913
5.70367416668339,35.6671549916313,3.70677653798892
8.93759370036756,40.9800924413437,4.99123929432041
12.164422836814,44.6319540147583,5.12299840598576
12.9711301209256,47.1816242892342,4.7757020506519
12.9711301209256,47.1816242892342,4.7757020506519

Velocities: 11
1,0,0
1,0,0
1,2,0
2,3,0
4,3,5
2,4,5
3,3,3
4,1,2
4,0,1
1,0,1
0,0,0

InverseVelocities: 11
0,0,0
0,0,0
0,0,0
0,0,0
0,0,0
0,0,0
0,0,0
0,0,0
0,0,0
0,0,0
0,0,0
