GestureName: swipe_up
Duration(ms): 658
Handedness: right

SpeakerAngles: 6
55
-55
0
0
110
-110

SpeakerElevations: 6
-10
-10
-10
0
30
30

InterpretedPoints: 14
0.820888078587149,-3.14206653992788,1.34729635533386
4.06189800950909,-6.84899560131938,2.86824088833465
6.48911025908166,-11.3894515729121,4.2364817766693
8.94468409760534,-14.1527187481487,2.60472266500396
4.87569569085847,-16.4887921218638,4.93107448733702
10.5722794603041,-17.2672515440881,3.12566719800475
-0.820888078587149,-11.7831336863405,-1.39527733499604
-2.44139304404812,-11.5144692976029,-1.06892551266297
-0.00709039723777538,-10.9496067761393,-1.24257369032991
2.43430264681035,-9.31606464382994,0.736481776669304
2.42721224957257,-3.09297699605572,0.541889066001582
1.62050496546097,-1.39838943166485,0.0209445330007911
0,-1.12972504292725,0.347296355333861
0,0,0

StrokePoints: 15
0,0,0
0.820888078587149,-3.14206653992788,1.34729635533386
4.88278608809624,-9.99106214124726,4.21553724366851
11.3718963471779,-21.3805137141594,8.45201902033781
20.3165804447832,-35.5332324623081,11.0567416853418
25.1922761356417,-52.0220245841718,15.9878161726788
35.7645555959458,-69.28927612826,19.1134833706835
34.9436675173586,-81.0724098146005,17.7182060356875
32.5022744733105,-92.5868791122034,16.6492805230245
32.4951840760728,-103.536485888343,15.4067068326946
34.9294867228831,-112.852550532173,16.1431886093639
37.3566989724557,-115.945527528228,16.6850776753655
38.9772039379166,-117.343916959893,16.7060222083663
38.9772039379166,-118.47364200282,17.0533185637001
38.9772039379166,-118.47364200282,17.0533185637001

Velocities: 14
-1,0,-1
-1,-2,-2
-2,-5,-3
-5,-6,-4
-4,-5,-5
-6,-7,-5
-5,-6,-4
-5,-5,-4
-4,-5,-4
-3,-4,-3
-2,-4,0
-1,-2,0
-1,-1,0
0,0,0

InverseVelocities: 14
0,0,0
0,0,0
0,0,0
0,0,0
0,0,0
0,0,0
0,0,0
0,0,0
0,0,0
0,0,0
0,0,0
0,0,0
0,0,0
0,0,0
