GestureName: swipe_right
Duration(ms): 564
Handedness: right

SpeakerAngles: 6
55
-55
0
0
110
-110

SpeakerElevations: 6
-10
-10
-10
0
30
30

InterpretedPoints: 12
-0.806707284111599,-0.564862521463623,0.17364817766693
-3.2268291364464,-1.12972504292725,0.347296355333861
-5.66822218049452,-5.34047119370084,-0.458110933998418
-5.66113178325674,-4.21672409487828,0.0418890660015822
-5.66113178325674,-8.1863396009027,0.389185421335443
-1.6134145682232,-1.12972504292725,0.347296355333861
-0.806707284111599,-0.564862521463623,0.17364817766693
-0.806707284111599,-0.564862521463623,0.17364817766693
-5.68240297497007,-2.55564821858052,1.19459271066772
-0.806707284111599,-2.82431260731812,0.868240888334652
-0.813797681349374,-1.96325195312847,0.194592710667721
0,0,0

StrokePoints: 13
0,0,0
-0.806707284111599,-0.564862521463623,0.17364817766693
-4.03353642055799,-1.69458756439087,0.520944533000791
-9.70175860105251,-7.03505875809171,0.0628335990023733
-15.3628903843093,-11.25178285297,0.104722665003955
-21.024022167566,-19.4381224538727,0.493908086339398
-22.6374367357892,-20.5678474967999,0.841204441673259
-23.4441440199008,-21.1327100182636,1.01485261934019
-24.2508513040124,-21.6975725397272,1.18850079700712
-29.9332542789825,-24.2532207583077,2.38309350767484
-30.7399615630941,-27.0775333656258,3.25133439600949
-31.5537592444434,-29.0407853187543,3.44592710667721
-31.5537592444434,-29.0407853187543,3.44592710667721

Velocities: 12
-1,0,0
-3,1,0
-4,0,-2
-5,0,-1
-5,0,-3
-2,0,0
-1,0,0
-1,0,0
-3,-1,0
-3,-2,0
-2,-2,0
0,0,0

InverseVelocities: 12
0,0,0
0,-1,0
0,0,0
0,0,0
0,0,0
0,0,0
0,0,0
0,0,0
0,0,0
0,0,0
0,0,0
0,0,0
