GestureName: swipe_left
Duration(ms): 611
Handedness: right

SpeakerAngles: 6
55
-55
0
0
110
-110

SpeakerElevations: 6
-10
-10
-10
0
30
30

InterpretedPoints: 13
0.806707284111599,0.564862521463623,-0.17364817766693
2.42721224957257,-0.296198132726024,0.5
4.04771721503354,-1.15725878691567,1.17364817766693
8.10961522454264,-2.25945008585449,0.694592710667721
10.5510082685908,-5.07778474906793,0.715537243668513
11.3506251554646,-2.79677886332969,0.0418890660015823
12.9782205181633,-3.38917512878174,1.04188906600158
14.6058158808621,-2.79677886332969,0.0418890660015818
12.9782205181633,-2.79677886332969,0.0418890660015823
-0.806707284111599,-0.564862521463623,0.17364817766693
0,-1.12972504292725,0.347296355333861
0.806707284111599,-0.564862521463623,0.17364817766693
0,0,0

StrokePoints: 14
0,0,0
0.806707284111599,0.564862521463623,-0.17364817766693
3.23391953368417,0.2686643887376,0.32635182233307
7.28163674871771,-0.888594398178072,1.5
15.3912519732604,-3.14804448403257,2.19459271066772
25.9422602418511,-8.22582923310049,2.91012995433623
37.2928853973157,-11.0226080964302,2.95201902033782
50.271105915479,-14.4117832252119,3.9939080863394
64.8769217963411,-17.2085620885416,4.03579715234098
77.8551423145044,-20.0053409518713,4.07768621834256
77.0484350303928,-20.5702034733349,4.25133439600949
77.0484350303928,-21.6999285162622,4.59863075134335
77.8551423145044,-22.2647910377258,4.77227892901028
77.8551423145044,-22.2647910377258,4.77227892901028

Velocities: 13
1,0,0
1,-1,0
1,-2,0
0,-4,0
-1,-5,-1
0,-6,0
0,-6,0
0,-6,0
0,-6,0
-1,0,0
-1,-1,0
0,-1,0
0,0,0

InverseVelocities: 13
0,0,0
0,0,0
-1,0,0
0,0,0
0,0,0
0,0,0
0,0,0
0,0,0
0,0,0
0,0,0
0,0,0
0,0,0
0,0,0
