GestureName: swipe_left
Duration(ms): 329
Handedness: right

SpeakerAngles: 6
55
-55
0
0
110
-110

SpeakerElevations: 6
-10
-10
-10
0
30
30

InterpretedPoints: 7
1.62050496546097,0.2686643887376,0.32635182233307
7.29581754319326,1.37085568767642,0.805407289332278
0,0,0
8.10252482730486,-3.71290700549619,2.36824088833465
3.2268291364464,-2.25945008585449,0.694592710667721
2.4201218523348,-1.69458756439087,0.520944533000791
0,0,0

StrokePoints: 8
0,0,0
1.62050496546097,0.2686643887376,0.32635182233307
8.91632250865424,1.63952007641402,1.13175911166535
8.91632250865424,1.63952007641402,1.13175911166535
17.0188473359591,-2.07338692908217,3.5
20.2456764724055,-4.33283701493666,4.19459271066772
22.6657983247403,-6.02742457932753,4.71553724366851
22.6657983247403,-6.02742457932753,4.71553724366851

Velocities: 7
1,0,0
4,0,0
0,0,0
0,-5,0
0,-4,0
0,-3,0
0,0,0

InverseVelocities: 7
0,0,0
0,0,0
0,0,0
0,0,0
0,0,0
0,0,0
0,0,0
