GestureName: swipe_front
Duration(ms): 705
Handedness: right

SpeakerAngles: 6
55
-55
0
0
110
-110

SpeakerElevations: 6
-10
-10
-10
0
30
30

InterpretedPoints: 15
0,1.98480775301221,-0.17364817766693
-0.813797681349374,1.68860962028618,0.32635182233307
-0.806707284111599,4.53447802748804,-0.520944533000791
0,5.09934054895166,-0.694592710667721
0.00709039723777505,1.39838943166485,-0.0209445330007911
-0.806707284111599,7.05661455797545,-0.0418890660015821
-2.41303145509702,4.48538848361588,0.284462756331487
0.799616886873824,2.81833466321343,-0.0209445330007911
-0.813797681349374,1.68860962028618,0.32635182233307
-1.62050496546097,5.36800493768926,-0.368240888334652
4.85442449914514,7.62147707943907,-0.215537243668512
3.24100993092194,7.62147707943907,-0.215537243668512
1.6134145682232,3.11453279593945,-0.520944533000791
0.806707284111599,0.564862521463623,-0.17364817766693
0,0,0

StrokePoints: 16
0,0,0
0,1.98480775301221,-0.17364817766693
-0.813797681349374,3.67341737329839,0.152703644666139
-1.62050496546097,8.20789540078643,-0.368240888334652
-1.62050496546097,13.3072359497381,-1.06283359900237
-1.6134145682232,14.7056253814029,-1.08377813200316
-2.4201218523348,21.7622399393784,-1.12566719800475
-4.83315330743182,26.2476284229943,-0.841204441673259
-4.03353642055799,29.0659630862077,-0.86214897467405
-4.84733410190737,30.7545727064939,-0.53579715234098
-6.46783906736834,36.1225776441831,-0.904038040675632
-1.6134145682232,43.7440547236222,-1.11957528434414
1.62759536269875,51.3655318030613,-1.33511252801266
3.24100993092195,54.4800645990007,-1.85605706101345
4.04771721503354,55.0449271204644,-2.02970523868038
4.04771721503354,55.0449271204644,-2.02970523868038

Velocities: 15
0,0,1
0,0,1
0,1,2
1,1,2
1,2,0
1,2,3
1,5,1
2,0,1
0,0,1
1,2,2
4,0,3
3,1,3
2,0,1
1,0,0
0,0,0

InverseVelocities: 15
0,0,0
0,0,0
0,0,0
0,0,0
0,0,0
0,0,0
0,0,0
0,0,0
0,0,0
0,0,0
0,0,0
0,0,0
0,0,0
0,0,0
0,0,0
