GestureName: swipe_front
Duration(ms): 517
Handedness: right

SpeakerAngles: 6
55
-55
0
0
110
-110

SpeakerElevations: 6
-10
-10
-10
0
30
30

InterpretedPoints: 11
-1.62050496546097,3.38319718467705,-0.194592710667721
0.0141807944755501,2.52213653048741,0.479055466999209
-0.806707284111599,4.80912036033033,-1.04188906600158
-0.813797681349374,8.18036165679801,0.458110933998418
0.806707284111599,3.88701427405914,2.13175911166535
-1.62759536269875,5.63666932642686,-0.0418890660015822
1.62050496546097,8.74522417826163,0.284462756331487
6.47492946460611,5.90533371516446,0.284462756331487
5.66113178325674,4.21672409487828,-0.0418890660015822
3.23391953368417,1.39838943166485,-0.0209445330007911
0,0,0

StrokePoints: 12
0,0,0
-1.62050496546097,3.38319718467705,-0.194592710667721
-1.60632417098542,5.90533371516446,0.284462756331487
-2.41303145509702,10.7144540754948,-0.757426309670095
-3.22682913644639,18.8948157322928,-0.299315375671677
-2.4201218523348,22.7818300063519,1.83244373599367
-4.04771721503354,28.4184993327788,1.79055466999209
-2.42721224957257,37.1637235110404,2.07501742632358
4.04771721503354,43.0690572262049,2.35948018265506
9.70884899829029,47.2857813210832,2.31759111665348
12.9427685319745,48.684170752748,2.29664658365269
12.9427685319745,48.684170752748,2.29664658365269

Velocities: 11
1,2,1
0,2,1
2,3,1
1,1,4
2,1,2
2,2,2
2,1,4
5,0,2
5,0,1
3,0,0
0,0,0

InverseVelocities: 11
0,0,0
0,0,0
0,0,0
0,0,0
0,0,0
0,0,0
0,0,0
0,0,0
0,0,0
0,0,0
0,0,0
