GestureName: swipe_back
Duration(ms): 564
Handedness: right

SpeakerAngles: 6
55
-55
0
0
110
-110

SpeakerElevations: 6
-10
-10
-10
0
30
30

InterpretedPoints: 12
-1.6134145682232,-5.63666932642686,0.0418890660015821
0,-1.98480775301221,0.17364817766693
-1.62759536269875,-5.63666932642686,0.0418890660015822
2.44139304404812,-5.34047119370084,-0.458110933998418
3.24810032815972,-9.87494922118888,0.0628335990023732
0,-11.3284061408306,1.7364817766693
0,-8.21387334489112,1.21553724366851
-1.62759536269875,-2.79677886332969,0.0418890660015822
2.4201218523348,-1.69458756439087,0.520944533000791
0.806707284111599,-0.564862521463623,0.17364817766693
0.806707284111599,-0.564862521463623,0.17364817766693
0,0,0

StrokePoints: 13
0,0,0
-1.6134145682232,-5.63666932642686,0.0418890660015821
-1.6134145682232,-7.62147707943907,0.215537243668512
-3.24100993092194,-13.2581464058659,0.257426309670095
-0.799616886873824,-18.5986175995668,-0.200684624328323
2.4484834412859,-28.4735668207557,-0.13785102532595
2.4484834412859,-39.8019729615862,1.59863075134335
2.4484834412859,-48.0158463064773,2.81416799501187
0.820888078587149,-50.812625169807,2.85605706101345
3.24100993092194,-52.5072127341979,3.37700159401424
4.04771721503354,-53.0720752556615,3.55064977168117
4.85442449914514,-53.6369377771252,3.7242979493481
4.85442449914514,-53.6369377771252,3.7242979493481

Velocities: 12
-3,-1,-2
0,0,-1
-2,-2,-2
-2,-2,-2
-2,-3,-4
-3,-3,-4
-2,-2,-3
-3,-3,0
0,-3,0
0,-1,0
0,-1,0
0,0,0

InverseVelocities: 12
0,0,0
0,0,0
0,0,0
0,0,0
0,0,0
0,0,0
0,0,0
0,0,0
0,0,0
0,0,0
0,0,0
0,0,0
