GestureName: swipe_up
Duration(ms): 611
Handedness: right

SpeakerAngles: 6
55
-55
0
0
110
-110

SpeakerElevations: 6
-10
-10
-10
0
30
30

InterpretedPoints: 13
1.62759536269875,-1.72212130837929,1.34729635533386
0.806707284111599,-0.564862521463623,0.17364817766693
4.88278608809624,-11.1207871841745,4.56283359900237
8.93050330312979,-9.70084195262592,4.56283359900237
12.2140556174784,-18.6596630316483,2.29931537567168
1.62050496546097,-4.029965831064,-4.89527733499604
-0.827978475824923,-23.6428906605416,-1.15879555832674
1.63468575993652,-6.99194715832423,0.104722665003955
-0.813797681349374,-8.74160221069195,2.27837084267089
-2.44139304404812,-5.29735959393336,-0.416221867996836
-1.63468575993652,-3.06544325206729,-0.284462756331487
0.806707284111599,-4.80912036033033,1.04188906600158
0,0,0

StrokePoints: 14
0,0,0
1.62759536269875,-1.72212130837929,1.34729635533386
2.43430264681035,-2.28698382984292,1.52094453300079
7.31708873490659,-13.4077710140174,6.08377813200316
16.2475920380364,-23.1086129666433,10.6466117310055
28.4616476555148,-41.7682759982917,12.9459271066772
30.0821526209757,-45.7982418293557,8.05064977168117
29.2541741451508,-69.4411324898972,6.89185421335443
30.8888599050873,-76.4330796482215,6.99657687835838
30.075062223738,-85.1746818589134,9.27494772102927
27.6336691796898,-90.4720414528468,8.85872585303243
25.9989834197533,-93.5374847049141,8.57426309670094
26.8056907038649,-98.3466050652444,9.61615216270253
26.8056907038649,-98.3466050652444,9.61615216270253

Velocities: 13
-1,-1,0
0,-1,0
-3,-3,-3
-2,-5,-2
-7,-6,-6
-7,-8,0
-7,-9,-9
-8,-7,0
-8,-8,0
-6,-6,0
-3,-4,0
-2,-3,-1
0,0,0

InverseVelocities: 13
0,0,0
0,0,0
0,0,0
0,0,0
0,0,0
0,0,0
0,0,0
0,0,0
0,0,0
0,0,0
0,0,0
0,0,0
0,0,0
