GestureName: swipe_back
Duration(ms): 564
Handedness: right

SpeakerAngles: 6
55
-55
0
0
110
-110

SpeakerElevations: 6
-10
-10
-10
0
30
30

InterpretedPoints: 12
-1.6134145682232,-2.25945008585449,0.694592710667721
1.62050496546097,-2.25347214174981,-0.152703644666139
-1.6134145682232,-4.50694428349962,-0.305407289332279
0.806707284111599,-5.01673931698639,-1.78446275633149
0,-10.1986810979033,1.38918542133544
0,-7.56640959146222,-1.43716640099763
3.2551907253975,-8.15880585691427,-0.437166400997627
3.24810032815972,-3.06544325206729,-0.284462756331487
0.806707284111599,-2.82431260731812,0.868240888334652
0.806707284111599,-5.66420307041529,0.868240888334652
0.806707284111599,-3.67939531740308,0.694592710667721
0,0,0

StrokePoints: 13
0,0,0
-1.6134145682232,-2.25945008585449,0.694592710667721
0.00709039723777516,-4.5129222276043,0.541889066001582
-1.60632417098542,-9.01986651110392,0.236481776669303
-0.799616886873824,-14.0366058280903,-1.54798097966218
-0.799616886873824,-24.2352869259936,-0.158795558326741
-0.799616886873824,-31.8016965174559,-1.59596195932437
2.45557383852367,-39.9605023743701,-2.03312836032199
5.70367416668339,-43.0259456264374,-2.31759111665348
6.51038145079499,-45.8502582337555,-1.44935022831883
7.31708873490659,-51.5144613041708,-0.581109339984178
8.12379601901819,-55.1938566215739,0.113483370683543
8.12379601901819,-55.1938566215739,0.113483370683543

Velocities: 12
-3,-1,0
0,-1,-1
-2,0,-2
-2,-3,-2
-2,-2,-4
-3,-3,-3
-3,-3,-3
-3,-4,0
-2,-3,0
-1,-2,-2
-1,-2,-1
0,0,0

InverseVelocities: 12
0,0,0
0,0,0
0,0,0
0,0,0
0,0,0
0,0,0
0,0,0
0,0,0
0,0,0
0,0,0
0,0,0
0,0,0
