GestureName: swipe_right
Duration(ms): 799
Handedness: right

SpeakerAngles: 6
55
-55
0
0
110
-110

SpeakerElevations: 6
-10
-10
-10
0
30
30

InterpretedPoints: 17
-0.806707284111599,0.564862521463623,-0.17364817766693
0.813797681349374,-0.296198132726024,0.5
0,0,0
0,0,0
-0.806707284111599,-0.564862521463623,0.17364817766693
-0.806707284111599,-2.82431260731812,0.868240888334652
-4.04771721503354,-2.82431260731812,0.868240888334652
-6.47492946460611,-1.93571820914005,-0.631759111665348
-7.28163674871771,-12.4246194956647,0.410129954336234
-4.03353642055799,-10.7635436193669,1.56283359900237
-8.91632250865424,-2.23191634186607,-0.131759111665348
-6.47492946460611,-5.90533371516446,-0.284462756331487
-4.86860529362069,-4.2442578388667,0.868240888334652
-3.24100993092194,-1.66705382040245,-0.305407289332279
-0.813797681349374,-6.52526372460493,1.54188906600158
0,-1.12972504292725,0.347296355333861
0,0,0

StrokePoints: 18
0,0,0
-0.806707284111599,0.564862521463623,-0.17364817766693
0.00709039723777505,0.2686643887376,0.32635182233307
0.00709039723777505,0.2686643887376,0.32635182233307
0.00709039723777505,0.2686643887376,0.32635182233307
-0.799616886873824,-0.296198132726024,0.5
-1.60632417098542,-3.12051074004414,1.36824088833465
-5.65404138601897,-5.94482334736226,2.2364817766693
-12.1289708506251,-7.8805415565023,1.60472266500396
-19.4106075993428,-20.305161052167,2.01485261934019
-23.4441440199008,-31.068704671534,3.57768621834256
-32.360466528555,-33.3006210134,3.44592710667721
-38.8353959931611,-39.2059547285645,3.16146435034573
-43.7040012867818,-43.4502125674312,4.02970523868038
-46.9450112177038,-45.1172663878336,3.7242979493481
-47.7588088990532,-51.6425301124386,5.26618701534968
-47.7588088990532,-52.7722551553658,5.61348337068354
-47.7588088990532,-52.7722551553658,5.61348337068354

Velocities: 17
0,1,0
0,0,0
0,0,0
0,0,0
-1,0,0
-3,-2,0
-4,-1,0
-5,0,0
-6,0,-5
-5,0,-4
-5,0,0
-5,0,-2
-3,-1,-1
-3,-1,0
-2,-2,-2
-1,-1,0
0,0,0

InverseVelocities: 17
0,0,0
0,0,0
0,0,0
0,0,0
0,0,0
0,0,0
0,0,0
0,0,0
0,0,0
0,0,0
0,0,0
0,0,0
0,0,0
0,0,0
0,0,0
0,0,0
0,0,0
