GestureName: swipe_right
Duration(ms): 564
Handedness: right

SpeakerAngles: 6
55
-55
0
0
110
-110

SpeakerElevations: 6
-10
-10
-10
0
30
30

InterpretedPoints: 12
-0.806707284111599,0.564862521463623,-0.17364817766693
-2.43430264681035,1.10219129893882,0.479055466999209
-4.06189800950909,2.23191634186607,0.131759111665348
-8.10252482730486,-1.99078569711689,1.02094453300079
-8.10252482730486,-4.5129222276043,0.541889066001582
-9.72302979276584,-7.35879063480616,1.38918542133544
-8.10252482730486,-2.52811447459209,0.368240888334652
-8.90923211141646,-4.22270203898296,0.889185421335443
-8.10961522454264,-1.6119863324256,-1.95811093399842
-2.44139304404812,0.888594398178072,-1.5
-0.806707284111599,-0.564862521463623,0.17364817766693
0,0,0

StrokePoints: 13
0,0,0
-0.806707284111599,0.564862521463623,-0.17364817766693
-3.24100993092194,1.66705382040245,0.305407289332279
-7.30290794043104,3.89897016226852,0.437166400997627
-15.4054327677359,1.90818446515162,1.45811093399842
-23.5079575950408,-2.60473776245268,2
-33.2309873878066,-9.96352839725884,3.38918542133544
-41.3335122151115,-12.4916428718509,3.75742630967009
-50.2427443265279,-16.7143449108339,4.64661173100554
-58.3523595510705,-18.3263312432595,2.68850079700712
-60.7937525951187,-17.4377368450814,1.18850079700712
-61.6004598792303,-18.002599366545,1.36214897467405
-61.6004598792303,-18.002599366545,1.36214897467405

Velocities: 12
0,1,0
1,2,0
2,3,0
-4,1,0
-5,0,-1
-6,0,-2
-5,0,0
-7,-1,0
-5,-1,0
0,0,0
-1,0,0
0,0,0

InverseVelocities: 12
0,0,0
0,0,0
-2,0,0
0,0,0
0,0,0
0,0,0
0,0,0
0,0,0
0,0,0
0,0,0
0,0,0
0,0,0
