GestureName: swipe_front
Duration(ms): 611
Handedness: right

SpeakerAngles: 6
55
-55
0
0
110
-110

SpeakerElevations: 6
-10
-10
-10
0
30
30

InterpretedPoints: 13
-0.806707284111599,0.564862521463623,-0.17364817766693
0.813797681349374,0.833526910201223,0.152703644666139
-0.806707284111599,2.54967027447583,-0.347296355333861
0.806707284111599,5.66420307041529,-0.868240888334652
0.813797681349374,5.93286745915289,-0.541889066001582
-0.820888078587149,8.1863396009027,-0.389185421335443
-0.799616886873824,3.61834988532154,1.80540728933228
3.22682913644639,3.65186157341465,0.131759111665348
3.2268291364464,4.2442578388667,-0.868240888334652
2.4201218523348,4.21672409487828,-0.0418890660015821
4.85442449914514,5.63666932642686,-0.0418890660015822
0.806707284111599,0.564862521463623,-0.17364817766693
0,0,0

StrokePoints: 14
0,0,0
-0.806707284111599,0.564862521463623,-0.17364817766693
0.00709039723777505,1.39838943166485,-0.020944533000791
-0.799616886873824,3.94805970614068,-0.368240888334652
0.00709039723777505,9.61226277655596,-1.2364817766693
0.820888078587149,15.5451302357089,-1.77837084267089
-2.22044604925031E-16,23.7314698366115,-2.16755626400633
-0.799616886873824,27.3498197219331,-0.36214897467405
2.42721224957257,31.0016812953477,-0.230389863008702
5.65404138601897,35.2459391342144,-1.09863075134335
8.07416323835376,39.4626632290927,-1.14051981734494
12.9285877374989,45.0993325555196,-1.18240888334652
13.7352950216105,45.6641950769832,-1.35605706101345
13.7352950216105,45.6641950769832,-1.35605706101345

Velocities: 13
0,1,0
1,1,0
0,1,1
2,1,2
2,2,2
3,2,3
0,2,2
4,0,1
4,0,1
4,1,1
4,0,2
1,0,0
0,0,0

InverseVelocities: 13
0,0,0
0,0,0
0,0,0
0,0,0
0,0,0
0,0,0
0,0,0
0,0,0
0,0,0
0,0,0
0,0,0
0,0,0
0,0,0
