GestureName: swipe_right
Duration(ms): 1034
Handedness: right

SpeakerAngles: 6
55
-55
0
0
110
-110

SpeakerElevations: 6
-10
-10
-10
0
30
30

InterpretedPoints: 22
-1.6134145682232,1.12972504292725,-0.347296355333861
-2.4201218523348,3.67939531740308,-0.694592710667721
-1.6134145682232,2.25945008585449,-0.694592710667721
2.4201218523348,1.69458756439087,-0.520944533000791
2.44139304404812,-0.888594398178072,1.5
0,0,0
0.813797681349374,-0.296198132726024,0.5
0,0,0
0,0,0
0.813797681349374,-0.296198132726024,0.5
0,-0.592396265452048,1
-1.6134145682232,-0.592396265452048,1
-0.806707284111599,-2.28698382984292,1.52094453300079
-5.66822218049452,-5.07778474906792,0.715537243668512
-8.09543443006709,-2.79677886332969,0.0418890660015822
-7.28163674871771,-8.45500398964029,0.0628335990023732
-8.09543443006709,-2.20438259787765,-0.958110933998418
-7.28872714595549,-1.63952007641402,-1.13175911166535
-5.67531257773229,-2.76924511934127,-0.784462756331487
-3.24100993092194,-8.75120212236632,0.562833599002373
-2.43430264681035,-8.1863396009027,0.389185421335443
0,0,0

StrokePoints: 23
0,0,0
-1.6134145682232,1.12972504292725,-0.347296355333861
-4.03353642055799,4.80912036033033,-1.04188906600158
-5.64695098878119,7.06857044618482,-1.7364817766693
-3.22682913644639,8.76315801057569,-2.25742630967009
-0.785436092398273,7.87456361239762,-0.757426309670095
-0.785436092398273,7.87456361239762,-0.757426309670095
0.0283615889511005,7.5783654796716,-0.257426309670095
0.0283615889511005,7.5783654796716,-0.257426309670095
0.0283615889511005,7.5783654796716,-0.257426309670095
0.842159270300474,7.28216734694557,0.242573690329905
0.842159270300474,6.68977108149352,1.2425736903299
-0.771255297922723,6.09737481604148,2.2425736903299
-1.57796258203432,3.81039098619856,3.7635182233307
-7.24618476252884,-1.26739376286937,4.47905546699921
-15.3416191925959,-4.06417262619906,4.52094453300079
-22.6232559413136,-12.5191766158394,4.58377813200316
-30.7186903713807,-14.723559213717,3.62566719800475
-38.0074175173362,-16.363079290131,2.4939080863394
-43.6827300950685,-19.1323244094723,1.70944533000791
-46.9237400259905,-27.8835265318386,2.27227892901028
-49.3580426728008,-36.0698661327413,2.66146435034573
-49.3580426728008,-36.0698661327413,2.66146435034573

Velocities: 22
0,2,0
0,3,1
1,3,0
3,0,0
0,0,0
0,0,0
0,0,0
0,0,0
0,0,0
0,0,0
0,0,0
-1,1,0
-2,-1,0
-5,-1,-1
-6,0,0
-6,0,-3
-6,0,0
-5,0,0
-5,-2,0
-4,-2,-3
-3,-2,-3
0,0,0

InverseVelocities: 22
0,0,0
0,0,0
0,0,0
0,0,0
0,0,0
0,0,0
0,0,0
0,0,0
0,0,0
0,0,0
0,0,0
0,0,0
0,0,0
0,1,0
0,0,0
0,0,0
0,0,0
0,0,0
0,0,0
0,0,0
0,0,0
0,0,0
