GestureName: swipe_back
Duration(ms): 611
Handedness: right

SpeakerAngles: 6
55
-55
0
0
110
-110

SpeakerElevations: 6
-10
-10
-10
0
30
30

InterpretedPoints: 13
0,-5.09934054895166,0.694592710667721
-0.799616886873823,-7.32527894671305,-0.284462756331488
-1.62759536269875,-8.75120212236632,0.562833599002373
0,-8.15880585691427,-0.437166400997627
0.806707284111599,-7.64901082342749,1.04188906600158
1.6134145682232,-7.08414830196387,0.868240888334652
2.4201218523348,-7.64901082342749,1.04188906600158
1.6134145682232,-9.06895605497608,1.04188906600158
3.2268291364464,-2.25945008585449,0.694592710667721
3.2268291364464,-2.25945008585449,0.694592710667721
1.6134145682232,-7.08414830196387,0.868240888334652
0,-5.09934054895166,0.694592710667721
0,0,0

StrokePoints: 14
0,0,0
0,-5.09934054895166,0.694592710667721
-0.799616886873823,-12.4246194956647,0.410129954336234
-2.42721224957257,-21.175821618031,0.972963553338607
-2.42721224957257,-29.3346274749453,0.53579715234098
-1.62050496546097,-36.9836382983728,1.57768621834256
-0.00709039723777471,-44.0677866003367,2.44592710667721
2.41303145509702,-51.7167974237642,3.4878161726788
4.02644602332022,-60.7857534787402,4.52970523868038
7.25327515976661,-63.0452035645947,5.2242979493481
10.480104296213,-65.3046536504492,5.91889066001582
12.0935188644362,-72.3888019524131,6.78713154835047
12.0935188644362,-77.4881425013647,7.48172425901819
12.0935188644362,-77.4881425013647,7.48172425901819

Velocities: 13
-1,-1,-2
-3,-1,-3
-3,-3,-3
-3,-3,-3
-1,-2,-3
0,-2,-3
0,-3,-3
0,-2,-4
0,-4,0
0,-4,0
0,-2,-3
-1,-1,-2
0,0,0

InverseVelocities: 13
0,0,0
0,0,0
0,0,0
0,0,0
0,0,0
0,0,0
0,0,0
0,0,0
0,0,0
0,0,0
0,0,0
0,0,0
0,0,0
