GestureName: swipe_down
Duration(ms): 235
Handedness: right

SpeakerAngles: 6
55
-55
0
0
110
-110

SpeakerElevations: 6
-10
-10
-10
0
30
30

InterpretedPoints: 5
1.62050496546097,0.2686643887376,0.32635182233307
0.806707284111599,0.564862521463623,-0.17364817766693
0.806707284111599,0.564862521463623,-0.17364817766693
0.806707284111599,0.564862521463623,-0.17364817766693
0,0,0

StrokePoints: 6
0,0,0
1.62050496546097,0.2686643887376,0.32635182233307
2.42721224957257,0.833526910201223,0.152703644666139
3.23391953368417,1.39838943166485,-0.0209445330007911
4.04062681779577,1.96325195312847,-0.194592710667721
4.04062681779577,1.96325195312847,-0.194592710667721

Velocities: 5
1,0,0
1,0,0
1,0,0
1,0,0
0,0,0

InverseVelocities: 5
0,0,0
0,0,0
0,0,0
0,0,0
0,0,0
