GestureName: swipe_up
Duration(ms): 705
Handedness: right

SpeakerAngles: 6
55
-55
0
0
110
-110

SpeakerElevations: 6
-10
-10
-10
0
30
30

InterpretedPoints: 15
2.43430264681035,-4.53447802748804,0.520944533000791
1.62050496546097,-7.09012624606856,1.71553724366851
0.820888078587149,-8.076204624949,-2.91622186799684
2.42721224957257,-12.314484519711,-2.89527733499604
0.799616886873824,-15.4290173156505,-2.37433280199525
0,-9.49614985649758,-2.91622186799684
-0.827978475824924,-13.554344538592,0.757426309670094
1.62759536269875,-8.10373836893742,-2.08987004566377
3.24100993092194,-2.79677886332969,0.0418890660015822
1.62050496546097,-3.65783951751934,0.715537243668512
4.06189800950909,-3.95403765024536,1.21553724366851
0,-1.66705382040245,-0.305407289332279
0,-2.25945008585449,0.694592710667721
0,-1.12972504292725,0.347296355333861
0,0,0

StrokePoints: 16
0,0,0
2.43430264681035,-4.53447802748804,0.520944533000791
4.05480761227132,-11.6246042735566,2.2364817766693
4.87569569085847,-19.7008088985056,-0.679740091327532
7.30290794043104,-32.0152934182166,-3.57501742632358
8.10252482730486,-47.4443107338671,-5.94935022831883
8.10252482730486,-56.9404605903647,-8.86557209631567
7.27454635147994,-70.4948051289566,-8.10814578664557
8.90214171417869,-78.598543497894,-10.1980158323093
12.1431516451006,-81.3953223612237,-10.1561267663078
13.7636566105616,-85.0531618787431,-9.44058952263924
17.8255546200707,-89.0071995289884,-8.22505227897073
17.8255546200707,-90.6742533493909,-8.53045956830301
17.8255546200707,-92.9337034352454,-7.83586685763529
17.8255546200707,-94.0634284781726,-7.48857050230142
17.8255546200707,-94.0634284781726,-7.48857050230142

Velocities: 15
0,-1,-2
-2,-3,-2
-5,-4,-3
-4,-6,-5
-5,-7,-6
-4,-4,-4
-3,-5,-5
-4,-4,-3
-2,-4,0
-3,-4,0
-3,-4,0
-2,-2,0
-2,-2,0
-1,-1,0
0,0,0

InverseVelocities: 15
0,0,0
1,0,0
1,0,0
1,0,0
0,0,0
0,0,0
0,0,0
0,0,0
0,0,0
0,0,0
0,0,0
0,0,0
0,0,0
0,0,0
0,0,0
