GestureName: swipe_left
Duration(ms): 564
Handedness: right

SpeakerAngles: 6
55
-55
0
0
110
-110

SpeakerElevations: 6
-10
-10
-10
0
30
30

InterpretedPoints: 12
2.43430264681035,-0.0275337439884242,0.82635182233307
3.24810032815972,0.2686643887376,0.32635182233307
4.85442449914514,-1.12972504292725,0.347296355333861
8.10252482730486,-0.805993166212799,-0.979055466999209
9.73012019000361,-6.49772998061651,0.715537243668513
8.90923211141646,-5.87779997117604,-1.11081457866456
4.84024370466959,-3.38917512878174,1.04188906600158
0,0,0
0,0,0
0,0,0
1.6134145682232,-1.12972504292725,0.347296355333861
0,0,0

StrokePoints: 13
0,0,0
2.43430264681035,-0.0275337439884242,0.82635182233307
5.68240297497007,0.241130644749175,1.15270364466614
10.5368274741152,-0.888594398178072,1.5
18.6393523014201,-1.69458756439087,0.520944533000791
28.3694724914237,-8.19231754500738,1.2364817766693
37.2787046028401,-14.0701175161834,0.125667198004747
42.1189483075097,-17.4592926449652,1.16755626400633
42.1189483075097,-17.4592926449652,1.16755626400633
42.1189483075097,-17.4592926449652,1.16755626400633
42.1189483075097,-17.4592926449652,1.16755626400633
43.7323628757329,-18.5890176878924,1.51485261934019
43.7323628757329,-18.5890176878924,1.51485261934019

Velocities: 12
1,0,0
1,0,0
1,-3,0
1,-4,0
0,-5,-2
0,-6,-2
0,-6,0
0,0,0
0,0,0
0,0,0
0,-2,0
0,0,0

InverseVelocities: 12
0,0,0
0,0,0
-2,0,0
0,0,0
0,0,0
0,0,0
0,0,0
0,0,0
0,0,0
0,0,0
0,0,0
0,0,0
