GestureName: swipe_right
Duration(ms): 752
Handedness: right

SpeakerAngles: 6
55
-55
0
0
110
-110

SpeakerElevations: 6
-10
-10
-10
0
30
30

InterpretedPoints: 16
-0.813797681349374,-0.296198132726024,0.5
-1.62050496546097,-0.861060654189647,0.67364817766693
-1.6134145682232,-2.85184635130654,1.69459271066772
-4.85442449914514,-3.65186157341465,-0.131759111665348
-6.46783906736834,-2.79677886332969,0.0418890660015822
-8.90214171417869,-12.6932838844023,0.0837781320031643
-8.08834403282931,-12.9894820171283,0.583778132003164
-4.84024370466959,-16.4277466897822,2.43107448733702
-4.84024370466959,-3.38917512878174,1.04188906600158
-6.48911025908166,-3.60277202954249,-0.937166400997627
2.4201218523348,-1.69458756439087,0.520944533000791
0.806707284111599,-8.50409353351246,0.868240888334652
-3.24810032815972,0.323731876714448,-1.32635182233307
0,0,0
0.806707284111599,-0.564862521463623,0.17364817766693
0,0,0

StrokePoints: 17
0,0,0
-0.813797681349374,-0.296198132726024,0.5
-2.43430264681035,-1.15725878691567,1.17364817766693
-4.04771721503354,-4.00910513822221,2.86824088833465
-8.90214171417869,-7.66096671163687,2.7364817766693
-15.369980781547,-10.4577455749666,2.77837084267089
-24.2721224957257,-23.1510294593689,2.86214897467405
-32.360466528555,-36.1405114764972,3.44592710667721
-37.2007102332246,-52.5682581662794,5.87700159401424
-42.0409539378942,-55.9574332950612,6.91889066001582
-48.5300641969759,-59.5602053246037,5.98172425901819
-46.1099423446411,-61.2547928889945,6.50266879201899
-45.3032350605295,-69.758886422507,7.37090968035364
-48.5513353886892,-69.4351545457926,6.04455785802057
-48.5513353886892,-69.4351545457926,6.04455785802057
-47.7446281045776,-70.0000170672562,6.2182060356875
-47.7446281045776,-70.0000170672562,6.2182060356875

Velocities: 16
0,0,0
-1,0,0
-3,-1,0
-4,0,-1
-6,0,0
-7,0,-5
-7,0,-5
-7,-1,-6
-6,0,0
-6,-3,0
0,-3,0
0,-1,-4
-1,0,0
0,0,0
0,-1,0
0,0,0

InverseVelocities: 16
0,0,0
0,0,0
0,0,0
0,0,0
0,0,0
0,0,0
0,0,0
0,0,0
0,0,0
0,0,0
0,0,0
0,0,0
0,0,0
0,0,0
0,0,0
0,0,0
