GestureName: swipe_front
Duration(ms): 564
Handedness: right

SpeakerAngles: 6
55
-55
0
0
110
-110

SpeakerElevations: 6
-10
-10
-10
0
30
30

InterpretedPoints: 12
-0.806707284111599,0.564862521463623,-0.17364817766693
-0.806707284111599,0.564862521463623,-0.17364817766693
-1.6134145682232,5.09934054895166,-0.694592710667721
1.63468575993652,8.74522417826163,0.284462756331487
0.806707284111599,5.01673931698639,1.78446275633149
-1.62759536269875,4.50694428349961,0.305407289332279
0.806707284111599,3.08699905195103,0.305407289332279
4.85442449914514,1.66705382040245,0.305407289332279
3.2268291364464,3.05946530796261,1.13175911166535
3.23391953368417,2.79080091922501,0.805407289332279
0.806707284111599,0.564862521463623,-0.17364817766693
0,0,0

StrokePoints: 13
0,0,0
-0.806707284111599,0.564862521463623,-0.17364817766693
-1.6134145682232,1.12972504292725,-0.347296355333861
-3.2268291364464,6.22906559187891,-1.04188906600158
-1.59214337650987,14.9742897701405,-0.757426309670095
-0.785436092398274,19.9910290871269,1.02703644666139
-2.41303145509702,24.4979733706265,1.33244373599367
-1.60632417098542,27.5849724225776,1.63785102532595
3.24810032815972,29.25202624298,1.94325831465823
6.47492946460611,32.3114915509426,3.07501742632358
9.70884899829028,35.1022924701676,3.88042471565586
10.5155562824019,35.6671549916313,3.70677653798892
10.5155562824019,35.6671549916313,3.70677653798892

Velocities: 12
0,1,0
0,1,0
0,2,2
1,2,4
3,2,2
1,1,2
2,1,1
4,0,0
4,0,1
3,0,1
1,0,0
0,0,0

InverseVelocities: 12
0,0,0
0,0,0
0,0,0
0,0,0
0,0,0
0,0,0
0,0,0
0,0,0
0,0,0
0,0,0
0,0,0
0,0,0
