GestureName: swipe_left
Duration(ms): 705
Handedness: right

SpeakerAngles: 6
55
-55
0
0
110
-110

SpeakerElevations: 6
-10
-10
-10
0
30
30

InterpretedPoints: 15
0.806707284111599,0.564862521463623,-0.17364817766693
1.62050496546097,0.2686643887376,0.32635182233307
2.42721224957257,0.833526910201223,0.152703644666139
4.05480761227132,0.833526910201223,0.152703644666139
6.48911025908167,-0.2686643887376,-0.326351822333069
11.3577155527024,-1.39838943166485,0.0209445330007911
9.75139138171694,-5.05622894918419,0.736481776669304
9.72302979276584,-1.6119863324256,-1.95811093399842
8.09543443006709,-2.20438259787765,-0.958110933998418
7.28163674871771,-2.50058073060367,-0.458110933998418
6.47492946460611,-3.06544325206729,-0.284462756331487
0,-1.12972504292725,0.347296355333861
0.806707284111599,-0.564862521463623,0.17364817766693
0.806707284111599,-0.564862521463623,0.17364817766693
0,0,0

StrokePoints: 16
0,0,0
0.806707284111599,0.564862521463623,-0.17364817766693
2.42721224957257,0.833526910201223,0.152703644666139
4.85442449914514,1.66705382040245,0.305407289332279
8.90923211141646,2.50058073060367,0.458110933998418
15.3983423704981,2.23191634186607,0.131759111665348
26.7560579232005,0.833526910201223,0.152703644666139
36.5074493049174,-4.22270203898296,0.889185421335443
46.2304790976833,-5.83468837140856,-1.06892551266297
54.3259135277503,-8.03907096928621,-2.02703644666139
61.6075502764681,-10.5396516998899,-2.48514738065981
68.0824797410742,-13.6050949519572,-2.7696101369913
68.0824797410742,-14.7348199948844,-2.42231378165744
68.8891870251858,-15.299682516348,-2.24866560399051
69.6958943092974,-15.8645450378117,-2.07501742632358
69.6958943092974,-15.8645450378117,-2.07501742632358

Velocities: 15
1,0,0
1,0,0
2,0,0
2,0,0
1,-2,0
1,-4,0
-4,-6,0
0,-6,0
0,-6,0
0,-6,0
-1,-6,0
-1,-1,0
0,-1,0
0,-1,0
0,0,0

InverseVelocities: 15
0,0,0
0,0,0
0,0,0
0,0,0
0,0,0
-3,0,0
0,0,0
0,0,0
0,0,0
0,0,0
0,0,0
0,0,0
0,0,0
0,0,0
0,0,0
