GestureName: swipe_front
Duration(ms): 564
Handedness: right

SpeakerAngles: 6
55
-55
0
0
110
-110

SpeakerElevations: 6
-10
-10
-10
0
30
30

InterpretedPoints: 12
-0.806707284111599,2.54967027447583,-0.347296355333861
0.00709039723777505,0.2686643887376,0.32635182233307
-0.799616886873824,0.833526910201223,0.152703644666139
-1.6134145682232,1.12972504292725,-0.347296355333861
-3.24100993092194,8.47655978952403,-0.0418890660015822
3.23391953368417,3.32812969670021,1.45811093399842
0.813797681349374,1.63354213230934,1.97905546699921
4.04062681779577,5.34047119370084,0.458110933998418
3.2268291364464,4.2442578388667,-0.868240888334652
2.42721224957257,2.81833466321343,-0.0209445330007911
1.62050496546097,0.2686643887376,0.32635182233307
0,0,0

StrokePoints: 13
0,0,0
-0.806707284111599,2.54967027447583,-0.347296355333861
-0.799616886873824,2.81833466321343,-0.0209445330007911
-1.59923377374765,3.65186157341465,0.131759111665348
-3.21264834197085,4.7815866163419,-0.215537243668512
-6.45365827289279,13.2581464058659,-0.257426309670095
-3.21973873920862,16.5862761025661,1.20068462432832
-2.40594105785925,18.2198182348755,3.17974009132753
1.63468575993652,23.5602894285763,3.63785102532595
4.86151489638292,27.804547267443,2.7696101369913
7.28872714595549,30.6228819306564,2.74866560399051
8.90923211141646,30.891546319394,3.07501742632358
8.90923211141646,30.891546319394,3.07501742632358

Velocities: 12
0,1,1
0,1,0
0,2,0
0,2,0
0,2,4
4,1,1
1,1,1
4,0,2
4,0,1
2,0,1
1,0,0
0,0,0

InverseVelocities: 12
0,0,0
0,0,0
0,0,0
0,0,0
0,0,0
0,0,0
0,0,0
0,0,0
0,0,0
0,0,0
0,0,0
0,0,0
