GestureName: tap_left
Duration(ms): 940
Handedness: right

SpeakerAngles: 6
55
-55
0
0
110
-110

SpeakerElevations: 6
-10
-10
-10
0
30
30

InterpretedPoints: 20
1.62050496546097,-0.2686643887376,-0.32635182233307
4.04771721503354,0.0275337439884242,-0.82635182233307
7.29581754319326,-2.22593839776138,-0.979055466999209
7.28163674871771,-2.50058073060367,-0.458110933998418
6.46783906736834,-3.98157139423379,2.04188906600158
7.27454635147994,-3.36164138479332,0.215537243668512
5.66113178325674,-2.23191634186607,-0.131759111665348
6.48201986184389,-1.0746575549504,-1.30540728933228
1.6134145682232,-1.12972504292725,0.347296355333861
0,0,0
-1.6134145682232,1.12972504292725,-0.347296355333861
-4.04771721503354,1.63952007641402,1.13175911166535
-2.41303145509702,3.09297699605572,-0.541889066001582
-4.85442449914514,1.0746575549504,1.30540728933228
-5.66113178325674,2.23191634186607,0.131759111665348
0,3.96961550602442,-0.347296355333861
-3.2551907253975,5.3189153938171,0.437166400997627
-2.44139304404812,0.241130644749175,1.15270364466614
-1.62759536269875,-0.592396265452048,1
0,0,0

StrokePoints: 21
0,0,0
1.62050496546097,-0.2686643887376,-0.32635182233307
5.66822218049452,-0.241130644749175,-1.15270364466614
12.9640397236878,-2.46706904251056,-2.13175911166535
20.2456764724055,-4.96764977311423,-2.58987004566377
26.7135155397738,-8.94922116734802,-0.547980979662184
33.9880618912538,-12.3108625521413,-0.332443735993671
39.6491936745105,-14.5427788940074,-0.46420284765902
46.1312135363544,-15.6174364489578,-1.7696101369913
47.7446281045776,-16.747161491885,-1.42231378165744
47.7446281045776,-16.747161491885,-1.42231378165744
46.1312135363544,-15.6174364489578,-1.7696101369913
42.0834963213209,-13.9779163725438,-0.63785102532595
39.6704648662238,-10.8849393764881,-1.17974009132753
34.8160403670787,-9.81028182153766,0.125667198004746
29.154908583822,-7.57836547967159,0.257426309670095
29.154908583822,-3.60874997364718,-0.0898700456637661
25.8997178584245,1.71016542016992,0.347296355333861
23.4583248143763,1.9512960649191,1.5
21.8307294516776,1.35889979946705,2.5
21.8307294516776,1.35889979946705,2.5

Velocities: 20
0,-1,0
1,-2,0
1,-3,-1
0,-6,0
0,-6,0
0,-7,0
0,-5,0
0,-4,0
0,-2,0
0,0,0
0,2,0
1,4,0
1,5,0
0,4,0
0,5,0
0,0,2
4,4,1
1,1,0
0,0,0
0,0,0

InverseVelocities: 20
0,0,0
0,0,0
0,0,0
0,0,0
0,0,0
0,0,0
0,0,0
0,0,0
0,0,0
0,0,0
0,0,0
0,0,0
0,0,0
0,0,0
0,0,0
0,0,0
0,0,0
0,0,0
0,0,0
0,0,0
