GestureName: tap_back
Duration(ms): 940
Handedness: right

SpeakerAngles: 6
55
-55
0
0
110
-110

SpeakerElevations: 6
-10
-10
-10
0
30
30

InterpretedPoints: 20
0,-5.09934054895166,0.694592710667721
-0.806707284111599,-15.8628841683186,2.25742630967009
4.03353642055799,-15.8628841683186,2.25742630967009
0,-22.6568122816611,3.47296355333861
-2.43430264681035,-22.6292785376727,2.64661173100554
0,-6.77835025756348,2.08377813200316
0.806707284111599,-14.7331591253914,1.91012995433623
0,0,0
0,0,0
0.00709039723777505,1.39838943166485,-0.0209445330007911
4.86151489638292,3.06544325206729,0.284462756331487
1.62759536269875,17.2708735116578,-0.562833599002373
0,0,0
4.86860529362069,7.85300781251388,-0.778370842670886
2.44139304404812,15.5391522916042,-0.931074487337025
0.813797681349374,11.8322232302127,0.589870045663766
4.05480761227132,7.32527894671305,0.284462756331487
2.42721224957257,4.80314241622564,-0.194592710667721
0.806707284111599,0.564862521463623,-0.17364817766693
0,0,0

StrokePoints: 21
0,0,0
0,-5.09934054895166,0.694592710667721
-0.806707284111599,-20.9622247172703,2.95201902033782
3.22682913644639,-36.8251088855889,5.20944533000791
3.22682913644639,-59.48192116725,8.68240888334652
0.792526489636048,-82.1111997049228,11.3290206143521
0.792526489636048,-88.8895499624862,13.4127987463552
1.59923377374765,-103.622709087878,15.3229287006915
1.59923377374765,-103.622709087878,15.3229287006915
1.59923377374765,-103.622709087878,15.3229287006915
1.60632417098542,-102.224319656213,15.3019841676907
6.46783906736834,-99.1588764041455,15.5864469240222
8.09543443006709,-81.8880028924876,15.0236133250198
8.09543443006709,-81.8880028924876,15.0236133250198
12.9640397236878,-74.0349950799738,14.2452424823489
15.4054327677359,-58.4958427883696,13.3141679950119
16.2192304490853,-46.6636195581569,13.9040380406756
20.2740380613566,-39.3383406114439,14.1885007970071
22.7012503109292,-34.5351981952182,13.9939080863394
23.5079575950408,-33.9703356737546,13.8202599086725
23.5079575950408,-33.9703356737546,13.8202599086725

Velocities: 20
-1,-1,-2
-4,-3,-6
-1,-6,-6
-6,-6,-8
-7,-6,-8
-6,-6,0
-2,-3,-6
0,0,0
0,0,0
1,2,0
5,2,0
0,0,9
0,0,0
9,7,0
4,4,6
3,3,5
3,1,3
2,0,2
1,0,0
0,0,0

InverseVelocities: 20
0,0,0
0,0,0
0,0,0
0,0,0
0,0,0
0,0,0
0,0,0
0,0,0
0,0,0
0,0,0
0,0,0
0,0,0
0,0,0
0,0,0
0,0,0
0,0,0
0,0,0
0,0,0
0,0,0
0,0,0
