GestureName: tap_down
Duration(ms): 987
Handedness: right

SpeakerAngles: 6
55
-55
0
0
110
-110

SpeakerElevations: 6
-10
-10
-10
0
30
30

InterpretedPoints: 21
1.6134145682232,3.11453279593945,-0.520944533000791
5.67531257773229,15.7527491923649,1.04798097966218
7.30999833766881,16.2409884259679,2.5060919136606
4.06189800950909,32.7178246596224,-0.730389863008702
-0.820888078587148,24.3938163387775,3.79055466999209
-1.62050496546097,21.1482878740426,-0.146611731005537
2.44139304404812,8.45500398964029,-0.0628335990023732
1.6134145682232,1.12972504292725,-0.347296355333861
0,0,0
0,0,0
0,0,0
0.813797681349374,-0.296198132726024,0.5
4.06898840674687,-8.56513896559399,3.36824088833465
3.24810032815972,-12.1894667950202,2.41012995433623
-5.68949337220784,-19.9970070312316,-0.179740091327532
-3.24100993092194,-16.2625442258517,-2.52703644666139
-0.806707284111599,-20.2596934758645,-1.35338826899446
6.50329105355721,-13.8565206154227,2.10472266500395
-3.24810032815972,-9.87494922118888,0.0628335990023732
0,-2.25945008585449,0.694592710667721
0,0,0

StrokePoints: 22
0,0,0
1.6134145682232,3.11453279593945,-0.520944533000791
7.28872714595549,18.8672819883044,0.527036446661393
14.5987254836243,35.1082704142723,3.03312836032199
18.6606234931334,67.8260950738947,2.30273849731329
17.8397354145462,92.2199114126722,6.09329316730538
16.2192304490853,113.368199286715,5.94668143629984
18.6606234931334,121.823203276355,5.88384783729747
20.2740380613566,122.952928319282,5.53655148196361
20.2740380613566,122.952928319282,5.53655148196361
20.2740380613566,122.952928319282,5.53655148196361
20.2740380613566,122.952928319282,5.53655148196361
21.087835742706,122.656730186556,6.03655148196361
25.1568241494528,114.091591220962,9.40479237029826
28.4049244776126,101.902124425942,11.8149223246345
22.7154311054047,81.9051173947105,11.635182233307
19.4744211744828,65.6425731688588,9.10814578664557
18.6677138903712,45.3828796929943,7.75475751765111
25.1710049439284,31.5263590775716,9.85948018265506
21.9229046157687,21.6514098563828,9.92231378165743
21.9229046157687,19.3919597705283,10.6169064923252
21.9229046157687,19.3919597705283,10.6169064923252

Velocities: 21
2,0,1
7,4,6
10,8,5
11,10,12
11,10,9
6,7,8
3,3,3
2,0,0
0,0,0
0,0,0
0,0,0
0,0,0
-1,-1,-3
-3,-4,-4
-8,-7,-7
-8,-6,-6
-7,-6,-8
-5,-6,-4
-3,-2,-4
-2,-2,0
0,0,0

InverseVelocities: 21
0,0,0
0,0,0
0,0,0
0,0,0
0,0,0
0,0,0
0,0,0
0,0,0
0,0,0
0,0,0
0,0,0
0,0,0
0,0,0
0,0,0
0,0,0
0,0,0
0,0,0
0,0,0
0,0,0
0,0,0
0,0,0
