GestureName: tap_back
Duration(ms): 940
Handedness: right

SpeakerAngles: 6
55
-55
0
0
110
-110

SpeakerElevations: 6
-10
-10
-10
0
30
30

InterpretedPoints: 20
-1.6134145682232,-1.12972504292725,0.347296355333861
-0.799616886873823,-5.93286745915289,0.541889066001582
2.44139304404812,-10.4398117426525,0.236481776669304
0.820888078587149,-14.4154051927816,1.43107448733702
0,-19.5422794857217,2.95201902033782
1.6134145682232,-18.3574869548176,0.952019020337816
-1.62050496546097,-4.78756456044659,1.06283359900237
0.792526489636048,-3.36164138479332,0.215537243668512
0,0,0
0,0,0
-0.799616886873824,2.81833466321343,-0.0209445330007911
0.0141807944755501,2.79677886332969,-0.0418890660015822
8.12379601901819,14.6386020052167,2.2635182233307
2.44139304404812,-0.888594398178072,1.5
-2.40594105785925,19.5027898535239,-0.431074487337025
4.04771721503354,22.8919649823056,-1.47296355333861
0.785436092398274,18.0062213341147,1.20068462432832
3.2551907253975,14.1132291159509,-0.0837781320031643
1.62050496546097,7.35281269070147,-0.541889066001582
0,0,0

StrokePoints: 21
0,0,0
-1.6134145682232,-1.12972504292725,0.347296355333861
-2.41303145509702,-7.06259250208013,0.889185421335443
0.0283615889511002,-17.5024042447326,1.12566719800475
0.849249667538249,-31.9178094375142,2.55674168534177
0.849249667538249,-51.4600889232359,5.50876070567959
2.46266423576145,-69.8175758780535,6.4607797260174
0.842159270300474,-74.6051404385001,7.52361332501978
1.63468575993652,-77.9667818232934,7.73915056868829
1.63468575993652,-77.9667818232934,7.73915056868829
1.63468575993652,-77.9667818232934,7.73915056868829
0.835068873062698,-75.14844716008,7.7182060356875
0.849249667538248,-72.3516682967503,7.67631696968591
8.97304568655644,-57.7130662915336,9.93983519301661
11.4144387306046,-58.6016606897117,11.4398351930166
9.00849767274531,-39.0988708361878,11.0087607056796
13.0562148877789,-16.2069058538821,9.53579715234098
13.8416509801771,1.7993154802326,10.7364817766693
17.0968417055746,15.9125445961835,10.6527036446661
18.7173466710356,23.265357286885,10.1108145786646
18.7173466710356,23.265357286885,10.1108145786646

Velocities: 20
-2,0,0
-3,-1,-2
-3,-3,-4
-5,-4,-5
-5,-5,-7
-4,-6,-7
-5,-4,0
-2,-5,0
0,0,0
0,0,0
0,2,1
2,4,0
2,0,8
0,0,0
0,5,9
7,4,9
8,4,7
3,3,6
2,1,3
0,0,0

InverseVelocities: 20
0,0,0
0,0,0
0,0,0
0,0,0
0,0,0
0,0,0
0,0,0
0,0,0
0,0,0
0,0,0
0,0,0
0,0,0
0,0,0
0,0,0
0,0,0
0,0,0
0,0,0
0,0,0
0,0,0
0,0,0
