GestureName: tap_right
Duration(ms): 1175
Handedness: right

SpeakerAngles: 6
55
-55
0
0
110
-110

SpeakerElevations: 6
-10
-10
-10
0
30
30

InterpretedPoints: 25
-0.806707284111599,-0.564862521463623,0.17364817766693
-1.6134145682232,-2.25945008585449,0.694592710667721
-1.60632417098542,-6.44266249263966,-0.937166400997627
-5.66113178325674,-6.20153184789049,0.215537243668512
-6.47492946460611,-9.87494922118888,0.0628335990023732
-8.09543443006709,-12.1284213629387,-0.0898700456637662
-4.86151489638292,-11.8597569742011,0.236481776669303
-5.67531257773229,-0.509795033486775,-1.47905546699921
-4.05480761227132,-3.63030577353092,-0.110814578664557
-3.24100993092194,-3.92650390625694,0.389185421335443
-0.813797681349374,-1.68860962028618,-0.32635182233307
0,0,0
0,0,0
1.62759536269875,5.36202699358458,0.479055466999209
4.05480761227132,10.4398117426525,-0.236481776669304
1.6417761571743,1.0746575549504,1.30540728933228
8.08834403282931,14.9742897701405,-0.757426309670095
3.23391953368417,1.39838943166485,-0.0209445330007911
3.2551907253975,-1.1847925309041,2
8.90923211141646,5.87779997117604,1.11081457866456
7.28163674871771,6.47019623662809,0.110814578664557
5.66822218049452,4.48538848361588,0.284462756331487
2.42721224957257,0.833526910201223,0.152703644666139
0.806707284111599,0.564862521463623,-0.17364817766693
0,0,0

StrokePoints: 26
0,0,0
-0.806707284111599,-0.564862521463623,0.17364817766693
-2.4201218523348,-2.82431260731812,0.868240888334652
-4.02644602332022,-9.26697509995778,-0.0689255126629751
-9.68757780657696,-15.4685069478483,0.146611731005537
-16.1625072711831,-25.3434561690371,0.209445330007911
-24.2579417012502,-37.4718775319758,0.119575284344144
-29.1194565976331,-49.3316345061769,0.356057061013448
-34.7947691753654,-49.8414295396637,-1.12299840598576
-38.8495767876367,-53.4717353131946,-1.23381298465032
-42.0905867185586,-57.3982392194515,-0.844627563314875
-42.904384399908,-59.0868488397377,-1.17097938564794
-42.904384399908,-59.0868488397377,-1.17097938564794
-42.904384399908,-59.0868488397377,-1.17097938564794
-41.2767890372093,-53.7248218461531,-0.691923918648736
-37.2219814249379,-43.2850101035006,-0.92840569531804
-35.5802052677636,-42.2103525485502,0.377001594014239
-27.4918612349343,-27.2360627784097,-0.380424715655856
-24.2579417012502,-25.8376733467449,-0.401369248656647
-21.0027509758527,-27.022465877649,1.59863075134335
-12.0935188644362,-21.1446659064729,2.70944533000791
-4.81188211571849,-14.6744696698448,2.82025990867247
0.856340064776028,-10.189081186229,3.10472266500395
3.2835523143486,-9.35555427602773,3.25742630967009
4.0902595984602,-8.7906917545641,3.08377813200316
4.0902595984602,-8.7906917545641,3.08377813200316

Velocities: 25
-1,0,0
-3,-1,0
-5,-2,-2
-5,0,-2
-5,0,-4
-6,0,-5
-4,-1,-5
-3,0,0
-5,-3,0
-5,-3,0
0,0,-1
0,0,0
0,0,0
0,0,3
4,2,4
1,3,0
7,0,6
3,0,0
0,0,0
6,0,2
6,0,2
5,1,1
2,0,0
1,0,0
0,0,0

InverseVelocities: 25
0,0,0
0,0,0
0,0,0
0,0,0
0,0,0
0,0,0
0,0,0
0,0,0
0,0,0
0,0,0
0,0,0
0,0,0
0,0,0
0,0,0
0,0,0
0,0,0
0,0,0
0,0,0
0,0,0
0,0,0
0,0,0
0,0,0
0,0,0
0,0,0
0,0,0
