GestureName: tap_left
Duration(ms): 987
Handedness: right

SpeakerAngles: 6
55
-55
0
0
110
-110

SpeakerElevations: 6
-10
-10
-10
0
30
30

InterpretedPoints: 21
0.806707284111599,0.564862521463623,-0.17364817766693
1.6134145682232,-1.12972504292725,0.347296355333861
5.66822218049452,-0.833526910201223,-0.152703644666139
7.30290794043104,-1.10219129893882,-0.479055466999209
9.71593939552806,-2.52811447459209,0.368240888334652
12.164422836814,-8.45500398964029,0.062833599002373
8.90923211141646,-1.90818446515162,-1.45811093399842
5.68240297497007,0.351265620702872,-2.15270364466614
1.6134145682232,-1.12972504292725,0.347296355333861
1.6134145682232,-1.12972504292725,0.347296355333861
0,0,0
0,0,0
-1.6134145682232,1.12972504292725,-0.347296355333861
-4.03353642055799,2.82431260731812,-0.868240888334652
-8.90923211141646,1.31578819969957,2.45811093399842
-8.09543443006709,9.55121734447443,1.2635182233307
-6.47492946460611,1.343321943688,1.63175911166535
-3.2268291364464,4.2442578388667,-0.868240888334652
-4.06898840674687,7.00752501410328,0.763518223330696
-3.23391953368417,1.39838943166485,-0.0209445330007911
0,0,0

StrokePoints: 22
0,0,0
0.806707284111599,0.564862521463623,-0.17364817766693
2.4201218523348,-0.564862521463623,0.17364817766693
8.08834403282931,-1.39838943166485,0.020944533000791
15.3912519732604,-2.50058073060367,-0.458110933998418
25.1071913687884,-5.02869520519576,-0.0898700456637659
37.2716142056024,-13.4836991948361,-0.0270364466613929
46.1808463170188,-15.3918836599877,-1.48514738065981
51.8632492919889,-15.0406180392848,-3.63785102532595
53.4766638602121,-16.1703430822121,-3.29055466999209
55.0900784284353,-17.3000681251393,-2.94325831465823
55.0900784284353,-17.3000681251393,-2.94325831465823
55.0900784284353,-17.3000681251393,-2.94325831465823
53.4766638602121,-16.1703430822121,-3.29055466999209
49.4431274396541,-13.3460304748939,-4.15879555832674
40.5338953282376,-12.0302422751944,-1.70068462432832
32.4384608981706,-2.47902493071994,-0.437166400997626
25.9635314335644,-1.13570298703194,1.19459271066772
22.7367022971181,3.10855485183476,0.32635182233307
18.6677138903712,10.116079865938,1.08987004566377
15.433794356687,11.5144692976029,1.06892551266298
15.433794356687,11.5144692976029,1.06892551266298

Velocities: 21
1,0,0
0,-2,0
1,-3,0
0,-3,0
1,-6,0
0,-6,-3
0,-6,0
0,-2,0
0,-2,0
0,-2,0
0,0,0
0,0,0
0,2,0
0,5,0
0,6,0
0,6,4
0,5,0
0,4,1
4,4,2
0,3,0
0,0,0

InverseVelocities: 21
0,0,0
0,0,0
-1,0,0
0,0,0
0,0,0
0,0,0
0,0,0
0,0,0
0,0,0
0,0,0
0,0,0
0,0,0
0,0,0
0,0,0
0,0,0
0,0,0
0,0,0
0,0,0
0,0,0
0,0,0
0,0,0
