GestureName: tap_right
Duration(ms): 1034
Handedness: right

SpeakerAngles: 6
55
-55
0
0
110
-110

SpeakerElevations: 6
-10
-10
-10
0
30
30

InterpretedPoints: 22
-2.42721224957257,-1.42592317565327,0.847296355333861
-2.42721224957257,-2.81833466321343,0.0209445330007911
-5.65404138601897,-6.47019623662809,-0.110814578664557
-8.09543443006709,-6.17399810390206,-0.610814578664557
-10.5297370768774,-4.43629893974372,-1.08987004566377
-8.10252482730486,-17.7710686334702,0.799315375671676
-0.0283615889511002,-12.1284213629387,-0.0898700456637662
-3.24810032815972,0.323731876714448,-1.32635182233307
0,0,0
0,0,0
0,0,0
0.813797681349374,-0.296198132726024,0.5
0.813797681349374,-0.296198132726024,0.5
1.62050496546097,0.2686643887376,0.32635182233307
0.820888078587149,17.2552956558788,-1.43107448733702
0.806707284111599,3.95403765024536,-1.21553724366851
10.5297370768774,2.17684885388922,1.78446275633149
14.577454291911,15.1878866709013,1.22162915732911
11.336444360989,5.3189153938171,0.437166400997627
6.47492946460611,4.5129222276043,-0.541889066001582
3.23391953368417,1.99078569711689,-1.02094453300079
0,0,0

StrokePoints: 23
0,0,0
-2.42721224957257,-1.42592317565327,0.847296355333861
-4.85442449914514,-4.2442578388667,0.868240888334652
-10.5084658851641,-10.7144540754948,0.757426309670095
-18.6039003152312,-16.8884521793969,0.146611731005537
-29.1336373921086,-21.3247511191406,-0.943258314658229
-37.2361622194135,-39.0958197526108,-0.143942938986552
-37.2645238083646,-51.2242411155495,-0.233812984650318
-40.5126241365243,-50.900509238835,-1.56016480698339
-40.5126241365243,-50.900509238835,-1.56016480698339
-40.5126241365243,-50.900509238835,-1.56016480698339
-40.5126241365243,-50.900509238835,-1.56016480698339
-39.6988264551749,-51.1967073715611,-1.06016480698339
-38.8850287738256,-51.4929055042871,-0.560164806983388
-37.2645238083646,-51.2242411155495,-0.233812984650318
-36.4436357297775,-33.9689454596707,-1.66488747198734
-35.6369284456659,-30.0149078094253,-2.88042471565586
-25.1071913687884,-27.8380589555361,-1.09596195932437
-10.5297370768774,-12.6501722846348,0.125667198004746
0.806707284111585,-7.33125689081773,0.562833599002373
7.2816367487177,-2.81833466321343,0.0209445330007909
10.5155562824019,-0.827548966096531,-1
10.5155562824019,-0.827548966096531,-1

Velocities: 22
-2,0,0
-2,0,-1
-6,0,-2
-6,0,-2
-9,-2,0
-9,-4,-6
-1,-5,-5
-1,0,0
0,0,0
0,0,0
0,0,0
0,0,0
0,0,0
1,0,0
3,4,7
4,3,0
7,0,0
10,0,6
8,0,1
5,0,1
3,0,0
0,0,0

InverseVelocities: 22
0,0,0
0,0,0
0,0,0
0,0,0
0,0,0
0,0,0
0,0,0
0,0,0
0,0,0
0,0,0
0,0,0
0,0,0
0,0,0
0,0,0
0,0,0
0,0,0
0,0,0
0,0,0
0,0,0
0,0,0
0,0,0
0,0,0
