GestureName: tap_left
Duration(ms): 1175
Handedness: right

SpeakerAngles: 6
55
-55
0
0
110
-110

SpeakerElevations: 6
-10
-10
-10
0
30
30

InterpretedPoints: 25
2.43430264681035,0.0275337439884242,-0.82635182233307
2.43430264681035,-1.95727400902378,-0.652703644666139
3.23391953368417,-1.99078569711689,1.02094453300079
8.90923211141646,-5.87779997117604,-1.11081457866456
8.10252482730486,-1.343321943688,-1.63175911166535
3.2268291364464,-2.25945008585449,0.694592710667721
3.2268291364464,-2.25945008585449,0.694592710667721
3.2268291364464,-2.25945008585449,0.694592710667721
0.806707284111599,-0.564862521463623,0.17364817766693
0,0,0
0,0,0
0,0,0
-8.06707284111599,-3.66381746162403,1.56283359900237
-2.4201218523348,1.69458756439087,-0.520944533000791
-3.2268291364464,2.25945008585449,-0.694592710667721
-0.792526489636048,1.10219129893882,0.479055466999209
-10.543917871353,-0.137668719942121,4.13175911166535
-1.60632417098542,10.4673454866409,-1.06283359900237
-8.91632250865424,7.0015470699986,1.61081457866456
-5.68240297497007,3.61834988532154,1.80540728933228
0,1.12972504292725,-0.347296355333861
0,0,0
0,0,0
8.87378012522759,6.21348773609986,-1.91012995433623
0,0,0

StrokePoints: 26
0,0,0
2.43430264681035,0.0275337439884242,-0.82635182233307
4.86860529362069,-1.92974026503536,-1.47905546699921
8.10252482730486,-3.92052596215225,-0.458110933998418
17.0117569387213,-9.79832593332829,-1.56892551266297
25.1142817660262,-11.1416478770163,-3.20068462432832
28.3411109024726,-13.4010979628708,-2.5060919136606
31.567940038919,-15.6605480487253,-1.81149920299288
34.7947691753654,-17.9199981345798,-1.11690649232516
35.601476459477,-18.4848606560434,-0.943258314658229
35.601476459477,-18.4848606560434,-0.943258314658229
35.601476459477,-18.4848606560434,-0.943258314658229
35.601476459477,-18.4848606560434,-0.943258314658229
27.534403618361,-22.1486781176674,0.619575284344144
25.1142817660262,-20.4540905532766,0.0986307513433532
21.8874526295798,-18.1946404674221,-0.595961959324368
21.0949261399437,-17.0924491684832,-0.116906492325159
10.5510082685908,-17.2301178884254,4.01485261934019
8.94468409760533,-6.76277240178443,2.95201902033782
0.0283615889510944,0.238774668214165,4.56283359900237
-5.65404138601897,3.85712455353571,6.36824088833465
-5.65404138601897,4.98684959646296,6.02094453300079
-5.65404138601897,4.98684959646296,6.02094453300079
-5.65404138601897,4.98684959646296,6.02094453300079
3.21973873920861,11.2003373325628,4.11081457866456
3.21973873920861,11.2003373325628,4.11081457866456

Velocities: 25
0,-1,0
0,-1,-1
0,-3,0
0,-6,-2
0,-5,0
0,-4,0
0,-4,0
0,-4,0
0,-1,0
0,0,0
0,0,0
0,0,0
-10,0,1
0,3,0
0,4,0
0,3,0
0,5,0
1,4,4
0,5,3
0,2,2
1,1,0
0,0,0
0,0,0
11,0,0
0,0,0

InverseVelocities: 25
0,0,0
0,0,0
0,0,0
0,0,0
0,0,0
0,0,0
0,0,0
0,0,0
0,0,0
0,0,0
0,0,0
0,0,0
1,0,0
0,0,0
0,0,0
0,0,0
0,0,0
0,0,0
0,0,0
0,0,0
0,0,0
0,0,0
0,0,0
0,0,0
0,0,0
