GestureName: tap_back
Duration(ms): 940
Handedness: right

SpeakerAngles: 6
55
-55
0
0
110
-110

SpeakerElevations: 6
-10
-10
-10
0
30
30

InterpretedPoints: 20
-2.42721224957257,-4.21074615077359,-0.805407289332279
-0.806707284111599,-9.90846090928199,1.7364817766693
-4.06189800950909,-15.8078166803418,0.604722665003955
0,-18.8948157322928,0.299315375671677
-0.813797681349374,-6.48215212483746,1.58377813200316
-6.46074867013056,-3.65783951751934,0.715537243668512
-0.00709039723777505,-0.2686643887376,-0.32635182233307
4.04771721503354,-10.1711473539149,0.562833599002373
0,0,0
0,0,0
0.813797681349374,-0.296198132726024,0.5
1.62759536269875,-0.592396265452048,1
-3.20555794473307,3.06544325206729,0.284462756331487
4.86151489638292,7.58434342377628,-1.10472266500396
4.86151489638292,27.4324209538984,-2.84120444167326
8.11670562178041,23.1330956270548,-0.320259908672468
3.22682913644639,12.6657501404139,0.742573690329905
3.23391953368417,4.77560867223722,0.631759111665348
1.62050496546097,0.2686643887376,0.32635182233307
0,0,0

StrokePoints: 21
0,0,0
-2.42721224957257,-4.21074615077359,-0.805407289332279
-3.23391953368417,-14.1192070600556,0.931074487337025
-7.29581754319326,-29.9270237403973,1.53579715234098
-7.29581754319326,-48.8218394726901,1.83511252801266
-8.10961522454264,-55.3039915975276,3.41889066001582
-14.5703638946732,-58.9618311150469,4.13442790368433
-14.577454291911,-59.2304955037845,3.80807608135126
-10.5297370768774,-69.4016428576994,4.37090968035364
-10.5297370768774,-69.4016428576994,4.37090968035364
-10.5297370768774,-69.4016428576994,4.37090968035364
-9.71593939552806,-69.6978409904255,4.87090968035364
-8.08834403282931,-70.2902372558775,5.87090968035364
-11.2939019775624,-67.2247940038102,6.15537243668512
-6.43238708117946,-59.6404505800339,5.05064977168117
-1.57087218479654,-32.2080296261356,2.20944533000791
6.54583343698387,-9.07493399908076,1.88918542133544
9.77266257343026,3.59081614133312,2.63175911166535
13.0065821071144,8.36642481357034,3.2635182233307
14.6270870725754,8.63508920230794,3.58987004566377
14.6270870725754,8.63508920230794,3.58987004566377

Velocities: 20
-2,0,-2
-4,-3,-3
-5,-4,-6
-6,-6,-7
-6,-6,0
-7,0,0
0,-1,0
-1,-4,-4
0,0,0
0,0,0
0,0,0
0,0,0
0,7,0
9,6,0
9,6,10
8,5,9
6,2,5
3,0,2
1,0,0
0,0,0

InverseVelocities: 20
0,0,0
0,0,0
0,0,0
0,0,0
0,0,0
0,0,0
0,0,0
0,0,0
0,0,0
0,0,0
0,0,0
0,0,0
0,0,0
0,0,0
0,0,0
0,0,0
0,0,0
0,0,0
0,0,0
0,0,0
