GestureName: tap_left
Duration(ms): 1316
Handedness: right

SpeakerAngles: 6
55
-55
0
0
110
-110

SpeakerElevations: 6
-10
-10
-10
0
30
30

InterpretedPoints: 28
0,1.98480775301221,-0.17364817766693
2.44139304404812,1.09621335483414,1.32635182233307
2.43430264681035,-0.0275337439884242,0.82635182233307
0,0,0
0.813797681349374,-0.296198132726024,0.5
0,0,0
1.62050496546097,0.2686643887376,0.32635182233307
2.43430264681035,-0.0275337439884242,0.82635182233307
7.29581754319326,1.42592317565327,-0.847296355333861
8.95177449484311,0.296198132726024,-0.5
10.5864602547796,-6.15842024812301,0.257426309670096
7.28872714595549,-4.00910513822221,2.86824088833465
17.0259377331969,-1.04712381096197,-2.13175911166535
4.84024370466959,-3.38917512878174,1.04188906600158
4.03353642055799,-2.82431260731812,0.868240888334652
0,0,0
0,0,0
0,0,0
-4.03353642055799,2.82431260731812,-0.868240888334652
-4.03353642055799,3.95403765024537,-1.21553724366851
-3.24810032815972,-1.4534569196417,1.67364817766693
-7.29581754319326,0.778459422224375,1.80540728933228
-8.09543443006709,2.20438259787765,0.958110933998418
-8.10252482730486,1.343321943688,1.63175911166535
-2.4201218523348,1.30981025559489,3.30540728933228
-1.62050496546097,0.2686643887376,0.32635182233307
-0.806707284111599,0.564862521463623,-0.17364817766693
0,0,0

StrokePoints: 29
0,0,0
0,1.98480775301221,-0.17364817766693
2.44139304404812,3.08102110784634,1.15270364466614
4.87569569085847,3.05348736385792,1.97905546699921
4.87569569085847,3.05348736385792,1.97905546699921
5.68949337220784,2.7572892311319,2.47905546699921
5.68949337220784,2.7572892311319,2.47905546699921
7.30999833766881,3.0259536198695,2.80540728933228
9.74430098447916,2.99841987588107,3.63175911166535
17.0401185276724,4.42434305153434,2.78446275633149
25.9918930225155,4.72054118426037,2.28446275633149
36.5783532772952,-1.43787906386264,2.54188906600158
43.8670804232507,-5.44698420208486,5.41012995433623
60.8930181564475,-6.49410801304683,3.27837084267089
65.7332618611171,-9.88328314182857,4.32025990867247
69.7667982816751,-12.7075957491467,5.18850079700712
69.7667982816751,-12.7075957491467,5.18850079700712
69.7667982816751,-12.7075957491467,5.18850079700712
69.7667982816751,-12.7075957491467,5.18850079700712
65.7332618611171,-9.88328314182857,4.32025990867247
61.6997254405591,-5.92924549158321,3.10472266500396
58.4516251123994,-7.3827024112249,4.77837084267089
51.1558075692061,-6.60424298900053,6.58377813200316
43.0603731391391,-4.39986039112288,7.54188906600158
34.9578483118342,-3.05653844743488,9.17364817766693
32.5377264594994,-1.74672819183999,12.4790554669992
30.9172214940384,-1.47806380310239,12.8054072893323
30.1105142099268,-0.913201281638771,12.6317591116653
30.1105142099268,-0.913201281638771,12.6317591116653

Velocities: 28
0,0,1
0,0,1
1,0,0
0,0,0
0,0,0
0,0,0
1,0,0
1,0,0
3,-1,0
0,0,0
-7,-6,0
0,-5,0
2,-7,0
0,-6,0
0,-5,0
0,0,0
0,0,0
0,0,0
0,5,0
1,6,0
-1,0,0
0,4,0
0,6,0
0,5,0
0,3,1
0,1,0
0,1,0
0,0,0

InverseVelocities: 28
0,0,0
0,0,0
0,0,0
0,0,0
0,0,0
0,0,0
0,0,0
0,0,0
0,0,0
0,0,0
0,0,0
0,0,0
-1,0,0
0,0,0
0,0,0
0,0,0
0,0,0
0,0,0
0,0,0
0,0,0
0,0,0
0,0,0
0,0,0
0,0,0
0,0,0
0,0,0
0,0,0
0,0,0
