GestureName: tap_back
Duration(ms): 987
Handedness: right

SpeakerAngles: 6
55
-55
0
0
110
-110

SpeakerElevations: 6
-10
-10
-10
0
30
30

InterpretedPoints: 21
-0.806707284111599,-0.564862521463623,0.17364817766693
-1.6134145682232,-3.11453279593945,0.520944533000791
0,-8.21387334489112,1.21553724366851
4.06898840674687,-12.9619482731399,-0.242573690329905
0.820888078587148,-16.552764414473,-2.87433280199525
-0.806707284111599,-19.5147457417333,2.12566719800475
-2.44139304404812,-5.88975585938541,0.583778132003164
0.792526489636049,-6.75081651357506,1.25742630967009
2.4201218523348,-4.49136642772057,0.562833599002373
0,0,0
0,0,0
4.86151489638292,0.805993166212799,0.979055466999209
6.48201986184389,1.0746575549504,1.30540728933228
3.24810032815972,-0.323731876714448,1.32635182233307
-4.84024370466959,3.38917512878174,-1.04188906600158
3.24100993092195,27.1637565651608,-3.16755626400633
6.48911025908166,19.4812340536402,-0.452019020337816
3.23391953368417,11.8046894862242,1.41622186799684
2.42721224957257,4.21074615077359,0.805407289332279
0.806707284111599,2.54967027447583,-0.347296355333861
0,0,0

StrokePoints: 22
0,0,0
-0.806707284111599,-0.564862521463623,0.17364817766693
-2.4201218523348,-3.67939531740308,0.694592710667721
-2.4201218523348,-11.8932686622942,1.91012995433623
1.64886655441207,-24.8552169354341,1.66755626400633
2.46975463299922,-41.4079813499071,-1.20677653798893
1.66304734888762,-60.9227270916404,0.918890660015821
-0.778345695160499,-66.8124829510258,1.50266879201899
0.0141807944755501,-73.5632994646009,2.76009510168908
2.43430264681035,-78.0546658923214,3.32292870069145
2.43430264681035,-78.0546658923214,3.32292870069145
2.43430264681035,-78.0546658923214,3.32292870069145
7.29581754319326,-77.2486727261086,4.30198416769066
13.7778374050372,-76.1740151711582,5.60739145702294
17.0259377331969,-76.4977470478727,6.93374327935601
12.1856940285273,-73.1085719190909,5.89185421335443
15.4267039594492,-45.9448153539302,2.7242979493481
21.9158142185309,-26.46358130029,2.27227892901028
25.1497337522151,-14.6588918140658,3.68850079700712
27.5769460017876,-10.4481456632922,4.4939080863394
28.3836532858992,-7.89847538881637,4.14661173100553
28.3836532858992,-7.89847538881637,4.14661173100553

Velocities: 21
-1,0,0
-2,0,-1
-2,-2,-3
-4,-4,-5
-6,-5,-7
-6,-5,-7
-6,-6,0
-5,-8,0
-3,-6,0
0,0,0
0,0,0
3,0,0
4,0,0
1,0,0
0,6,0
8,6,10
6,3,8
5,2,5
2,0,2
1,0,1
0,0,0

InverseVelocities: 21
0,0,0
0,0,0
0,0,0
0,0,0
0,0,0
0,0,0
0,0,0
0,0,0
0,0,0
0,0,0
0,0,0
0,0,0
0,0,0
0,0,0
0,0,0
0,0,0
0,0,0
0,0,0
0,0,0
0,0,0
0,0,0
