GestureName: tap_front
Duration(ms): 893
Handedness: right

SpeakerAngles: 6
55
-55
0
0
110
-110

SpeakerElevations: 6
-10
-10
-10
0
30
30

InterpretedPoints: 19
-0.806707284111599,1.95727400902378,0.652703644666139
-0.806707284111599,10.7635436193669,-1.56283359900237
-1.62050496546097,7.29774520272462,1.11081457866456
3.24810032815972,5.90533371516446,0.284462756331487
1.6134145682232,13.7835192951318,2.08987004566377
10.5013754879263,14.89766648228,0.874332801995253
6.46783906736834,8.95882107902238,2.2635182233307
2.4201218523348,3.08699905195103,0.305407289332279
0,0,0
-1.6134145682232,-1.12972504292725,0.347296355333861
-2.4201218523348,-4.80912036033033,1.04188906600158
-0.806707284111599,-4.47941053951119,-1.13175911166535
-4.84024370466959,-10.4182559427688,0.257426309670094
-3.21973873920862,-12.6717280845186,0.104722665003955
0,-6.22906559187891,1.04188906600158
0.806707284111599,-7.0015470699986,-1.61081457866456
0.799616886873824,-4.80314241622564,0.194592710667721
0.806707284111599,-2.54967027447583,0.347296355333861
0,0,0

StrokePoints: 20
0,0,0
-0.806707284111599,1.95727400902378,0.652703644666139
-1.6134145682232,12.7208176283907,-0.910129954336234
-3.23391953368417,20.0185628311154,0.200684624328323
0.0141807944755503,25.9238965462798,0.48514738065981
1.62759536269875,39.7074158414116,2.57501742632358
12.1289708506251,54.6050823236915,3.44935022831883
18.5968099179934,63.5639034027139,5.71286845164953
21.0169317703282,66.6509024546649,6.0182757409818
21.0169317703282,66.6509024546649,6.0182757409818
19.403517202105,65.5211774117377,6.36557209631567
16.9833953497702,60.7120570514074,7.40746116231725
16.1766880656586,56.2326465118962,6.2757020506519
11.336444360989,45.8143905691274,6.53312836032199
8.11670562178041,33.1426624846088,6.63785102532595
8.11670562178041,26.9135968927299,7.67974009132753
8.92341290589201,19.9120498227313,6.06892551266297
9.72302979276583,15.1089074065057,6.2635182233307
10.5297370768774,12.5592371320299,6.61081457866456
10.5297370768774,12.5592371320299,6.61081457866456

Velocities: 19
0,1,1
2,3,4
2,3,3
3,2,2
3,1,7
12,1,5
6,0,4
3,0,1
0,0,0
-2,0,0
-4,-1,-1
-2,-1,-2
-8,-2,-3
-8,-3,-4
-2,-2,-2
-2,-3,-3
0,-2,-2
0,-1,-1
0,0,0

InverseVelocities: 19
0,0,0
0,0,0
0,0,0
0,0,0
0,0,0
0,0,0
0,0,0
0,0,0
0,0,0
0,0,0
0,0,0
0,0,0
0,0,0
0,1,0
0,0,0
0,0,0
0,0,0
0,0,0
0,0,0
