GestureName: tap_right
Duration(ms): 1081
Handedness: right

SpeakerAngles: 6
55
-55
0
0
110
-110

SpeakerElevations: 6
-10
-10
-10
0
30
30

InterpretedPoints: 23
-0.813797681349374,-0.296198132726024,0.5
0,0.537328777475199,0.652703644666139
-4.03353642055799,-2.28698382984292,1.52094453300079
-8.10252482730486,-5.90533371516446,-0.284462756331487
-7.28163674871771,-8.45500398964029,0.0628335990023732
-8.90214171417869,-12.6932838844023,0.0837781320031643
-7.28872714595549,-9.57875108846285,-0.437166400997627
-5.67531257773229,-1.63952007641402,-1.13175911166535
-3.23391953368417,-1.39838943166485,0.0209445330007911
0,-1.12972504292725,0.347296355333861
0,0,0
0,0,0
1.6134145682232,3.11453279593945,-0.520944533000791
5.66822218049452,3.35566344068863,0.631759111665348
6.48201986184389,1.66705382040245,0.305407289332279
8.10252482730486,9.28255295573683,0.937166400997627
8.10252482730486,9.28255295573683,0.937166400997627
10.5297370768774,10.7084761313901,0.0898700456637661
3.23391953368417,3.38319718467706,-0.194592710667721
3.24100993092194,0.537328777475199,0.652703644666139
0.806707284111599,0.564862521463623,-0.17364817766693
0.806707284111599,0.564862521463623,-0.17364817766693
0,0,0

StrokePoints: 24
0,0,0
-0.813797681349374,-0.296198132726024,0.5
-0.813797681349374,0.241130644749175,1.15270364466614
-4.84733410190737,-2.04585318509374,2.67364817766693
-12.9498589292122,-7.9511869002582,2.38918542133544
-20.2314956779299,-16.4061908898985,2.45201902033782
-29.1336373921086,-29.0994747743008,2.53579715234098
-36.4223645380641,-38.6782258627637,2.09863075134335
-42.0976771157964,-40.3177459391777,0.966871639678005
-45.3315966494806,-41.7161353708425,0.987816172678797
-45.3315966494806,-42.8458604137698,1.33511252801266
-45.3315966494806,-42.8458604137698,1.33511252801266
-45.3315966494806,-42.8458604137698,1.33511252801266
-43.7181820812574,-39.7313276178303,0.814167995011866
-38.0499599007629,-36.3756641771417,1.44592710667721
-31.567940038919,-34.7086103567393,1.75133439600949
-23.4654152116141,-25.4260574010024,2.68850079700712
-15.3628903843093,-16.1435044452656,3.62566719800475
-4.83315330743182,-5.43502831387549,3.71553724366851
-1.59923377374765,-2.05183112919844,3.52094453300079
1.6417761571743,-1.51450235172324,4.17364817766693
2.4484834412859,-0.949639830259612,4
3.25519072539749,-0.384777308795989,3.82635182233307
3.25519072539749,-0.384777308795989,3.82635182233307

Velocities: 23
0,0,0
1,1,0
-4,1,0
-5,0,-2
-6,0,-3
-7,0,-5
-5,0,-4
-4,-1,0
-3,0,0
-1,-1,0
0,0,0
0,0,0
2,0,1
4,0,1
4,0,0
5,0,4
5,0,4
7,0,4
3,0,1
2,0,0
1,0,0
1,0,0
0,0,0

InverseVelocities: 23
0,0,0
-1,0,0
0,0,0
0,0,0
0,0,0
0,0,0
0,0,0
0,0,0
0,0,0
0,0,0
0,0,0
0,0,0
0,0,0
0,0,0
0,0,0
0,0,0
0,0,0
0,0,0
0,0,0
0,0,0
0,0,0
0,0,0
0,0,0
