GestureName: tap_down
Duration(ms): 987
Handedness: right

SpeakerAngles: 6
55
-55
0
0
110
-110

SpeakerElevations: 6
-10
-10
-10
0
30
30

InterpretedPoints: 21
0.806707284111599,0.564862521463623,-0.17364817766693
-0.820888078587149,8.1863396009027,-0.389185421335443
1.6134145682232,14.44293893677,-2.25742630967009
4.87569569085847,17.4413588126511,1.37433280199525
0,21.0872424419611,2.35338826899446
-0.806707284111599,20.2046259878877,3.0060919136606
1.6134145682232,19.3220095338143,3.65879555832674
-0.806707284111599,13.657806463399,4.52703644666139
5.68949337220784,10.3907221987803,0.568925512662975
0.820888078587149,3.08699905195103,0.305407289332279
0.813797681349374,-2.81833466321343,0.0209445330007911
0.00709039723777494,-5.85026622718761,-1.93716640099763
-3.24100993092195,-10.0885461219496,-1.91622186799684
-2.4484834412859,-18.0672667661963,1.29931537567168
5.67531257773229,-18.2748857228523,-1.52703644666139
4.06898840674687,-18.5435501115899,-1.85338826899446
4.87569569085847,-14.0090720841019,-2.37433280199525
-1.63468575993652,-3.60277202954249,-0.937166400997627
-0.00709039723777527,-5.90533371516446,-0.284462756331487
0,-1.12972504292725,0.347296355333861
0,0,0

StrokePoints: 22
0,0,0
0.806707284111599,0.564862521463623,-0.17364817766693
-0.0141807944755503,8.75120212236632,-0.562833599002373
1.59923377374765,23.1941410591363,-2.82025990867247
6.47492946460611,40.6354998717874,-1.44592710667721
6.47492946460611,61.7227423137485,0.907461162317248
5.66822218049451,81.9273683016362,3.91355307597785
7.28163674871771,101.24937783545,7.57234863430459
6.47492946460611,114.90718429885,12.099385080966
12.164422836814,125.29790649763,12.668310593629
12.9853109154011,128.384905549581,12.9737178829612
13.7991085967505,125.566570886367,12.994662415962
13.8061989939883,119.71630465918,11.0574960149644
10.5651890630663,109.62775853723,9.14127414696756
8.11670562178041,91.5604917710339,10.4405895226392
13.7920181995127,73.2856060481816,8.91355307597785
17.8610066062596,54.7420559365917,7.06016480698339
22.736702297118,40.7329838524898,4.68583200498813
21.1020165371815,37.1302118229473,3.74866560399051
21.0949261399437,31.2248781077829,3.46420284765902
21.0949261399437,30.0951530648556,3.81149920299288
21.0949261399437,30.0951530648556,3.81149920299288

Velocities: 21
1,0,0
3,2,3
5,3,5
6,5,7
6,6,9
7,8,8
10,8,7
7,8,5
6,5,3
1,2,1
-1,-1,-1
-4,-3,-2
-5,-3,-4
-6,-7,-6
-5,-8,-7
-7,-7,-7
-6,-7,-5
-4,-5,0
-2,-3,-2
-1,-1,0
0,0,0

InverseVelocities: 21
0,0,0
0,0,0
0,0,0
0,0,0
0,0,0
0,0,0
0,0,0
0,0,0
0,0,0
0,0,0
0,0,0
0,0,0
0,0,0
0,0,0
0,0,0
0,0,0
0,0,0
0,0,0
0,0,0
0,0,0
0,0,0
