GestureName: tap_up
Duration(ms): 940
Handedness: right

SpeakerAngles: 6
55
-55
0
0
110
-110

SpeakerElevations: 6
-10
-10
-10
0
30
30

InterpretedPoints: 20
0.813797681349374,-0.296198132726024,0.5
-0.806707284111599,-5.66420307041529,0.868240888334652
-2.45557383852367,-13.7739193834574,-0.374332801995254
-3.26937151987305,-17.7100232013887,-1.70068462432832
-1.62759536269875,-23.2916250398387,-3.31149920299288
-6.51038145079499,-6.66821528160978,-1.22162915732911
-0.827978475824923,-31.2643677399807,-0.943258314658229
1.6134145682232,-32.0004106694795,5.03579715234098
0,-5.64862521463624,1.7364817766693
0.806707284111599,-0.564862521463623,0.17364817766693
-1.6134145682232,3.38917512878174,-1.04188906600158
-4.86860529362069,5.59355772665939,-0.0837781320031643
2.45557383852367,22.4580981296375,3.15879555832674
4.06898840674687,22.7327404624798,2.63785102532595
8.11670562178041,26.1374934470406,2.46420284765902
0.813797681349374,21.5055314388502,-3.14661173100554
6.49620065631944,17.7650906893656,0.0479809796621837
6.48911025908167,10.7419878194832,-1.58377813200316
1.6134145682232,3.11453279593945,-0.520944533000791
0,0,0

StrokePoints: 21
0,0,0
0.813797681349374,-0.296198132726024,0.5
0.00709039723777505,-5.96040120314131,1.36824088833465
-2.4484834412859,-19.7343205865987,0.993908086339398
-5.71785496115894,-37.4443437879874,-0.706776537988925
-7.34545032385769,-60.7359688278261,-4.0182757409818
-13.8558317746527,-67.4041841094359,-5.23990489831092
-14.6838102504776,-98.6685518494166,-6.18316321296915
-13.0703956822544,-130.668962518896,-1.14736606062817
-13.0703956822544,-136.317587733532,0.589115716041135
-12.2636883981428,-136.882450254996,0.762763893708065
-13.877102966366,-133.493275126214,-0.279125172293517
-18.7457082599867,-127.899717399555,-0.362903304296681
-16.290134421463,-105.441619269917,2.79589225403006
-12.2211460147162,-82.7088788074375,5.43374327935601
-4.10444039293575,-56.571385360397,7.89794612701503
-3.29064271158638,-35.0658539215468,4.75133439600949
3.20555794473306,-17.3007632321813,4.79931537567168
9.69466820381473,-6.55877541269805,3.21553724366851
11.3080827720379,-3.44424261675859,2.69459271066772
11.3080827720379,-3.44424261675859,2.69459271066772

Velocities: 20
0,0,0
-2,-1,-2
-6,-8,-4
-5,-7,-7
-9,-9,-9
-8,-8,0
-9,-11,-12
-8,-10,-11
-5,-5,0
0,-1,0
2,4,0
5,7,0
7,9,9
10,10,8
11,8,10
7,7,7
6,4,7
6,3,3
2,0,1
0,0,0

InverseVelocities: 20
0,0,0
0,0,0
0,0,0
0,0,0
2,0,0
0,0,0
0,0,0
0,0,0
0,0,0
0,0,0
0,0,0
0,0,0
0,0,0
0,0,0
0,0,0
0,0,0
0,0,0
0,0,0
0,0,0
0,0,0
