GestureName: tap_right
Duration(ms): 1128
Handedness: right

SpeakerAngles: 6
55
-55
0
0
110
-110

SpeakerElevations: 6
-10
-10
-10
0
30
30

InterpretedPoints: 24
-2.42721224957257,-1.42592317565327,0.847296355333861
-2.4201218523348,-1.69458756439087,0.520944533000791
-2.42721224957257,-8.78471381045943,2.2364817766693
-8.90214171417869,-11.3008723968422,0.910129954336234
-9.71593939552806,-2.47304698661525,-1.28446275633149
-8.90214171417869,-2.76924511934127,-0.784462756331487
-8.08834403282931,-3.06544325206729,-0.284462756331487
-0.806707284111599,-5.08376269317261,1.56283359900237
1.6134145682232,-2.25945008585449,0.694592710667721
-4.04771721503354,-7.05661455797545,0.0418890660015822
-3.24100993092194,-0.537328777475199,-0.652703644666139
0,0,0
0,0,0
0,0,0
0.813797681349374,2.81833466321343,-0.0209445330007911
1.62050496546097,12.1775109068108,-0.715537243668512
4.90405727980957,1.28825445571115,3.28446275633149
12.1502420423384,2.44551324262682,2.11081457866456
12.9427685319745,4.73249707246974,0.589870045663766
12.9498589292122,3.87143641828009,1.2635182233307
10.5226466796397,11.5695367855797,-0.583778132003164
6.46783906736834,4.7815866163419,-0.215537243668512
4.04062681779577,1.37085568767642,0.805407289332279
0,0,0

StrokePoints: 25
0,0,0
-2.42721224957257,-1.42592317565327,0.847296355333861
-4.84733410190737,-3.12051074004414,1.36824088833465
-7.27454635147994,-11.9052245505036,3.60472266500395
-16.1766880656586,-23.2060969473457,4.51485261934019
-25.8926274611867,-25.679143933961,3.2303898630087
-34.7947691753654,-28.4483890533022,2.44592710667721
-42.8831132081947,-31.5138323053695,2.16146435034573
-43.6898204923063,-36.5975949985421,3.7242979493481
-42.0764059240831,-38.8570450843966,4.41889066001582
-46.1241231391166,-45.9136596423721,4.4607797260174
-49.3651330700386,-46.4509884198473,3.80807608135126
-49.3651330700386,-46.4509884198473,3.80807608135126
-49.3651330700386,-46.4509884198473,3.80807608135126
-49.3651330700386,-46.4509884198473,3.80807608135126
-48.5513353886892,-43.6326537566338,3.78713154835047
-46.9308304232282,-31.455142849823,3.07159430468196
-42.0267731434187,-30.1668883941118,6.35605706101345
-29.8765311010803,-27.721375151485,8.466871639678
-16.9337625691058,-22.9888780790153,9.05674168534177
-3.98390363989357,-19.1174416607352,10.3202599086725
6.53874303974609,-7.54790487515545,9.7364817766693
13.0065821071144,-2.76631825881355,9.52094453300079
17.0472089249102,-1.39546257113712,10.3263518223331
17.0472089249102,-1.39546257113712,10.3263518223331

Velocities: 24
-2,0,0
-3,0,0
-5,-3,-2
-7,0,-4
-7,0,0
-7,0,0
-7,0,0
-5,-4,0
-1,-3,0
-3,0,-3
-2,0,0
0,0,0
0,0,0
0,0,0
1,1,1
1,0,6
2,5,0
8,0,0
11,0,0
10,0,0
8,0,4
6,0,1
4,0,0
0,0,0

InverseVelocities: 24
0,0,0
0,0,0
0,1,0
0,0,0
0,0,0
0,0,0
0,0,0
0,0,0
0,0,0
0,0,0
0,0,0
0,0,0
0,0,0
0,0,0
0,0,0
0,0,0
0,0,0
0,0,0
0,0,0
0,0,0
0,0,0
0,0,0
0,0,0
0,0,0
