GestureName: tap_left
Duration(ms): 893
Handedness: right

SpeakerAngles: 6
55
-55
0
0
110
-110

SpeakerElevations: 6
-10
-10
-10
0
30
30

InterpretedPoints: 19
0.806707284111599,-0.564862521463623,0.17364817766693
4.06189800950909,-0.564862521463623,0.17364817766693
7.30999833766881,-1.96325195312847,0.194592710667721
7.31708873490659,-8.46098193374498,0.910129954336234
12.95694932645,-3.01037576409044,-1.93716640099763
8.10961522454264,-1.6119863324256,-1.95811093399842
0.0141807944755501,-1.72212130837929,1.34729635533386
0,0,0
0.806707284111599,-0.564862521463623,0.17364817766693
0,0,0
0,0,0
-0.806707284111599,1.69458756439087,-0.520944533000791
0.806707284111599,2.82431260731812,-0.868240888334652
1.62050496546097,0.2686643887376,0.32635182233307
-8.92341290589201,4.11256706302927,2.41622186799684
-8.93759370036756,9.52966154459069,1.2425736903299
-0.0283615889511002,1.0746575549504,1.30540728933228
-0.00709039723777494,0.213596900760751,1.97905546699921
0,0,0

StrokePoints: 20
0,0,0
0.806707284111599,-0.564862521463623,0.17364817766693
4.86860529362069,-1.12972504292725,0.347296355333861
12.1786036312895,-3.09297699605572,0.541889066001582
19.4956923661961,-11.5539589298007,1.45201902033782
32.4526416926461,-14.5643346938911,-0.48514738065981
40.5622569171887,-16.1763210263167,-2.44325831465823
40.5764377116643,-17.898442334696,-1.09596195932437
40.5764377116643,-17.898442334696,-1.09596195932437
41.3831449957759,-18.4633048561597,-0.922313781657437
41.3831449957759,-18.4633048561597,-0.922313781657437
41.3831449957759,-18.4633048561597,-0.922313781657437
40.5764377116643,-16.7687172917688,-1.44325831465823
41.3831449957759,-13.9444046844507,-2.31149920299288
43.0036499612369,-13.6757402957131,-1.98514738065981
34.0802370553448,-9.5631732326838,0.431074487337026
25.1426433549773,-0.0335116880931121,1.67364817766693
25.1142817660262,1.04114586685729,2.97905546699921
25.1071913687884,1.25474276761804,4.95811093399842
25.1071913687884,1.25474276761804,4.95811093399842

Velocities: 19
0,-1,0
0,-1,0
-1,-3,0
-4,-5,-2
0,-9,0
-1,-5,0
-2,0,0
0,0,0
0,-1,0
0,0,0
0,0,0
1,2,0
3,2,0
1,0,0
4,8,0
4,6,3
4,0,0
2,1,0
0,0,0

InverseVelocities: 19
0,0,0
0,0,0
0,0,0
0,0,0
0,0,0
0,0,0
0,0,0
0,0,0
0,0,0
0,0,0
0,0,0
0,0,0
0,0,0
0,0,0
0,0,0
0,0,0
0,0,0
-1,0,0
0,0,0
