GestureName: tap_up
Duration(ms): 940
Handedness: right

SpeakerAngles: 6
55
-55
0
0
110
-110

SpeakerElevations: 6
-10
-10
-10
0
30
30

InterpretedPoints: 20
4.04062681779577,-2.55564821858052,1.19459271066772
7.30999833766881,-7.00752501410329,-0.763518223330697
8.13797681349374,-11.8106674303289,-0.568925512662975
2.43430264681035,-20.3817843400276,3.64661173100554
8.14506721073151,-31.2063733914761,7.70944533000791
15.4621559456381,-35.3560741101681,4.40403804067563
0.827978475824924,-20.5953812407884,1.66755626400633
2.45557383852367,-17.9511538461379,-2.85338826899446
0.813797681349374,-12.4365753838741,2.10472266500396
-0.806707284111599,-0.564862521463623,0.17364817766693
0.00709039723777483,3.65783951751934,-0.715537243668512
-3.2551907253975,7.85300781251388,-0.778370842670886
4.06898840674687,24.1802194380168,1.81149920299288
3.25519072539749,23.8289538173139,3.96420284765902
1.59923377374765,32.2080296261356,-2.20944533000791
2.4201218523348,28.8583441295516,-3.68850079700712
6.48201986184389,23.9941562812445,-0.993908086339398
2.4484834412859,12.6932838844023,-0.0837781320031643
4.05480761227132,7.32527894671305,0.284462756331487
0,0,0

StrokePoints: 21
0,0,0
4.04062681779577,-2.55564821858052,1.19459271066772
11.3506251554646,-9.5631732326838,0.431074487337025
19.4886019689583,-21.3738406630127,-0.13785102532595
21.9229046157687,-41.7556250030403,3.50876070567959
30.0679718265002,-72.9619983945164,11.2182060356875
45.5301277721383,-108.318072504685,15.6222440763631
46.3581062479632,-128.913453745473,17.2898003403695
48.8136800864869,-146.864607591611,14.436412071375
49.6274777678362,-159.301182975485,16.541134736379
48.8207704837247,-159.866045496948,16.7147829140459
48.8278608809624,-156.208205979429,15.9992456703774
45.5726701555649,-148.355198166915,15.2208748277065
49.6416585623118,-124.174978728898,17.0323740306994
52.8968492877093,-100.346024911585,20.9965768783584
54.4960830614569,-68.137995285449,18.7871315483505
56.9162049137917,-39.2796511558974,15.0986307513434
63.3982247756356,-15.2854948746529,14.104722665004
65.8467082169215,-2.5922109902506,14.0209445330008
69.9015158291928,4.73306795646245,14.3054072893323
69.9015158291928,4.73306795646245,14.3054072893323

Velocities: 20
0,-4,0
-3,-5,-2
-5,-5,-4
-7,-8,-6
-11,-10,-9
-11,-11,-12
-10,-8,-6
-8,-6,-7
-6,-6,-3
-1,0,0
3,4,0
8,8,0
9,9,9
10,10,9
11,7,12
10,7,10
9,5,9
3,4,5
3,1,3
0,0,0

InverseVelocities: 20
0,0,0
0,0,0
0,0,0
0,0,0
0,0,0
0,0,0
0,0,0
0,0,0
0,0,0
0,0,0
0,0,0
0,0,0
0,0,0
0,0,0
0,0,0
0,0,0
0,0,0
0,0,0
0,0,0
0,0,0
