GestureName: tap_up
Duration(ms): 1316
Handedness: right

SpeakerAngles: 6
55
-55
0
0
110
-110

SpeakerElevations: 6
-10
-10
-10
0
30
30

InterpretedPoints: 28
0.0141807944755503,-6.82146185733096,2.04188906600158
2.42721224957257,-11.8992466063989,2.75742630967009
10.5793698575419,-22.8979429264103,2.32025990867247
10.5935506520174,-26.549804499825,2.18850079700712
1.60632417098542,-24.0856623178421,-5.98514738065981
0.806707284111599,-23.8014200733255,-4.79055466999209
4.06189800950909,-22.8488533825382,1.51485261934019
3.24810032815972,-13.5387666828129,1.62566719800475
1.6134145682232,-4.51890017170899,1.38918542133544
0,0,0
0.806707284111599,5.66420307041529,-0.868240888334652
0.00709039723777527,11.0166301523255,-2.10472266500396
0.00709039723777527,28.2994595521927,-4.36214897467405
0.00709039723777616,12.6956398609373,-3.4939080863394
-1.63468575993652,33.9361288786196,-4.40403804067563
1.60632417098542,29.6918710397529,-3.53579715234098
5.67531257773229,27.1362228211723,-2.34120444167326
8.10252482730486,12.3970857516763,0.416221867996835
2.43430264681035,6.20153184789049,-0.215537243668512
0,0,0
0,0,0
0.806707284111599,-0.564862521463623,0.17364817766693
1.6134145682232,-1.12972504292725,0.347296355333861
1.6134145682232,-1.12972504292725,0.347296355333861
12.1573324395762,-1.58445258843717,-2.78446275633149
4.84024370466959,-7.35879063480616,1.38918542133544
0.806707284111599,-0.564862521463623,0.17364817766693
0,0,0

StrokePoints: 29
0,0,0
0.0141807944755503,-6.82146185733096,2.04188906600158
2.44139304404812,-18.7207084637298,4.79931537567168
13.02076290159,-41.6186513901402,7.11957528434414
23.6143135536074,-68.1684558899651,9.30807608135126
25.2206377245928,-92.2541182078073,3.32292870069145
26.0273450087044,-116.055538281133,-1.46762596930064
30.0892430182135,-138.904391663671,0.0472266500395535
33.3373433463732,-152.443158346484,1.6728938480443
34.9507579145964,-156.962058518193,3.06207926937974
34.9507579145964,-156.962058518193,3.06207926937974
35.757465198708,-151.297855447778,2.19383838104509
35.7645555959458,-140.281225295452,0.0891157160411353
35.7716459931836,-111.981765743259,-4.27303325863291
35.7787363904213,-99.286125882322,-7.76694134497231
34.1440506304848,-65.3499970037025,-12.1709793856479
35.7503748014702,-35.6581259639496,-15.7067765379889
41.4256873792025,-8.52190314277729,-18.0479809796622
49.5282122065074,3.875182608899,-17.6317591116653
51.9625148533177,10.0767144567895,-17.8472963553339
51.9625148533177,10.0767144567895,-17.8472963553339
51.9625148533177,10.0767144567895,-17.8472963553339
52.7692221374293,9.51185193532586,-17.6736481776669
54.3826367056525,8.38212689239861,-17.3263518223331
55.9960512738757,7.25240184947136,-16.9790554669992
68.1533837134519,5.66794926103419,-19.7635182233307
72.9936274181215,-1.69084137377197,-18.3743328019953
73.8003347022331,-2.25570389523559,-18.2006846243283
73.8003347022331,-2.25570389523559,-18.2006846243283

Velocities: 28
-3,-1,-2
-4,-6,-3
-7,-7,-8
-10,-8,-9
-6,-9,-11
-10,-11,-9
-9,-10,-7
-7,-8,-3
-3,-5,0
0,0,0
2,1,2
6,7,2
9,10,9
11,12,0
12,11,11
11,8,10
9,6,10
6,1,5
3,2,2
0,0,0
0,0,0
0,-1,0
0,-2,0
0,-2,0
0,-7,0
0,-6,-2
0,-1,0
0,0,0

InverseVelocities: 28
0,0,0
0,0,0
0,0,0
0,0,0
0,0,0
0,0,0
0,0,0
0,0,0
0,0,0
0,0,0
0,0,0
0,0,0
0,0,0
0,0,0
0,0,0
0,0,0
0,0,0
0,0,0
0,0,0
0,0,0
0,0,0
0,0,0
0,0,0
0,0,0
0,0,0
0,0,0
0,0,0
0,0,0
