GestureName: tap_back
Duration(ms): 940
Handedness: right

SpeakerAngles: 6
55
-55
0
0
110
-110

SpeakerElevations: 6
-10
-10
-10
0
30
30

InterpretedPoints: 20
-0.806707284111599,-3.67939531740308,0.694592710667721
-2.39885066062147,-12.699261828507,0.931074487337025
0.820888078587149,-16.6078319024499,-1.22162915732911
0,-25.7713450776006,3.9939080863394
5.64695098878119,-3.95403765024536,1.21553724366851
5.64695098878119,-3.95403765024536,1.21553724366851
5.65404138601897,-3.68537326150777,1.54188906600158
-1.62050496546097,-4.23827989476202,0.0209445330007911
0,0,0
0,0,0
1.62050496546097,4.23827989476202,-0.0209445330007911
4.04771721503354,1.10219129893882,0.479055466999209
6.47492946460611,1.93571820914005,0.631759111665348
6.47492946460611,1.93571820914005,0.631759111665348
4.86151489638292,24.3178881579589,-2.32025990867247
5.66822218049452,14.6840695815192,-1.10472266500396
2.42721224957257,12.1619330510318,-1.58377813200316
2.42721224957257,4.80314241622564,-0.194592710667721
0.806707284111599,2.54967027447583,-0.347296355333861
0,0,0

StrokePoints: 21
0,0,0
-0.806707284111599,-3.67939531740308,0.694592710667721
-3.20555794473307,-16.3786571459101,1.62566719800475
-2.38466986614592,-32.98648904836,0.404038040675632
-2.38466986614592,-58.7578341259606,4.39794612701503
3.26228112263527,-62.7118717762059,5.61348337068354
8.90923211141646,-66.6659094264513,6.82902061435205
14.5632734974354,-70.3512826879591,8.37090968035364
12.9427685319745,-74.5895625827211,8.39185421335443
12.9427685319745,-74.5895625827211,8.39185421335443
12.9427685319745,-74.5895625827211,8.39185421335443
14.5632734974354,-70.3512826879591,8.37090968035364
18.610990712469,-69.2490913890202,8.84996514735284
25.0859201770751,-67.3133731798802,9.48172425901819
31.5608496416812,-65.3776549707401,10.1134833706835
36.4223645380641,-41.0597668127812,7.79322346201107
42.0905867185586,-26.375697231262,6.68850079700712
44.5177989681312,-14.2137641802302,5.10472266500395
46.9450112177038,-9.4106217640046,4.91012995433623
47.7517185018154,-6.86095148952876,4.56283359900237
47.7517185018154,-6.86095148952876,4.56283359900237

Velocities: 20
-2,-1,-1
-8,-2,-4
-5,-4,-7
-7,-7,-9
0,-7,0
0,-7,0
0,-6,0
-1,0,-2
0,0,0
0,0,0
1,0,2
3,0,0
5,0,0
5,0,0
8,5,9
7,3,5
5,3,4
2,0,2
1,0,1
0,0,0

InverseVelocities: 20
0,0,0
0,0,0
0,0,0
0,0,0
0,0,0
0,0,0
0,0,0
0,0,0
0,0,0
0,0,0
0,0,0
0,0,0
0,0,0
0,0,0
0,0,0
0,0,0
0,0,0
0,0,0
0,0,0
0,0,0
