GestureName: tap_up
Duration(ms): 1034
Handedness: right

SpeakerAngles: 6
55
-55
0
0
110
-110

SpeakerElevations: 6
-10
-10
-10
0
30
30

InterpretedPoints: 22
1.6134145682232,-1.12972504292725,0.347296355333861
0.835068873062699,-11.0381859522092,2.08377813200316
6.53165264250832,-17.1786723680182,-0.200684624328323
16.2688632297497,-31.7437021689513,7.05674168534177
13.0136725043522,-38.882917958892,9.57768621834256
0.813797681349374,-30.5618364985749,-5.24866560399051
5.69658376944562,-10.8909173205928,-0.332443735993671
2.41303145509702,-8.6865347227151,0.625667198004746
1.62050496546097,-11.8717128624105,1.93107448733702
0,0,0
-0.806707284111599,1.69458756439087,-0.520944533000791
0,6.77835025756348,-2.08377813200316
0,10.1675253863452,-3.12566719800475
1.62759536269875,10.7048541638204,-2.47296355333861
-0.806707284111599,27.1786393138979,5.44325831465823
10.5580986658285,30.403307085791,1.61690649232516
8.92341290589201,31.8567640054327,-0.0567416853417725
4.06189800950909,29.34060541905,-1.38309350767484
2.41303145509702,18.3909986429107,-2.62566719800475
4.86860529362069,11.2733386528537,-0.0837781320031643
1.62050496546097,2.25347214174981,0.152703644666139
0,0,0

StrokePoints: 23
0,0,0
1.6134145682232,-1.12972504292725,0.347296355333861
2.4484834412859,-12.1679109951365,2.43107448733702
8.98013608379421,-29.3465833631547,2.2303898630087
25.2489993135439,-61.090285532106,9.28713154835047
38.2626718178961,-99.973203490998,18.864817766693
39.0764694992455,-130.535039989573,13.6161521627025
44.7730532686911,-141.425957310166,13.2837084267089
47.1860847237881,-150.112492032881,13.9093756247136
48.8065896892491,-161.984204895291,15.8404501120506
48.8065896892491,-161.984204895291,15.8404501120506
47.9998824051375,-160.2896173309,15.3195055790498
47.9998824051375,-153.511267073337,13.2357274470467
47.9998824051375,-143.343741686992,10.1100602490419
49.6274777678363,-132.638887523171,7.63709669570332
48.8207704837247,-105.460248209273,13.0803550103615
59.3788691495532,-75.0569411234823,14.6972615026867
68.3022820554452,-43.2001771180496,14.6405198173449
72.3641800649543,-13.8595716989996,13.2574263096701
74.7772115200513,4.53142694391106,10.6317591116653
79.645816813672,15.8047655967648,10.5479809796622
81.266321779133,18.0582377385146,10.7006846243283
81.266321779133,18.0582377385146,10.7006846243283

Velocities: 22
0,-2,0
-6,-3,-3
-8,-5,-6
-11,-12,-9
-11,-12,-12
-12,-12,-12
-12,-12,0
-7,-11,0
-5,-6,-3
0,0,0
1,2,0
6,6,0
9,9,0
10,10,0
10,11,11
11,8,12
12,8,12
11,10,10
8,4,6
5,3,4
1,0,1
0,0,0

InverseVelocities: 22
0,0,0
0,0,0
0,0,0
3,0,0
0,0,0
0,0,0
0,0,0
0,0,0
0,0,0
0,0,0
0,0,0
0,0,0
0,0,0
0,0,0
0,0,0
0,0,0
0,0,0
0,0,0
0,0,0
0,0,0
0,0,0
0,0,0
