GestureName: tap_front
Duration(ms): 893
Handedness: right

SpeakerAngles: 6
55
-55
0
0
110
-110

SpeakerElevations: 6
-10
-10
-10
0
30
30

InterpretedPoints: 19
0,1.98480775301221,-0.17364817766693
0.799616886873824,8.77275792225005,-0.541889066001582
-1.6134145682232,3.11453279593945,-0.520944533000791
-1.6417761571743,16.6353656464383,0.395277334996045
4.88987648533402,16.9040300351759,0.721629157329114
4.04062681779577,15.6917037602834,3.54798097966218
3.21973873920862,18.8457261884206,0.506091913660601
4.85442449914514,12.6657501404139,0.742573690329906
0.806707284111599,0.564862521463623,-0.17364817766693
0,0,0
-1.6134145682232,-6.22906559187891,1.04188906600158
0.813797681349374,-3.94805970614068,0.368240888334652
0,-5.63666932642686,0.0418890660015821
-4.03353642055799,-7.86858566829293,-0.0898700456637662
-0.813797681349374,-5.93286745915289,0.541889066001582
1.62759536269875,-5.04427306097482,-0.958110933998418
0,-6.22906559187891,1.04188906600158
0,-3.11453279593945,0.520944533000791
0,0,0

StrokePoints: 20
0,0,0
0,1.98480775301221,-0.17364817766693
0.799616886873824,10.7575656752623,-0.715537243668512
-0.813797681349374,13.8720984712017,-1.2364817766693
-2.45557383852367,30.50746411764,-0.841204441673259
2.43430264681035,47.4114941528159,-0.119575284344144
6.47492946460611,63.1031979130993,3.42840569531804
9.69466820381474,81.9489241015199,3.93449760897864
14.5490927029599,94.6146742419338,4.67707129930855
15.3557999870715,95.1795367633975,4.50342312164162
15.3557999870715,95.1795367633975,4.50342312164162
13.7423854188483,88.9504711715185,5.5453121876432
14.5561831001977,85.0024114653779,5.91355307597785
14.5561831001977,79.365742138951,5.95544214197943
10.5226466796397,71.4971564706581,5.86557209631567
9.70884899829029,65.5642890115052,6.40746116231725
11.336444360989,60.5200159505304,5.44935022831883
11.336444360989,54.2909503586514,6.49123929432041
11.336444360989,51.176417562712,7.0121838273212
11.336444360989,51.176417562712,7.0121838273212

Velocities: 19
0,0,1
2,0,4
0,2,1
5,3,7
4,5,7
7,3,7
11,6,6
6,2,5
1,0,0
0,0,0
-3,-1,-2
-2,-2,-1
-2,-2,-2
-7,-2,-2
-2,-2,-2
-2,-2,-2
-2,-2,-2
-1,-1,-1
0,0,0

InverseVelocities: 19
0,0,0
0,0,0
0,0,0
0,0,0
0,0,0
0,0,0
0,0,0
0,0,0
0,0,0
0,0,0
0,0,0
0,0,0
0,0,0
0,0,0
0,0,0
0,0,0
0,0,0
0,0,0
0,0,0
