GestureName: tap_right
Duration(ms): 1081
Handedness: right

SpeakerAngles: 6
55
-55
0
0
110
-110

SpeakerElevations: 6
-10
-10
-10
0
30
30

InterpretedPoints: 23
-0.806707284111599,0.564862521463623,-0.17364817766693
-1.6134145682232,0,0
-4.04062681779577,-0.833526910201223,-0.152703644666139
-6.47492946460611,-4.5129222276043,0.541889066001582
-6.46783906736834,-2.79677886332969,0.0418890660015822
-7.26745595424216,-4.22270203898296,0.889185421335443
-3.2268291364464,-3.38917512878174,1.04188906600158
-8.90923211141646,-1.90818446515162,-1.45811093399842
-1.6134145682232,-15.5726639796973,2.60472266500396
-0.806707284111599,-3.95403765024536,1.21553724366851
0,0,0
0,1.98480775301221,-0.17364817766693
-2.43430264681035,5.9268895150482,0.305407289332279
-1.6134145682232,1.12972504292725,-0.347296355333861
8.10252482730486,3.60277202954249,0.937166400997627
7.29581754319326,0.778459422224375,1.80540728933228
8.91632250865424,7.0015470699986,1.61081457866456
6.47492946460611,11.8597569742011,-0.236481776669303
8.10252482730486,9.28255295573683,0.937166400997627
6.47492946460611,3.38319718467705,-0.194592710667721
0.806707284111599,0.564862521463623,-0.17364817766693
0.813797681349374,0.296198132726024,-0.5
0,0,0

StrokePoints: 24
0,0,0
-0.806707284111599,0.564862521463623,-0.17364817766693
-2.4201218523348,0.564862521463623,-0.17364817766693
-6.46074867013057,-0.2686643887376,-0.32635182233307
-12.9356781347367,-4.7815866163419,0.215537243668512
-19.403517202105,-7.57836547967159,0.257426309670095
-26.6709731563472,-11.8010675186546,1.14661173100554
-29.8978022927936,-15.1902426474363,2.18850079700712
-38.80703440421,-17.0984271125879,0.730389863008702
-40.4204489724332,-32.6710910922852,3.33511252801266
-41.2271562565448,-36.6251287425306,4.55064977168117
-41.2271562565448,-36.6251287425306,4.55064977168117
-41.2271562565448,-34.6403209895184,4.37700159401424
-43.6614589033552,-28.7134314744702,4.68240888334652
-45.2748734715784,-27.5837064315429,4.33511252801266
-37.1723486442735,-23.9809344020004,5.27227892901028
-29.8765311010803,-23.202474979776,7.07768621834256
-20.960208592426,-16.2009279097774,8.68850079700712
-14.4852791278199,-4.34117093557636,8.45201902033781
-6.38275430051504,4.94138202016047,9.38918542133544
0.0921751640910742,8.32457920483753,9.19459271066772
0.898882448202673,8.88944172630115,9.02094453300079
1.71268012955205,9.18563985902717,8.52094453300079
1.71268012955205,9.18563985902717,8.52094453300079

Velocities: 23
0,1,0
-1,1,0
-3,1,0
-5,0,-1
-6,0,0
-8,0,0
-5,-1,0
-6,0,0
-6,-4,-5
-4,-3,0
0,0,0
0,0,1
0,1,3
0,2,0
7,2,0
4,0,0
5,0,3
5,0,5
5,0,4
4,-1,1
1,0,0
0,0,0
0,0,0

InverseVelocities: 23
0,0,0
0,0,0
0,0,0
0,0,0
0,0,0
0,0,0
0,0,0
0,0,0
0,0,0
0,0,0
0,0,0
0,0,0
0,0,0
0,0,0
0,0,0
0,0,0
0,0,0
0,0,0
0,0,0
0,0,0
0,0,0
0,0,0
0,0,0
