GestureName: tap_back
Duration(ms): 893
Handedness: right

SpeakerAngles: 6
55
-55
0
0
110
-110

SpeakerElevations: 6
-10
-10
-10
0
30
30

InterpretedPoints: 19
-7.26036555700439,-5.08376269317261,1.56283359900237
0,0,0
-3.23391953368417,-8.74522417826163,-0.284462756331487
3.24810032815972,-15.5116185476157,0.104722665003955
-0.806707284111599,-22.0919497601975,3.29931537567168
6.46074867013056,-2.47304698661525,-1.28446275633149
0.792526489636048,-1.10219129893882,-0.479055466999209
0,0,0
0.806707284111599,-0.564862521463623,0.17364817766693
0,0,0
1.6134145682232,1.12972504292725,-0.347296355333861
0.0212711917133253,14.6996474372983,-0.236481776669304
-2.4201218523348,5.66420307041529,-0.868240888334652
3.2268291364464,6.77835025756348,-2.08377813200316
3.24100993092194,14.3878714487932,-0.604722665003955
-0.806707284111599,0.564862521463623,-0.17364817766693
2.44139304404812,7.32527894671305,0.284462756331487
0.806707284111599,2.54967027447583,-0.347296355333861
0,0,0

StrokePoints: 20
0,0,0
-7.26036555700439,-5.08376269317261,1.56283359900237
-7.26036555700439,-5.08376269317261,1.56283359900237
-10.4942850906886,-13.8289868714342,1.27837084267089
-7.24618476252884,-29.34060541905,1.38309350767484
-8.05289204664044,-51.4325551792475,4.68240888334652
-1.59214337650987,-53.9056021658628,3.39794612701503
-0.799616886873825,-55.0077934648016,2.91889066001582
-0.799616886873825,-55.0077934648016,2.91889066001582
0.00709039723777405,-55.5726559862652,3.09253883768275
0.00709039723777405,-55.5726559862652,3.09253883768275
1.62050496546097,-54.4429309433379,2.74524248234889
1.6417761571743,-39.7432835060397,2.50876070567959
-0.778345695160499,-34.0790804356244,1.64051981734493
2.4484834412859,-27.3007301780609,-0.443258314658229
5.68949337220784,-12.9128587292677,-1.04798097966218
4.88278608809624,-12.3479962078041,-1.22162915732912
7.32417913214436,-5.02271726109107,-0.937166400997628
8.13088641625596,-2.47304698661524,-1.28446275633149
8.13088641625596,-2.47304698661524,-1.28446275633149

Velocities: 19
-9,0,0
0,0,0
-3,0,-4
-4,-5,-6
-6,-5,-8
0,-7,0
0,-3,0
0,0,0
0,-1,0
0,0,0
2,0,0
0,3,7
0,3,2
8,4,0
6,4,5
0,1,0
2,2,3
1,0,1
0,0,0

InverseVelocities: 19
0,0,0
0,0,0
0,0,0
0,0,0
0,0,0
0,0,0
0,0,0
0,0,0
0,0,0
0,0,0
0,0,0
0,0,0
0,0,0
0,0,0
0,0,0
0,0,0
0,0,0
0,0,0
0,0,0
