GestureName: tap_down
Duration(ms): 987
Handedness: right

SpeakerAngles: 6
55
-55
0
0
110
-110

SpeakerElevations: 6
-10
-10
-10
0
30
30

InterpretedPoints: 21
-0.806707284111599,0.564862521463623,-0.17364817766693
4.85442449914514,1.66705382040245,0.305407289332279
-4.06898840674687,15.7587271364696,0.200684624328323
-0.00709039723777438,8.17673968922833,-2.10472266500395
-0.820888078587149,28.8583441295516,-3.68850079700712
4.06189800950909,25.0963475801833,-0.51485261934019
6.49620065631944,16.3176117138285,0.874332801995254
-0.806707284111599,3.95403765024536,-1.21553724366851
1.6134145682232,3.11453279593945,-0.520944533000791
0,0,0
0,0,0
0,0,0
4.06898840674687,-17.3282969761697,5.62566719800475
3.24100993092194,-20.6720045286489,3.29931537567168
0,-24.0611796574307,4.34120444167326
0,-22.4916098177306,-1.48514738065981
0,-13.1480114299122,-3.04798097966218
1.62759536269875,-13.2030789178891,-1.39527733499604
-0.00709039723777483,-5.64264727053155,0.889185421335443
-0.806707284111599,-0.564862521463623,0.17364817766693
0,0,0

StrokePoints: 22
0,0,0
-0.806707284111599,0.564862521463623,-0.17364817766693
4.04771721503354,2.23191634186607,0.131759111665348
-0.0212711917133248,17.9906434783357,0.332443735993671
-0.0283615889510992,26.167383167564,-1.77227892901028
-0.849249667538248,55.0257272971156,-5.4607797260174
3.21264834197085,80.1220748772989,-5.97563234535759
9.70884899829029,96.4396865911275,-5.10129954336234
8.90214171417869,100.393724241373,-6.31683678703085
10.5155562824019,103.508257037312,-6.83778132003164
10.5155562824019,103.508257037312,-6.83778132003164
10.5155562824019,103.508257037312,-6.83778132003164
10.5155562824019,103.508257037312,-6.83778132003164
14.5845446891488,86.1799600611426,-1.2121141220269
17.8255546200707,65.5079555324937,2.08720125364478
17.8255546200707,41.446775875063,6.42840569531804
17.8255546200707,18.9551660573324,4.94325831465823
17.8255546200707,5.80715462742014,1.89527733499604
19.4531499827694,-7.39592429046895,0.499999999999999
19.4460595855317,-13.0385715610005,1.38918542133544
18.6393523014201,-13.6034340824641,1.56283359900237
18.6393523014201,-13.6034340824641,1.56283359900237

Velocities: 21
0,1,0
4,0,0
7,7,5
8,7,0
9,8,10
9,8,9
7,5,6
3,4,0
2,0,1
0,0,0
0,0,0
0,0,0
-7,-7,-4
-5,-7,-7
-9,-9,-7
-9,-9,-8
-6,-6,-5
-5,-5,-5
-3,-4,-1
-1,0,0
0,0,0

InverseVelocities: 21
0,0,0
0,0,0
0,0,0
0,0,0
0,0,0
0,0,0
0,0,0
0,0,0
0,0,0
0,0,0
0,0,0
0,0,0
0,0,0
0,0,0
0,0,0
0,0,0
0,0,0
0,0,0
0,0,0
0,0,0
0,0,0
