GestureName: tap_down
Duration(ms): 987
Handedness: right

SpeakerAngles: 6
55
-55
0
0
110
-110

SpeakerElevations: 6
-10
-10
-10
0
30
30

InterpretedPoints: 21
1.62050496546097,5.36800493768926,-0.368240888334652
0.806707284111599,10.1160798659381,1.08987004566377
4.86860529362069,16.3176117138285,0.874332801995254
1.62050496546097,14.80908730621,4.20068462432832
4.86151489638292,27.5849724225776,1.63785102532595
0.785436092398274,24.0276679693376,-2.66755626400633
1.60632417098542,19.5482574298264,-3.79931537567168
-2.45557383852367,10.8245890514485,-4.06283359900237
0,0,0
-0.813797681349374,0.296198132726024,-0.5
0,0,0
0,0,0
0.813797681349374,-0.296198132726024,0.5
4.04062681779577,-2.55564821858052,1.19459271066772
9.75139138171694,-23.5789183679323,6.64661173100554
9.76557217619249,-24.2687986140867,1.51485261934019
0.813797681349373,-21.0656866420773,-2.33244373599367
-1.62759536269875,-18.0948005101847,2.12566719800475
0.806707284111599,-4.80912036033033,1.04188906600158
0,-3.11453279593945,0.520944533000791
0,0,0

StrokePoints: 22
0,0,0
1.62050496546097,5.36800493768926,-0.368240888334652
2.42721224957257,15.4840848036273,0.721629157329114
7.29581754319326,31.8016965174559,1.59596195932437
8.91632250865424,46.6107838236658,5.79664658365269
13.7778374050372,74.1957562462434,7.43449760897864
14.5632734974354,98.223424215581,4.76694134497231
16.1695976684209,117.771681645407,0.967625969300635
13.7140238298972,128.596270696856,-3.09520762970174
13.7140238298972,128.596270696856,-3.09520762970174
12.9002261485478,128.892468829582,-3.59520762970174
12.9002261485478,128.892468829582,-3.59520762970174
12.9002261485478,128.892468829582,-3.59520762970174
13.7140238298972,128.596270696856,-3.09520762970174
17.7546506476929,126.040622478275,-1.90061491903402
27.5060420294099,102.461704110343,4.74599681197152
37.2716142056024,78.1929054962563,6.26084943131171
38.0854118869517,57.1272188541789,3.92840569531804
36.457816524253,39.0324183439943,6.05407289332279
37.2645238083646,34.2232979836639,7.09596195932437
37.2645238083646,31.1087651877245,7.61690649232516
37.2645238083646,31.1087651877245,7.61690649232516

Velocities: 21
2,1,2
4,3,4
7,5,6
7,6,6
10,7,11
10,6,8
8,5,6
4,2,3
0,0,0
0,0,0
0,0,0
0,0,0
0,0,0
0,-4,0
-6,-8,-7
-9,-9,-8
-8,-8,-8
-6,-6,-6
-2,-3,-1
-1,-1,-1
0,0,0

InverseVelocities: 21
0,0,0
0,0,0
0,0,0
0,0,0
0,0,0
0,0,0
0,0,0
0,0,0
0,0,0
0,0,0
0,0,0
0,0,0
0,0,0
0,0,0
0,0,0
0,0,0
0,0,0
0,0,0
0,0,0
0,0,0
0,0,0
