GestureName: tap_up
Duration(ms): 1034
Handedness: right

SpeakerAngles: 6
55
-55
0
0
110
-110

SpeakerElevations: 6
-10
-10
-10
0
30
30

InterpretedPoints: 22
2.43430264681035,-4.27179158285513,1.69459271066772
5.68949337220784,-13.3527035260406,4.43107448733702
-1.63468575993652,-11.2242491089816,-0.721629157329114
-1.62050496546097,-22.3754968976722,-5.63785102532595
3.2551907253975,-21.3068172868265,-3.48514738065981
4.06189800950909,-31.380480660039,3.20944533000791
0.806707284111599,-26.2260726231105,0.86214897467405
4.06189800950909,-5.02869520519576,-0.0898700456637662
0.799616886873824,-5.07778474906793,0.715537243668512
0,0,0
1.62050496546097,1.39838943166485,-0.0209445330007911
-1.6134145682232,2.25945008585449,-0.694592710667721
-4.07607880398464,6.75081651357506,-1.25742630967009
-6.49620065631944,10.6497866758436,-0.820259908672468
4.06189800950909,31.4779646407414,2.92231378165744
8.13088641625596,28.3969435328951,1.7696101369913
5.66822218049452,27.7650576352452,5.29055466999209
8.11670562178041,20.0185628311154,0.200684624328324
4.86151489638292,7.83507398019982,1.7635182233307
2.42721224957257,5.34047119370084,0.458110933998418
0.813797681349374,-0.296198132726024,0.5
0,0,0

StrokePoints: 23
0,0,0
2.43430264681035,-4.27179158285513,1.69459271066772
8.12379601901819,-17.6244951088957,6.12566719800475
6.48911025908166,-28.8487442178773,5.40403804067563
4.86860529362069,-51.2242411155495,-0.233812984650316
8.12379601901819,-72.531058402376,-3.71896036531013
12.1856940285273,-103.911539062415,-0.509515035302217
12.9924013126389,-130.137611685526,0.352633939371833
17.054299322148,-135.166306890721,0.262763893708066
17.8539162090218,-140.244091639789,0.978301137376579
17.8539162090218,-140.244091639789,0.978301137376579
19.4744211744828,-138.845702208124,0.957356604375788
17.8610066062596,-136.58625212227,0.262763893708066
13.7849278022749,-129.835435608695,-0.994662415962029
7.28872714595549,-119.185648932851,-1.8149223246345
11.3506251554646,-87.7076842921099,1.10739145702294
19.4815115717205,-59.3107407592148,2.87700159401424
25.1497337522151,-31.5456831239696,8.16755626400633
33.2664393739955,-11.5271202928542,8.36824088833465
38.1279542703784,-3.69204631265443,10.1317591116653
40.555166519951,1.64842488104641,10.5898700456638
41.3689642013003,1.35222674832039,11.0898700456638
41.3689642013003,1.35222674832039,11.0898700456638

Velocities: 22
-1,-2,-1
-5,-6,-3
-6,-7,-3
-10,-9,-9
-9,-9,-8
-9,-10,-11
-9,-10,-9
-5,-6,0
-2,-4,-1
0,0,0
2,1,0
1,3,0
7,6,0
10,12,0
12,11,12
12,11,10
11,7,12
7,4,8
5,2,3
3,1,2
0,0,0
0,0,0

InverseVelocities: 22
0,0,0
0,0,0
0,0,0
0,0,0
0,0,0
0,0,0
0,0,0
0,0,0
0,0,0
0,0,0
0,0,0
0,0,0
0,0,0
0,0,0
0,0,0
0,0,0
0,0,0
0,0,0
0,0,0
0,0,0
0,0,0
0,0,0
