GestureName: tap_back
Duration(ms): 846
Handedness: right

SpeakerAngles: 6
55
-55
0
0
110
-110

SpeakerElevations: 6
-10
-10
-10
0
30
30

InterpretedPoints: 18
0,-6.22906559187891,1.04188906600158
0,-12.4581311837578,2.08377813200316
-2.4201218523348,-18.1223342541731,2.95201902033782
0,-6.77835025756348,2.08377813200316
3.2268291364464,-2.25945008585449,0.694592710667721
3.2268291364464,-2.25945008585449,0.694592710667721
0,-2.25945008585449,0.694592710667721
0,0,0
0,0,0
2.4201218523348,1.69458756439087,-0.520944533000791
2.4201218523348,18.9774169642581,-2.77837084267089
0.806707284111599,27.1912903091492,-3.9939080863394
-4.03353642055799,20.687582384428,-2.43107448733702
3.24810032815972,16.1040148130678,-1.10472266500396
1.62050496546097,4.45785473962745,1.11081457866456
1.62050496546097,4.77560867223722,0.631759111665348
0.799616886873824,2.81833466321343,-0.0209445330007911
0,0,0

StrokePoints: 19
0,0,0
0,-6.22906559187891,1.04188906600158
0,-18.6871967756367,3.12566719800475
-2.4201218523348,-36.8095310298098,6.07768621834256
-2.4201218523348,-43.5878812873733,8.16146435034573
0.806707284111599,-45.8473313732278,8.85605706101345
4.03353642055799,-48.1067814590823,9.55064977168117
4.03353642055799,-50.3662315449368,10.2452424823489
4.03353642055799,-50.3662315449368,10.2452424823489
4.03353642055799,-50.3662315449368,10.2452424823489
6.45365827289279,-48.6716439805459,9.7242979493481
8.87378012522759,-29.6942270162879,6.94592710667722
9.68048740933919,-2.50293670713868,2.95201902033782
5.64695098878119,18.1846456772893,0.520944533000795
8.89505131694091,34.2886604903571,-0.58377813200316
10.5155562824019,38.7465152299846,0.527036446661397
12.1360612478629,43.5221239022218,1.15879555832674
12.9356781347367,46.3404585654352,1.13785102532595
12.9356781347367,46.3404585654352,1.13785102532595

Velocities: 18
-2,-2,-2
-4,-4,-4
-7,-4,-6
-6,-6,0
0,-4,0
0,-4,0
-2,-2,0
0,0,0
0,0,0
3,0,0
6,3,7
7,6,10
0,5,9
5,4,6
4,3,1
2,1,2
2,0,1
0,0,0

InverseVelocities: 18
0,0,0
0,0,0
0,0,0
0,0,0
0,0,0
0,0,0
0,0,0
0,0,0
0,0,0
0,0,0
0,0,0
0,0,0
0,0,0
0,0,0
0,0,0
0,0,0
0,0,0
0,0,0
