GestureName: tap_right
Duration(ms): 893
Handedness: right

SpeakerAngles: 6
55
-55
0
0
110
-110

SpeakerElevations: 6
-10
-10
-10
0
30
30

InterpretedPoints: 19
0.00709039723777505,-0.861060654189647,0.67364817766693
-2.42721224957257,-0.833526910201223,-0.152703644666139
-6.46783906736834,-6.76639436935411,0.389185421335443
-6.45365827289279,-4.51890017170899,1.38918542133544
-11.336444360989,-2.74171137535284,-1.61081457866456
-9.72302979276584,-1.6119863324256,-1.95811093399842
-7.28872714595549,-1.63952007641402,-1.13175911166535
1.6134145682232,-1.12972504292725,0.347296355333861
0.806707284111599,-0.564862521463623,0.17364817766693
0,0,0
3.2268291364464,2.25945008585449,-0.694592710667721
9.72302979276584,5.58160183845001,1.61081457866456
8.08125363559154,17.8201581773424,-1.60472266500395
1.62759536269875,-0.592396265452048,1
12.1360612478629,4.16763455100612,0.763518223330696
8.90214171417869,2.76924511934127,0.784462756331487
11.336444360989,3.65186157341465,0.131759111665348
6.48201986184389,1.12972504292725,-0.347296355333861
0,0,0

StrokePoints: 20
0,0,0
0.00709039723777505,-0.861060654189647,0.67364817766693
-2.4201218523348,-1.69458756439087,0.520944533000791
-8.88796091970314,-8.46098193374498,0.910129954336234
-15.3416191925959,-12.979882105454,2.29931537567168
-26.678063553585,-15.7215934808068,0.68850079700712
-36.4010933463508,-17.3335798132324,-1.2696101369913
-43.6898204923063,-18.9730998896464,-2.40136924865665
-42.0764059240831,-20.1028249325737,-2.05407289332279
-41.2696986399715,-20.6676874540373,-1.88042471565586
-41.2696986399715,-20.6676874540373,-1.88042471565586
-38.0428695035251,-18.4082373681828,-2.57501742632358
-28.3198397107593,-12.8266355297328,-0.96420284765902
-20.2385860751677,4.9935226476096,-2.56892551266297
-18.610990712469,4.40112638215755,-1.56892551266297
-6.47492946460611,8.56876093316366,-0.805407289332278
2.42721224957257,11.3380060525049,-0.0209445330007907
13.7636566105616,14.9898676259196,0.110814578664557
20.2456764724055,16.1195926688468,-0.236481776669303
20.2456764724055,16.1195926688468,-0.236481776669303

Velocities: 19
-1,0,0
-2,0,0
-6,0,-2
-8,0,0
-8,0,0
-6,0,0
-5,0,0
0,-2,0
0,-1,0
0,0,0
4,0,0
6,0,2
8,0,7
0,0,0
10,0,0
7,0,0
6,-2,1
3,-1,0
0,0,0

InverseVelocities: 19
0,0,0
0,0,0
0,0,0
0,0,0
0,0,0
0,0,0
0,0,0
0,0,0
0,0,0
0,0,0
0,0,0
0,0,0
0,0,0
0,0,0
0,0,0
0,0,0
0,0,0
0,0,0
0,0,0
