GestureName: tap_back
Duration(ms): 987
Handedness: right

SpeakerAngles: 6
55
-55
0
0
110
-110

SpeakerElevations: 6
-10
-10
-10
0
30
30

InterpretedPoints: 21
-1.6134145682232,-9.60628483245128,0.389185421335443
-1.63468575993652,-12.3970857516763,-0.416221867996836
-3.24810032815972,-13.5268107946035,-0.068925512662975
0.813797681349374,-17.2612735999835,2.27837084267089
0.820888078587149,-13.2306126618775,-0.568925512662975
-1.62050496546097,-5.91728960337384,1.41012995433623
3.2268291364464,-2.25945008585449,0.694592710667721
0,0,0
0,0,0
1.62050496546097,0.2686643887376,0.32635182233307
-0.792526489636048,9.04142231098766,-0.215537243668512
-2.40594105785925,14.1407628599393,-0.910129954336234
-1.59214337650987,15.8293724802255,-0.583778132003164
3.24100993092194,18.9498832202696,-1.95201902033782
4.85442449914514,19.8049659303546,-1.77837084267089
2.42721224957257,16.1315485570562,-1.93107448733702
0.806707284111599,8.77873586635474,-1.38918542133544
1.62050496546097,7.35281269070147,-0.541889066001582
2.42721224957257,2.81833466321343,-0.0209445330007911
0.813797681349374,-0.296198132726024,0.5
0,0,0

StrokePoints: 22
0,0,0
-1.6134145682232,-9.60628483245128,0.389185421335443
-3.24810032815972,-22.0033705841276,-0.0270364466613929
-6.49620065631944,-35.5301813787311,-0.095961959324368
-5.68240297497007,-52.7914549787146,2.18240888334652
-4.86151489638292,-66.0220676405921,1.61348337068354
-6.48201986184389,-71.9393572439659,3.02361332501978
-3.25519072539749,-74.1988073298204,3.7182060356875
-3.25519072539749,-74.1988073298204,3.7182060356875
-3.25519072539749,-74.1988073298204,3.7182060356875
-1.63468575993652,-73.9301429410828,4.04455785802057
-2.42721224957257,-64.8887206300951,3.82902061435205
-4.83315330743181,-50.7479577701558,2.91889066001582
-6.42529668394169,-34.9185852899303,2.33511252801266
-3.18428675301974,-15.9687020696607,0.383093507674841
1.6701377461254,3.83626386069393,-1.39527733499604
4.09734999569797,19.9678124177501,-3.32635182233307
4.90405727980957,28.7465482841049,-4.71553724366851
6.52456224527054,36.0993609748064,-5.25742630967009
8.95177449484311,38.9176956380198,-5.27837084267089
9.76557217619249,38.6214975052938,-4.77837084267089
9.76557217619249,38.6214975052938,-4.77837084267089

Velocities: 21
-3,-1,-4
-3,-4,-5
-5,-4,-5
-5,-5,-6
-5,-4,-5
-6,-5,0
0,-4,0
0,0,0
0,0,0
1,0,0
0,3,4
0,5,6
0,5,7
6,4,7
6,2,8
5,3,6
3,2,3
2,1,3
2,0,1
0,0,0
0,0,0

InverseVelocities: 21
0,0,0
0,0,0
0,0,0
0,0,0
0,0,0
0,0,0
0,0,0
0,0,0
0,0,0
0,0,0
0,0,0
0,0,0
0,0,0
0,0,0
0,0,0
0,0,0
0,0,0
0,0,0
0,0,0
0,0,0
0,0,0
