GestureName: tap_up
Duration(ms): 987
Handedness: right

SpeakerAngles: 6
55
-55
0
0
110
-110

SpeakerElevations: 6
-10
-10
-10
0
30
30

InterpretedPoints: 21
0,-7.35879063480616,1.38918542133544
1.62050496546097,-14.2717585287348,-3.54798097966218
-4.06898840674687,-22.5682331055912,0.146611731005538
1.63468575993652,-33.0690902803252,2.88309350767484
2.44139304404812,-7.92893599333251,-5.33244373599367
4.88278608809624,-9.40992665696263,-2.83244373599367
3.23391953368417,-9.84379350963077,1.79931537567168
-0.0141807944755501,-7.89611941228136,0.736481776669303
0,0,0
-0.806707284111599,1.69458756439087,-0.520944533000791
-0.806707284111599,5.08376269317261,-1.56283359900237
-0.806707284111599,7.34321277902711,-2.25742630967009
-5.68240297497007,8.6865347227151,-0.625667198004746
4.06898840674687,28.0947674560644,3.11690649232516
4.87569569085847,33.5513515698236,-0.577686218342562
8.11670562178041,30.4368187738841,-0.0567416853417716
1.6134145682232,20.0796082631969,-2.29931537567168
4.04771721503354,13.4382316185336,3.39527733499604
4.05480761227132,8.45500398964029,-0.0628335990023732
-0.00709039723777505,3.38319718467705,-0.194592710667721
0,0,0

StrokePoints: 22
0,0,0
0,-7.35879063480616,1.38918542133544
1.62050496546097,-21.630549163541,-2.15879555832674
-2.4484834412859,-44.1987822691321,-2.0121838273212
-0.813797681349374,-77.2678725494574,0.870909680353636
1.62759536269875,-85.1968085427899,-4.46153405564004
6.51038145079499,-94.6067351997525,-7.29397779163371
9.74430098447916,-104.450528709383,-5.49466241596203
9.73012019000361,-112.346648121665,-4.75818063929273
9.73012019000361,-112.346648121665,-4.75818063929273
8.92341290589201,-110.652060557274,-5.27912517229352
8.11670562178041,-105.568297864101,-6.84195877129589
7.30999833766881,-98.225085085074,-9.09938508096599
1.62759536269875,-89.5385503623589,-9.72505227897073
5.69658376944562,-61.4437829062946,-6.60814578664557
10.5722794603041,-27.892431336471,-7.18583200498814
18.6889850820845,2.54438743741311,-7.24257369032991
20.3023996503077,22.62399570061,-9.54188906600158
24.3501168653412,36.0622273191436,-6.14661173100554
28.4049244776126,44.5172313087839,-6.20944533000791
28.3978340803748,47.9004284934609,-6.40403804067563
28.3978340803748,47.9004284934609,-6.40403804067563

Velocities: 21
-3,-3,-2
-5,-6,-6
-6,-6,-9
-10,-9,-12
-12,-12,0
-12,-12,0
-8,-11,0
-3,-5,-2
0,0,0
1,2,0
4,5,0
6,7,0
8,10,0
10,10,11
12,11,12
12,9,11
7,5,7
6,3,6
4,2,3
2,1,1
0,0,0

InverseVelocities: 21
0,0,0
0,0,0
0,0,0
0,0,0
0,0,0
0,0,0
0,0,0
0,0,0
0,0,0
0,0,0
0,0,0
0,0,0
0,0,0
0,0,0
0,0,0
0,0,0
0,0,0
0,0,0
0,0,0
0,0,0
0,0,0
