GestureName: tap_left
Duration(ms): 893
Handedness: right

SpeakerAngles: 6
55
-55
0
0
110
-110

SpeakerElevations: 6
-10
-10
-10
0
30
30

InterpretedPoints: 19
4.04062681779577,0.296198132726024,-0.5
8.89505131694091,-1.42592317565327,0.847296355333861
10.5155562824019,-7.97872064424663,3.21553724366851
11.3151731692757,-7.10208213427793,3.41012995433623
1.6134145682232,-3.38917512878174,1.04188906600158
0,0,0
2.4201218523348,-1.69458756439087,0.520944533000791
0,0,0
0,0,0
-0.806707284111599,0.564862521463623,-0.17364817766693
0.813797681349374,-0.296198132726024,0.5
-2.45557383852367,-0.94366188615492,3.15270364466614
0.813797681349374,-0.296198132726024,0.5
0,0,0
-3.24810032815972,10.1495915540312,-0.583778132003164
-4.06189800950909,6.73886062536569,0.437166400997627
-1.62759536269875,3.37721924057237,0.652703644666139
-1.62050496546097,0.2686643887376,0.32635182233307
0,0,0

StrokePoints: 20
0,0,0
4.04062681779577,0.296198132726024,-0.5
12.9356781347367,-1.12972504292725,0.347296355333861
23.4512344171386,-9.10844568717388,3.56283359900237
34.7664075864143,-16.2105278214518,6.97296355333861
36.3798221546375,-19.5997029502335,8.01485261934019
36.3798221546375,-19.5997029502335,8.01485261934019
38.7999440069723,-21.2942905146244,8.53579715234098
38.7999440069723,-21.2942905146244,8.53579715234098
38.7999440069723,-21.2942905146244,8.53579715234098
37.9932367228607,-20.7294279931608,8.36214897467405
38.80703440421,-21.0256261258868,8.86214897467405
36.3514605656864,-21.9692880120417,12.0148526193402
37.1652582470357,-22.2654861447678,12.5148526193402
37.1652582470357,-22.2654861447678,12.5148526193402
33.917157918876,-12.1158945907366,11.931074487337
29.8552599093669,-5.37703396537091,12.3682408883347
28.2276645466682,-1.99981472479854,13.0209445330008
26.6071595812072,-1.73115033606094,13.3472963553339
26.6071595812072,-1.73115033606094,13.3472963553339

Velocities: 19
2,-2,0
3,-5,0
2,-7,-2
0,-11,0
-2,-4,0
0,0,0
0,-3,0
0,0,0
0,0,0
0,1,0
0,0,0
2,0,0
0,0,0
0,0,0
4,5,3
3,4,2
0,0,2
0,1,0
0,0,0

InverseVelocities: 19
0,0,0
-1,0,0
0,0,0
0,0,0
0,0,0
0,0,0
0,0,0
0,0,0
0,0,0
0,0,0
0,0,0
0,0,0
0,0,0
0,0,0
0,0,0
0,0,0
0,0,0
0,0,0
0,0,0
