GestureName: tap_up
Duration(ms): 987
Handedness: right

SpeakerAngles: 6
55
-55
0
0
110
-110

SpeakerElevations: 6
-10
-10
-10
0
30
30

InterpretedPoints: 21
0.806707284111599,-0.564862521463623,0.17364817766693
5.67531257773229,-2.87938009529497,2.52094453300079
1.62050496546097,-12.1894667950202,2.41012995433623
-0.806707284111599,-16.9926092112459,2.60472266500395
-0.785436092398275,-27.7650576352452,-5.29055466999209
1.62759536269875,-30.8580346313009,-4.74866560399051
4.06898840674687,-32.98648904836,0.404038040675632
4.87569569085847,-11.5108473300332,1.4939080863394
4.03353642055799,-7.34321277902711,2.25742630967009
2.40594105785925,-4.49136642772056,0.562833599002373
2.42721224957257,-1.42592317565327,0.847296355333861
0.0141807944755505,6.18595399211143,-1.08377813200316
0,18.961839108479,-3.64661173100554
1.6134145682232,11.2972504292725,-3.47296355333861
1.62759536269875,36.7819972858214,-5.25133439600949
2.43430264681035,30.2627115053212,-4.55674168534177
0.813797681349374,9.8713272536192,-2.62566719800475
0.806707284111599,18.4825046795084,4.35338826899446
2.4201218523348,4.80912036033033,-1.04188906600158
0.813797681349374,7.32527894671305,0.284462756331487
0,0,0

StrokePoints: 22
0,0,0
0.806707284111599,-0.564862521463623,0.17364817766693
6.48201986184389,-3.44424261675859,2.69459271066772
8.10252482730486,-15.6337094117788,5.10472266500395
7.29581754319326,-32.6263186230247,7.70944533000791
6.51038145079499,-60.3913762582699,2.41889066001582
8.13797681349374,-91.2494108895708,-2.32977494397469
12.2069652202406,-124.235899937931,-1.92573690329905
17.0826609110991,-135.746747267964,-0.431828816959655
21.1161973316571,-143.089960046991,1.82559749271044
23.5221383895163,-147.581326474712,2.38843109171281
25.9493506390889,-149.007249650365,3.23572744704667
25.9635314335644,-142.821295658254,2.15194931504351
25.9635314335644,-123.859456549775,-1.49466241596203
27.5769460017876,-112.562206120502,-4.96762596930064
29.2045413644864,-75.7802088346806,-10.2189603653101
31.6388440112967,-45.5174973293595,-14.7757020506519
32.4526416926461,-35.6461700757403,-17.4013692486566
33.2593489767577,-17.1636653962319,-13.0479809796622
35.6794708290925,-12.3545450359015,-14.0898700456638
36.4932685104419,-5.0292660891885,-13.8054072893323
36.4932685104419,-5.0292660891885,-13.8054072893323

Velocities: 21
0,-1,0
0,-3,0
-3,-4,-4
-5,-4,-6
-11,-7,-12
-12,-12,-12
-11,-11,-12
-11,-12,0
-4,-9,0
-2,-7,0
0,-2,0
5,7,0
8,8,5
11,9,0
12,12,12
12,11,9
9,9,0
7,6,8
4,1,1
2,2,3
0,0,0

InverseVelocities: 21
0,0,0
0,0,0
0,0,0
0,0,0
4,0,0
0,0,0
0,0,0
0,0,0
0,0,0
0,0,0
0,2,0
0,0,0
0,0,0
0,0,0
0,0,0
0,0,0
0,0,0
0,0,0
0,0,0
0,0,0
0,0,0
