GestureName: tap_up
Duration(ms): 940
Handedness: right

SpeakerAngles: 6
55
-55
0
0
110
-110

SpeakerElevations: 6
-10
-10
-10
0
30
30

InterpretedPoints: 20
0.813797681349374,-0.296198132726024,0.5
0.820888078587149,-2.28698382984292,1.52094453300079
0.0141807944755505,-15.3099775350644,3.77837084267089
5.72494535839672,-24.2352869259936,-0.158795558326741
16.2617728325119,-32.2750530023218,5.55674168534177
11.3931675388912,-27.1206449653933,3.20944533000791
9.75139138171694,-28.0307951634551,4.68850079700712
-3.26937151987304,-7.26061154706183,-0.221629157329114
0.0141807944755501,-2.79677886332969,0.0418890660015822
0.806707284111599,-0.564862521463623,0.17364817766693
0,2.25945008585449,-0.694592710667721
-2.4201218523348,6.21348773609986,-1.91012995433623
-0.806707284111599,24.351399846052,-3.9939080863394
6.51038145079499,5.48342275070569,3.22162915732911
3.23391953368417,26.5773382438134,-3.01485261934019
9.75139138171694,27.31630803384,1.31149920299288
3.2551907253975,17.7650906893656,0.0479809796621837
0.806707284111599,7.64901082342749,-1.04188906600158
0.806707284111599,2.54967027447583,-0.347296355333861
0,0,0

StrokePoints: 21
0,0,0
0.813797681349374,-0.296198132726024,0.5
1.63468575993652,-2.58318196256894,2.02094453300079
1.64886655441207,-17.8931594976333,5.79931537567168
7.37381191280879,-42.1284464236269,5.64051981734494
23.6355847453207,-74.4034994259487,11.1972615026867
35.0287522842119,-101.524144391342,14.4067068326946
44.7801436659289,-129.554939554797,19.0952076297017
41.5107721460558,-136.815551101859,18.8735784723726
41.5249529405314,-139.612329965189,18.9154675383742
42.331660224643,-140.177192486652,19.0891157160411
42.331660224643,-137.917742400798,18.3945230053734
39.9115383723082,-131.704254664698,16.4843930510372
39.1048310881966,-107.352854818646,12.4904849646978
45.6152125389916,-101.86943206794,15.7121141220269
48.8491320726758,-75.2920938241268,12.6972615026867
58.6005234543927,-47.9757857902868,14.0087607056796
61.8557141797902,-30.2106951009213,14.0567416853418
62.6624214639018,-22.5616842774938,13.0148526193402
63.4691287480134,-20.012014003018,12.6675562640063
63.4691287480134,-20.012014003018,12.6675562640063

Velocities: 20
0,0,0
-2,-1,0
-7,-5,-4
-10,-6,-9
-10,-12,-10
-11,-11,-8
-8,-10,-9
-7,-9,0
-4,-2,0
0,-1,0
2,2,0
4,7,0
7,8,8
8,8,0
10,7,9
9,7,11
5,5,7
2,1,3
1,0,1
0,0,0

InverseVelocities: 20
0,0,0
0,0,0
0,0,0
0,0,0
0,0,0
0,0,0
0,0,0
0,0,0
0,0,0
0,0,0
0,0,0
0,0,0
0,0,0
0,0,0
0,0,0
0,0,0
0,0,0
0,0,0
0,0,0
0,0,0
