GestureName: tap_down
Duration(ms): 987
Handedness: right

SpeakerAngles: 6
55
-55
0
0
110
-110

SpeakerElevations: 6
-10
-10
-10
0
30
30

InterpretedPoints: 21
0.806707284111599,1.69458756439087,-0.520944533000791
1.6134145682232,9.49614985649758,2.91622186799684
-1.62759536269875,21.3618847748034,1.83244373599367
0.813797681349373,23.9055771051745,2.33244373599367
0,22.4796539295212,3.17974009132753
2.43430264681035,13.1755451739007,2.22162915732911
0.806707284111599,6.79392811334253,-1.21553724366851
0.813797681349374,1.68860962028618,0.32635182233307
0,0,0
0,0,0
0,0,0
-1.6134145682232,-3.11453279593945,0.520944533000791
3.26937151987305,-8.75120212236632,0.562833599002373
-0.806707284111599,-0.564862521463623,0.17364817766693
8.96595528931866,-22.9530104143872,3.97296355333861
9.77975297066804,-17.8321140655518,3.29931537567168
8.95177449484311,-18.9283274203859,1.97296355333861
4.88987648533402,-7.63941091175313,2.75742630967009
1.6134145682232,-8.69613463438947,-1.08987004566377
2.4201218523348,-1.69458756439087,0.520944533000791
0,0,0

StrokePoints: 22
0,0,0
0.806707284111599,1.69458756439087,-0.520944533000791
2.4201218523348,11.1907374208885,2.39527733499604
0.79252648963605,32.5526221956918,4.22772107098971
1.60632417098542,56.4581993008663,6.56016480698339
1.60632417098542,78.9378532303875,9.73990489831092
4.04062681779577,92.1133984042882,11.96153405564
4.84733410190737,98.9073265176307,10.7459968119715
5.66113178325674,100.595936137917,11.0723486343046
5.66113178325674,100.595936137917,11.0723486343046
5.66113178325674,100.595936137917,11.0723486343046
5.66113178325674,100.595936137917,11.0723486343046
4.04771721503354,97.4814033419775,11.5932931673054
7.31708873490659,88.7302012196111,12.1561267663078
6.51038145079499,88.1653386981475,12.3297749439747
15.4763367401137,65.2123282837603,16.3027384973133
25.2560897107817,47.3802142182086,19.602053872985
34.2078642056248,28.4518867978227,21.5750174263236
39.0977406909588,20.8124758860695,24.3324437359937
40.711155259182,12.1163412516801,23.2425736903299
43.1312771115168,10.4217536872892,23.7635182233307
43.1312771115168,10.4217536872892,23.7635182233307

Velocities: 21
2,1,0
5,3,4
8,8,8
7,7,10
6,6,10
6,5,5
3,2,2
0,0,1
0,0,0
0,0,0
0,0,0
-2,0,-1
-4,-2,-3
-1,0,0
-7,-5,-8
-8,-6,-5
-7,-7,-6
-7,-6,0
-3,-5,-3
0,-3,0
0,0,0

InverseVelocities: 21
0,0,0
0,0,0
0,0,0
0,0,0
0,0,0
0,0,0
0,0,0
0,0,0
0,0,0
0,0,0
0,0,0
0,0,0
0,0,0
0,0,0
0,0,0
0,0,0
0,0,0
0,0,0
0,0,0
0,0,0
0,0,0
