GestureName: swipe_left
Duration(ms): 658
Handedness: right

SpeakerAngles: 2
55
-55

InterpretedPoints: 14
2.4201218523348,1.69458756439087
0,0
1.6134145682232,1.12972504292725
7.26036555700439,5.08376269317261
8.06707284111599,5.64862521463624
6.45365827289279,4.51890017170899
6.45365827289279,0
7.26036555700439,-0.564862521463624
0.806707284111599,-7.34321277902711
6.45365827289279,-4.51890017170899
5.64695098878119,-5.08376269317261
4.03353642055799,-5.08376269317261
4.03353642055799,-2.82431260731812
0,0

StrokePoints: 15
177.6,130.333333333333
175.179878147665,128.638745768942
175.179878147665,128.638745768942
173.566463579442,127.509020726015
166.306098022438,122.425258032843
158.239025181322,116.776632818206
151.785366908429,112.257732646497
145.331708635536,112.257732646497
138.071343078532,112.822595167961
137.26463579442,120.165807946988
130.810977521527,124.684708118697
125.164026532746,129.76847081187
121.130490112188,134.852233505042
117.09695369163,137.67654611236
117.09695369163,137.67654611236

Velocities: 14
3,0
0,0
2,0
9,0
10,0
8,0
4,-4
4,-5
-6,-7
0,-8
-1,-8
-2,-7
0,-5
0,0

InverseVelocities: 14
0,0
0,0
0,0
0,0
0,0
0,0
0,0
0,0
0,0
0,0
0,0
0,0
0,0
0,0
