GestureName: swipe_left
Duration(ms): 705
Handedness: right

SpeakerAngles: 2
55
-55

InterpretedPoints: 15
0.806707284111599,0.564862521463623
1.6134145682232,1.12972504292725
0,0
4.84024370466959,3.38917512878174
7.26036555700439,5.08376269317261
7.26036555700439,2.82431260731812
6.45365827289279,1.12972504292725
6.45365827289279,-1.12972504292725
1.6134145682232,-6.77835025756348
4.84024370466959,-3.38917512878174
5.64695098878119,-3.95403765024536
4.84024370466959,-3.38917512878174
2.4201218523348,-3.95403765024536
3.2268291364464,-2.25945008585449
0,0

StrokePoints: 16
177.6,130.333333333333
176.793292715888,129.76847081187
175.179878147665,128.638745768942
175.179878147665,128.638745768942
170.339634442996,125.249570640161
163.079268885991,120.165807946988
155.818903328987,117.34149533967
149.365245056094,116.211770296743
142.911586783201,117.34149533967
141.298172214978,124.119845597233
136.457928510309,127.509020726015
130.810977521527,131.463058376261
125.970733816858,134.852233505042
123.550611964523,138.806271155288
120.323782828077,141.065721241142
120.323782828077,141.065721241142

Velocities: 15
1,0
2,0
0,0
6,0
9,0
7,-2
5,-3
3,-5
-5,-7
0,-6
0,-7
0,-6
-2,-5
0,-4
0,0

InverseVelocities: 15
0,0
0,0
0,0
0,0
0,0
0,0
0,0
0,0
0,0
0,0
0,0
0,0
0,0
0,0
0,0
