GestureName: swipe_down
Duration(ms): 423
Handedness: right

SpeakerAngles: 2
55
-55

InterpretedPoints: 9
0.806707284111599,-2.82431260731812
-3.22682913644639,-5.64862521463624
0,-3.38917512878174
0.806707284111599,-6.21348773609986
4.84024370466959,-3.38917512878174
4.03353642055799,-2.82431260731812
-1.6134145682232,-5.64862521463624
2.4201218523348,-1.69458756439087
0,0

StrokePoints: 10
177.6,130.333333333333
176.793292715888,133.157645940651
180.020121852335,138.806271155288
180.020121852335,142.195446284069
179.213414568223,148.408934020169
174.373170863554,151.798109148951
170.339634442996,154.622421756269
171.953049011219,160.271046970905
169.532927158884,161.965634535296
169.532927158884,161.965634535296

Velocities: 9
-2,-3
-7,-3
-3,-3
-5,-6
0,-6
0,-5
-6,-4
0,-3
0,0

InverseVelocities: 9
0,0
0,0
0,0
0,0
0,0
0,0
0,0
0,0
0,0
