GestureName: swipe_up
Duration(ms): 376
Handedness: right

SpeakerAngles: 2
55
-55

InterpretedPoints: 8
-6.45365827289279,4.51890017170899
0,5.64862521463624
0.806707284111599,5.08376269317261
0,4.51890017170899
-1.6134145682232,1.12972504292725
-0.806707284111599,1.69458756439087
-0.806707284111599,0.564862521463623
0,0

StrokePoints: 9
177.6,130.333333333333
184.053658272893,125.814433161624
184.053658272893,120.165807946988
183.246950988781,115.082045253815
183.246950988781,110.563145082107
184.860365557004,109.433420039179
185.667072841116,107.738832474788
186.473780125228,107.173969953325
186.473780125228,107.173969953325

Velocities: 8
0,8
5,5
5,4
4,4
0,2
1,2
0,1
0,0

InverseVelocities: 8
0,0
0,0
0,0
0,0
0,0
0,0
0,0
0,0
