GestureName: swipe_up
Duration(ms): 329
Handedness: right

SpeakerAngles: 2
55
-55

InterpretedPoints: 7
-4.84024370466959,3.38917512878174
0.806707284111599,6.21348773609986
0,4.51890017170899
0.806707284111599,2.82431260731812
0.806707284111599,0.564862521463623
0.806707284111599,0.564862521463623
0,0

StrokePoints: 8
177.6,130.333333333333
182.44024370467,126.944158204552
181.633536420558,120.730670468452
181.633536420558,116.211770296743
180.826829136446,113.387457689425
180.020121852335,112.822595167961
179.213414568223,112.257732646497
179.213414568223,112.257732646497

Velocities: 7
0,6
6,5
4,4
3,2
1,0
1,0
0,0

InverseVelocities: 7
0,0
0,0
0,0
0,0
0,0
0,0
0,0
