GestureName: swipe_right
Duration(ms): 752
Handedness: right

SpeakerAngles: 2
55
-55

InterpretedPoints: 16
-3.2268291364464,3.38917512878174
0.806707284111599,0.564862521463623
-4.03353642055799,2.82431260731812
-2.4201218523348,1.69458756439087
-2.4201218523348,1.69458756439087
-3.2268291364464,-1.12972504292725
-0.806707284111599,-0.564862521463623
-0.806707284111599,-0.564862521463623
-0.806707284111599,0.564862521463623
0,0
-2.4201218523348,-0.564862521463623
-1.6134145682232,-1.12972504292725
0,0
-1.6134145682232,-1.12972504292725
-1.6134145682232,-1.12972504292725
0,0

StrokePoints: 17
177.6,130.333333333333
180.826829136446,126.944158204552
180.020121852335,126.379295683088
184.053658272893,123.55498307577
186.473780125228,121.860395511379
188.893901977562,120.165807946988
192.120731114009,121.295532989915
192.92743839812,121.860395511379
193.734145682232,122.425258032843
194.540852966344,121.860395511379
194.540852966344,121.860395511379
196.960974818678,122.425258032843
198.574389386902,123.55498307577
198.574389386902,123.55498307577
200.187803955125,124.684708118697
201.801218523348,125.814433161624
201.801218523348,125.814433161624

Velocities: 16
1,5
1,0
0,5
0,3
0,3
-3,1
-1,0
-1,0
0,1
0,0
-2,1
-2,0
0,0
-2,0
-2,0
0,0

InverseVelocities: 16
0,0
0,0
0,0
0,0
0,0
0,0
0,0
0,0
0,0
0,0
0,0
0,0
0,0
0,0
0,0
0,0
