GestureName: swipe_left
Duration(ms): 846
Handedness: right

SpeakerAngles: 2
55
-55

InterpretedPoints: 18
0.806707284111599,0.564862521463623
0,0
0,0
3.2268291364464,2.25945008585449
4.84024370466959,3.38917512878174
4.84024370466959,3.38917512878174
4.03353642055799,2.82431260731812
3.2268291364464,1.12972504292725
3.2268291364464,0
4.84024370466959,-2.25945008585449
4.84024370466959,-3.38917512878174
4.03353642055799,-2.82431260731812
4.03353642055799,-2.82431260731812
4.03353642055799,-2.82431260731812
3.2268291364464,-2.25945008585449
2.4201218523348,-1.69458756439087
1.6134145682232,-1.12972504292725
0,0

StrokePoints: 19
177.6,130.333333333333
176.793292715888,129.76847081187
176.793292715888,129.76847081187
176.793292715888,129.76847081187
173.566463579442,127.509020726015
168.726219874772,124.119845597233
163.885976170103,120.730670468452
159.852439749545,117.906357861134
156.625610613099,116.776632818206
153.398781476652,116.776632818206
148.558537771983,119.036082904061
143.718294067313,122.425258032843
139.684757646755,125.249570640161
135.651221226197,128.073883247479
131.617684805639,130.898195854797
128.390855669193,133.157645940651
125.970733816858,134.852233505042
124.357319248635,135.98195854797
124.357319248635,135.98195854797

Velocities: 18
1,0
0,0
0,0
4,0
6,0
6,0
5,0
3,-1
2,-2
1,-5
0,-6
0,-5
0,-5
0,-5
0,-4
0,-3
0,-2
0,0

InverseVelocities: 18
0,0
0,0
0,0
0,0
0,0
0,0
0,0
0,0
0,0
0,0
0,0
0,0
0,0
0,0
0,0
0,0
0,0
0,0
