GestureName: swipe_down
Duration(ms): 611
Handedness: right

SpeakerAngles: 2
55
-55

InterpretedPoints: 13
-0.806707284111599,-0.564862521463623
0,-2.25945008585449
-0.806707284111599,-3.95403765024536
-2.4201218523348,-2.82431260731812
0,0
-1.6134145682232,-6.77835025756348
-0.806707284111599,-6.21348773609986
-4.84024370466959,-3.38917512878174
-4.84024370466959,-3.38917512878174
-2.4201218523348,-1.69458756439087
0,0
-3.2268291364464,-2.25945008585449
0,0

StrokePoints: 14
177.6,130.333333333333
178.406707284112,130.898195854797
178.406707284112,133.157645940651
179.213414568223,137.111683590897
181.633536420558,139.935996198215
181.633536420558,139.935996198215
183.246950988781,146.714346455778
184.053658272893,152.927834191878
188.893901977563,156.31700932066
193.734145682232,159.706184449442
196.154267534567,161.400772013833
196.154267534567,161.400772013833
199.381096671013,163.660222099687
199.381096671013,163.660222099687

Velocities: 13
-1,0
-2,-2
-4,-3
-4,-1
0,0
-7,-5
-6,-5
-6,0
-6,0
-3,0
0,0
-4,0
0,0

InverseVelocities: 13
0,0
0,0
0,0
0,0
0,0
0,0
0,0
0,0
0,0
0,0
0,0
0,0
0,0
