GestureName: swipe_up
Duration(ms): 423
Handedness: right

SpeakerAngles: 2
55
-55

InterpretedPoints: 9
4.03353642055799,2.82431260731812
4.84024370466959,3.38917512878174
-1.6134145682232,4.51890017170899
0,2.25945008585449
0.806707284111599,2.82431260731812
-0.806707284111599,0.564862521463623
0,1.12972504292725
-0.806707284111599,0.564862521463623
0,0

StrokePoints: 10
177.6,130.333333333333
173.566463579442,127.509020726015
168.726219874772,124.119845597233
170.339634442996,119.600945425524
170.339634442996,117.34149533967
169.532927158884,114.517182732352
170.339634442996,113.952320210888
170.339634442996,112.822595167961
171.146341727107,112.257732646497
171.146341727107,112.257732646497

Velocities: 9
5,0
6,0
3,5
2,2
3,2
0,1
1,1
0,1
0,0

InverseVelocities: 9
0,0
0,0
0,0
0,0
0,0
0,0
0,0
0,0
0,0
