GestureName: swipe_up
Duration(ms): 376
Handedness: right

SpeakerAngles: 2
55
-55

InterpretedPoints: 8
-0.806707284111599,7.34321277902711
-0.806707284111599,8.47293782195435
4.03353642055799,2.82431260731812
-3.2268291364464,2.25945008585449
0,2.25945008585449
-0.806707284111599,0.564862521463623
0,1.12972504292725
0,0

StrokePoints: 9
177.6,130.333333333333
178.406707284112,122.990120554306
179.213414568223,114.517182732352
175.179878147665,111.692870125034
178.406707284112,109.433420039179
178.406707284112,107.173969953325
179.213414568223,106.609107431861
179.213414568223,105.479382388934
179.213414568223,105.479382388934

Velocities: 8
6,7
7,8
5,0
0,4
2,2
0,1
1,1
0,0

InverseVelocities: 8
0,0
0,0
0,0
0,0
0,0
0,0
0,0
0,0
