GestureName: swipe_right
Duration(ms): 752
Handedness: right

SpeakerAngles: 2
55
-55

InterpretedPoints: 16
-0.806707284111599,0.564862521463623
-1.6134145682232,1.12972504292725
-2.4201218523348,2.82431260731812
-4.84024370466959,3.38917512878174
-4.84024370466959,3.38917512878174
-5.64695098878119,2.82431260731812
-4.84024370466959,1.12972504292725
-4.84024370466959,0
-3.2268291364464,-2.25945008585449
-4.03353642055799,-2.82431260731812
-3.2268291364464,-2.25945008585449
-2.4201218523348,-1.69458756439087
0,0
0,0
-2.4201218523348,-1.69458756439087
0,0

StrokePoints: 17
177.6,130.333333333333
178.406707284112,129.76847081187
180.020121852335,128.638745768942
182.44024370467,125.814433161624
187.280487409339,122.425258032843
192.120731114009,119.036082904061
197.76768210279,116.211770296743
202.60792580746,115.082045253815
207.448169512129,115.082045253815
210.674998648576,117.34149533967
214.708535069134,120.165807946988
217.93536420558,122.425258032843
220.355486057915,124.119845597233
220.355486057915,124.119845597233
220.355486057915,124.119845597233
222.77560791025,125.814433161624
222.77560791025,125.814433161624

Velocities: 16
0,1
0,2
1,4
0,6
0,6
-1,6
-2,4
-3,3
-4,0
-5,0
-4,0
-3,0
0,0
0,0
-3,0
0,0

InverseVelocities: 16
0,0
0,0
0,0
0,0
0,0
0,0
0,0
0,0
0,0
0,0
0,0
0,0
0,0
0,0
0,0
0,0
