GestureName: swipe_up
Duration(ms): 423
Handedness: right

SpeakerAngles: 2
55
-55

InterpretedPoints: 9
6.45365827289279,4.51890017170899
-1.6134145682232,9.03780034341798
0,6.77835025756348
0.806707284111599,5.08376269317261
-0.806707284111599,2.82431260731812
-0.806707284111599,2.82431260731812
-0.806707284111599,0.564862521463623
-0.806707284111599,0.564862521463623
0,0

StrokePoints: 10
177.6,130.333333333333
171.146341727107,125.814433161624
172.75975629533,116.776632818206
172.75975629533,109.998282560643
171.953049011219,104.91451986747
172.75975629533,102.090207260152
173.566463579442,99.265894652834
174.373170863554,98.7010321313704
175.179878147665,98.1361696099068
175.179878147665,98.1361696099068

Velocities: 9
8,0
7,9
6,6
5,4
2,3
2,3
0,1
0,1
0,0

InverseVelocities: 9
0,0
0,0
0,0
0,0
0,0
0,0
0,0
0,0
0,0
