GestureName: swipe_left
Duration(ms): 752
Handedness: right

SpeakerAngles: 2
55
-55

InterpretedPoints: 16
4.84024370466959,3.38917512878174
4.84024370466959,3.38917512878174
6.45365827289279,4.51890017170899
6.45365827289279,4.51890017170899
5.64695098878119,2.82431260731812
3.2268291364464,2.25945008585449
4.84024370466959,-2.25945008585449
4.03353642055799,-2.82431260731812
0,0
4.03353642055799,-2.82431260731812
4.84024370466959,-3.38917512878174
4.03353642055799,-2.82431260731812
3.2268291364464,-2.25945008585449
3.2268291364464,-2.25945008585449
1.6134145682232,-1.12972504292725
0,0

StrokePoints: 17
177.6,130.333333333333
172.75975629533,126.944158204552
167.919512590661,123.55498307577
161.465854317768,119.036082904061
155.012196044875,114.517182732352
149.365245056094,111.692870125034
146.138415919648,109.433420039179
141.298172214978,111.692870125034
137.26463579442,114.517182732352
137.26463579442,114.517182732352
133.231099373862,117.34149533967
128.390855669193,120.730670468452
124.357319248635,123.55498307577
121.130490112188,125.814433161624
117.903660975742,128.073883247479
116.290246407519,129.203608290406
116.290246407519,129.203608290406

Velocities: 16
6,0
6,0
8,0
8,0
6,-1
4,0
1,-5
0,-5
0,0
0,-5
0,-6
0,-5
0,-4
0,-4
0,-2
0,0

InverseVelocities: 16
0,0
0,0
0,0
0,0
-2,0
-2,0
0,0
0,0
0,0
0,0
0,0
0,0
0,0
0,0
0,0
0,0
