GestureName: swipe_right
Duration(ms): 705
Handedness: right

SpeakerAngles: 2
55
-55

InterpretedPoints: 15
-3.2268291364464,2.25945008585449
-3.2268291364464,3.38917512878174
-3.2268291364464,2.25945008585449
-5.64695098878119,3.95403765024536
-5.64695098878119,3.95403765024536
-6.45365827289279,3.38917512878174
-5.64695098878119,1.69458756439087
-5.64695098878119,-1.69458756439087
-4.03353642055799,-2.82431260731812
0,0
-4.03353642055799,-2.82431260731812
-4.84024370466959,-3.38917512878174
0,0
-3.2268291364464,-2.25945008585449
0,0

StrokePoints: 16
177.6,130.333333333333
180.826829136446,128.073883247479
184.053658272893,124.684708118697
187.280487409339,122.425258032843
192.92743839812,118.471220382597
198.574389386902,114.517182732352
205.028047659794,111.12800760357
210.674998648576,109.433420039179
216.321949637357,111.12800760357
220.355486057915,113.952320210888
220.355486057915,113.952320210888
224.389022478473,116.776632818206
229.229266183142,120.165807946988
229.229266183142,120.165807946988
232.456095319589,122.425258032843
232.456095319589,122.425258032843

Velocities: 15
0,4
1,5
0,4
0,7
0,7
-1,7
-2,5
-5,2
-5,0
0,0
-5,0
-6,0
0,0
-4,0
0,0

InverseVelocities: 15
0,0
0,0
0,0
0,0
0,0
0,0
0,0
0,0
0,0
0,0
0,0
0,0
0,0
0,0
0,0
