GestureName: swipe_down
Duration(ms): 611
Handedness: right

SpeakerAngles: 2
55
-55

InterpretedPoints: 13
-0.806707284111599,-0.564862521463623
0,-1.12972504292725
-0.806707284111599,-1.69458756439087
-0.806707284111599,-3.95403765024536
-0.806707284111599,-3.95403765024536
-0.806707284111599,-3.95403765024536
-0.806707284111599,-5.08376269317261
-0.806707284111599,-3.95403765024536
0,0
0,0
-4.03353642055799,-2.82431260731812
-0.806707284111599,-2.82431260731812
0,0

StrokePoints: 14
177.6,130.333333333333
178.406707284112,130.898195854797
178.406707284112,132.027920897724
179.213414568223,133.722508462115
180.020121852335,137.67654611236
180.826829136447,141.630583762606
181.633536420558,145.584621412851
182.44024370467,150.668384106024
183.246950988781,154.622421756269
183.246950988781,154.622421756269
183.246950988781,154.622421756269
187.280487409339,157.446734363587
188.087194693451,160.271046970905
188.087194693451,160.271046970905

Velocities: 13
-1,0
-1,-1
-2,-1
-4,-3
-4,-3
-4,-3
-5,-4
-4,-3
0,0
0,0
-5,0
-3,-2
0,0

InverseVelocities: 13
0,0
0,0
0,0
0,0
0,0
0,0
0,0
0,0
0,0
0,0
0,0
0,0
0,0
