GestureName: swipe_right
Duration(ms): 752
Handedness: right

SpeakerAngles: 2
55
-55

InterpretedPoints: 16
-0.806707284111599,0.564862521463623
-0.806707284111599,0.564862521463623
2.4201218523348,1.69458756439087
-1.6134145682232,3.38917512878174
-3.2268291364464,3.38917512878174
-3.2268291364464,2.25945008585449
-7.26036555700439,3.95403765024536
-8.06707284111599,2.25945008585449
-6.45365827289279,1.12972504292725
-8.87378012522759,-2.82431260731812
-6.45365827289279,-4.51890017170899
0,0
0,0
-3.2268291364464,-2.25945008585449
-3.2268291364464,-2.25945008585449
0,0

StrokePoints: 17
177.6,130.333333333333
178.406707284112,129.76847081187
179.213414568223,129.203608290406
176.793292715888,127.509020726015
178.406707284112,124.119845597233
181.633536420558,120.730670468452
184.860365557004,118.471220382597
192.120731114009,114.517182732352
200.187803955125,112.257732646497
206.641462228018,111.12800760357
215.515242353245,113.952320210888
221.968900626138,118.471220382597
221.968900626138,118.471220382597
221.968900626138,118.471220382597
225.195729762584,120.730670468452
228.422558899031,122.990120554306
228.422558899031,122.990120554306

Velocities: 16
0,1
0,1
3,0
2,4
1,5
0,4
-1,8
-3,7
-3,5
-8,3
-8,0
0,0
0,0
-4,0
-4,0
0,0

InverseVelocities: 16
0,0
0,0
0,0
0,0
0,0
0,0
0,0
0,0
12,0
0,0
0,0
0,0
0,0
0,0
0,0
0,0
