GestureName: swipe_down
Duration(ms): 423
Handedness: right

SpeakerAngles: 2
55
-55

InterpretedPoints: 9
-0.806707284111599,-0.564862521463623
0.806707284111599,-6.21348773609986
-0.806707284111599,-8.47293782195435
0,-13.556700515127
0,0
-8.06707284111599,-6.77835025756348
-8.87378012522759,-6.21348773609986
-1.6134145682232,-1.12972504292725
0,0

StrokePoints: 10
177.6,130.333333333333
178.406707284112,130.898195854797
177.6,137.111683590897
178.406707284112,145.584621412851
178.406707284112,159.141321927978
178.406707284112,159.141321927978
186.473780125228,165.919672185542
195.347560250455,172.133159921642
196.960974818678,173.262884964569
196.960974818678,173.262884964569

Velocities: 9
-1,0
-5,-6
-8,-7
-12,-12
0,0
-11,-1
-11,0
-2,0
0,0

InverseVelocities: 9
0,0
0,0
0,0
0,0
0,0
0,0
0,0
0,0
0,0
