GestureName: tap_up
Duration(ms): 470
Handedness: right

SpeakerAngles: 2
55
-55

InterpretedPoints: 10
6.45365827289279,4.51890017170899
0.806707284111598,12.9918379936633
0.806707284111599,0.564862521463623
-4.03353642055799,-2.82431260731812
-7.26036555700439,-5.08376269317261
-1.6134145682232,-6.77835025756348
0,-4.51890017170899
-0.806707284111599,-2.82431260731812
0.806707284111599,-0.564862521463623
0,0

StrokePoints: 11
177.6,130.333333333333
171.146341727107,125.814433161624
170.339634442996,112.822595167961
169.532927158884,112.257732646497
173.566463579442,115.082045253816
180.826829136446,120.165807946988
182.44024370467,126.944158204552
182.44024370467,131.463058376261
183.246950988781,134.287370983579
182.44024370467,134.852233505042
182.44024370467,134.852233505042

Velocities: 10
8,0
12,11
1,0
-5,0
-9,0
-7,-5
-4,-4
-3,-2
0,-1
0,0

InverseVelocities: 10
0,0
0,0
-1,0
0,0
0,0
0,0
0,0
0,0
0,0
0,0
