GestureName: tap_right
Duration(ms): 611
Handedness: right

SpeakerAngles: 2
55
-55

InterpretedPoints: 13
-4.03353642055799,-2.82431260731812
-11.2939019775624,-1.12972504292725
-1.6134145682232,-1.12972504292725
0,0
0,0
7.26036555700439,0.564862521463624
10.4871946934508,0.564862521463623
11.2939019775624,-5.64862521463624
4.03353642055799,-2.82431260731812
0,0
0.806707284111599,-0.564862521463623
-4.03353642055799,-2.82431260731812
0,0

StrokePoints: 14
177.6,130.333333333333
181.633536420558,133.157645940651
192.92743839812,134.287370983579
194.540852966344,135.417096026506
194.540852966344,135.417096026506
194.540852966344,135.417096026506
187.280487409339,134.852233505042
176.793292715888,134.287370983579
165.499390738326,139.935996198215
161.465854317768,142.760308805533
161.465854317768,142.760308805533
160.659147033656,143.325171326997
164.692683454214,146.149483934315
164.692683454214,146.149483934315

Velocities: 13
-5,0
-8,6
-2,0
0,0
0,0
5,-4
7,-6
2,-12
0,-5
0,0
0,-1
-5,0
0,0

InverseVelocities: 13
0,0
0,0
0,0
0,0
0,0
0,0
-8,0
-6,0
0,0
0,0
0,0
0,0
0,0
