GestureName: tap_up
Duration(ms): 376
Handedness: right

SpeakerAngles: 2
55
-55

InterpretedPoints: 8
2.4201218523348,1.69458756439087
5.64695098878119,9.6026628648816
2.4201218523348,7.34321277902711
-3.22682913644639,-4.51890017170899
-3.2268291364464,-6.77835025756348
0,-4.51890017170899
-4.03353642055799,-3.95403765024537
0,0

StrokePoints: 9
177.6,130.333333333333
175.179878147665,128.638745768942
169.532927158884,119.036082904061
167.112805306549,111.692870125034
170.339634442996,116.211770296743
173.566463579442,122.990120554306
173.566463579442,127.509020726015
177.6,131.463058376261
177.6,131.463058376261

Velocities: 8
3,0
12,5
8,5
-6,-2
-8,-4
-4,-4
-6,-1
0,0

InverseVelocities: 8
0,0
0,0
0,0
0,0
0,0
0,0
0,0
0,0
