GestureName: tap_up
Duration(ms): 564
Handedness: right

SpeakerAngles: 2
55
-55

InterpretedPoints: 12
-0.806707284111599,0.564862521463623
-0.806707284111599,0.564862521463623
-0.806707284111599,2.82431260731812
0.806707284111599,3.95403765024536
1.6134145682232,10.1675253863452
-0.806707284111598,12.9918379936633
0.806707284111599,-5.08376269317261
-4.03353642055799,-9.6026628648816
-1.6134145682232,-10.1675253863452
0,-3.38917512878174
1.6134145682232,-1.12972504292725
0,0

StrokePoints: 13
177.6,130.333333333333
178.406707284112,129.76847081187
179.213414568223,129.203608290406
180.020121852335,126.379295683088
179.213414568223,122.425258032843
177.6,112.257732646497
178.406707284112,99.265894652834
177.6,104.349657346007
181.633536420558,113.952320210888
183.246950988781,124.119845597233
183.246950988781,127.509020726015
181.633536420558,128.638745768942
181.633536420558,128.638745768942

Velocities: 12
0,1
0,1
2,3
4,3
10,8
11,12
-4,-5
-11,-6
-10,-8
-3,-3
0,-2
0,0

InverseVelocities: 12
0,0
0,0
0,0
0,0
0,0
0,0
0,0
0,0
0,0
0,0
0,0
0,0
