GestureName: tap_left
Duration(ms): 705
Handedness: right

SpeakerAngles: 2
55
-55

InterpretedPoints: 15
0.806707284111599,-0.564862521463623
9.68048740933919,5.64862521463624
5.64695098878119,3.95403765024536
0,0
0,0
0,0
-3.2268291364464,2.25945008585449
0,0
-7.26036555700439,3.95403765024536
-5.64695098878119,1.69458756439087
-5.64695098878119,1.69458756439087
-3.2268291364464,1.12972504292725
-0.806707284111599,-0.564862521463623
-1.6134145682232,-1.12972504292725
0,0

StrokePoints: 16
177.6,130.333333333333
176.793292715888,130.898195854797
167.112805306549,125.249570640161
161.465854317768,121.295532989915
161.465854317768,121.295532989915
161.465854317768,121.295532989915
161.465854317768,121.295532989915
164.692683454214,119.036082904061
164.692683454214,119.036082904061
171.953049011219,115.082045253815
177.6,113.387457689425
183.246950988781,111.692870125034
186.473780125228,110.563145082107
187.280487409339,111.12800760357
188.893901977562,112.257732646497
188.893901977562,112.257732646497

Velocities: 15
0,-1
11,-1
7,0
0,0
0,0
0,0
0,4
0,0
-1,8
-2,5
-2,5
-1,3
-1,0
-2,0
0,0

InverseVelocities: 15
0,0
0,0
0,0
0,0
0,0
0,0
0,0
0,0
0,0
0,0
0,0
0,0
0,0
0,0
0,0
