GestureName: tap_down
Duration(ms): 611
Handedness: right

SpeakerAngles: 2
55
-55

InterpretedPoints: 13
-0.806707284111599,-3.95403765024536
-2.4201218523348,-11.8621129507361
-3.22682913644639,-11.2972504292725
0,-7.90807530049073
-0.806707284111599,-3.95403765024536
-0.806707284111599,-0.564862521463623
4.03353642055799,2.82431260731812
0,10.1675253863452
0,10.1675253863452
-0.806707284111599,5.08376269317261
-1.6134145682232,3.38917512878174
-0.806707284111599,0.564862521463623
0,0

StrokePoints: 14
177.6,130.333333333333
178.406707284112,134.287370983579
180.826829136446,146.149483934315
184.053658272893,157.446734363587
184.053658272893,165.354809664078
184.860365557004,169.308847314323
185.667072841116,169.873709835787
181.633536420558,167.049397228469
181.633536420558,156.881871842124
181.633536420558,146.714346455778
182.44024370467,141.630583762606
184.053658272893,138.241408633824
184.860365557005,137.67654611236
184.860365557005,137.67654611236

Velocities: 13
-4,-3
-12,-9
-12,-8
-7,-7
-4,-3
-1,0
5,0
9,9
9,9
4,5
2,4
0,1
0,0

InverseVelocities: 13
0,0
0,0
0,0
0,0
0,0
1,0
0,0
0,0
0,0
0,0
0,0
0,0
0,0
