GestureName: tap_right
Duration(ms): 799
Handedness: right

SpeakerAngles: 2
55
-55

InterpretedPoints: 17
-0.806707284111599,0.564862521463623
-0.806707284111599,0.564862521463623
-2.4201218523348,3.95403765024536
0.806707284111599,0.564862521463623
-7.26036555700439,3.95403765024536
-9.68048740933918,0
-4.03353642055799,2.82431260731812
0,0
0,0
4.03353642055799,2.82431260731812
13.7140238298972,3.95403765024537
10.4871946934508,1.69458756439087
0.806707284111599,0.564862521463623
0,0
1.6134145682232,-1.12972504292725
0.806707284111599,-0.564862521463623
0,0

StrokePoints: 18
177.6,130.333333333333
178.406707284112,129.76847081187
179.213414568223,129.203608290406
181.633536420558,125.249570640161
180.826829136446,124.684708118697
188.087194693451,120.730670468452
197.76768210279,120.730670468452
201.801218523348,117.906357861134
201.801218523348,117.906357861134
201.801218523348,117.906357861134
197.76768210279,115.082045253815
184.053658272893,111.12800760357
173.566463579442,109.433420039179
172.75975629533,108.868557517716
172.75975629533,108.868557517716
171.146341727107,109.998282560643
170.339634442996,110.563145082107
170.339634442996,110.563145082107

Velocities: 17
0,1
0,1
2,5
1,0
-1,8
-6,6
0,5
0,0
0,0
5,0
12,-5
8,-5
1,0
0,0
0,-2
0,-1
0,0

InverseVelocities: 17
0,0
0,0
0,0
0,0
0,0
0,0
0,0
0,0
0,0
0,0
0,0
0,0
0,0
0,0
0,0
0,0
0,0
