GestureName: tap_left
Duration(ms): 752
Handedness: right

SpeakerAngles: 2
55
-55

InterpretedPoints: 16
4.03353642055799,5.08376269317261
9.68048740933918,6.77835025756348
12.100609261674,5.08376269317261
6.45365827289279,4.51890017170899
-2.4201218523348,-1.69458756439087
0,0
0,0
-2.4201218523348,1.69458756439087
-6.45365827289279,3.38917512878174
-7.26036555700439,2.82431260731812
-6.45365827289279,1.12972504292725
-4.84024370466959,0
-1.6134145682232,-1.12972504292725
-1.6134145682232,-1.12972504292725
-0.806707284111599,-0.564862521463623
0,0

StrokePoints: 17
177.6,130.333333333333
173.566463579442,125.249570640161
163.885976170103,118.471220382597
151.785366908429,113.387457689425
145.331708635536,108.868557517716
147.751830487871,110.563145082107
147.751830487871,110.563145082107
147.751830487871,110.563145082107
150.171952340206,108.868557517716
156.625610613099,105.479382388934
163.885976170103,102.655069781616
170.339634442996,101.525344738689
175.179878147665,101.525344738689
176.793292715888,102.655069781616
178.406707284112,103.784794824543
179.213414568223,104.349657346007
179.213414568223,104.349657346007

Velocities: 16
7,2
12,0
12,-3
8,0
-3,0
0,0
0,0
0,3
-1,7
-2,7
-3,5
-3,3
-2,0
-2,0
-1,0
0,0

InverseVelocities: 16
0,0
0,0
0,0
0,0
0,0
0,0
0,0
0,0
0,0
0,0
0,0
0,0
0,0
0,0
0,0
0,0
