GestureName: tap_left
Duration(ms): 658
Handedness: right

SpeakerAngles: 2
55
-55

InterpretedPoints: 14
1.6134145682232,1.12972504292725
6.45365827289279,4.51890017170899
6.45365827289279,4.51890017170899
0.806707284111599,0.564862521463623
-3.2268291364464,-2.25945008585449
-0.806707284111599,-0.564862521463623
0,0
0.806707284111599,0.564862521463623
-8.06707284111599,5.64862521463624
-8.06707284111599,3.38917512878174
-7.26036555700439,1.69458756439087
-5.64695098878119,-0.564862521463623
-3.2268291364464,-1.12972504292725
0,0

StrokePoints: 15
177.6,130.333333333333
175.986585431777,129.203608290406
169.532927158884,124.684708118697
163.079268885991,120.165807946988
162.27256160188,119.600945425524
165.499390738326,121.860395511379
166.306098022438,122.425258032843
166.306098022438,122.425258032843
165.499390738326,121.860395511379
173.566463579442,116.211770296743
181.633536420558,112.822595167961
188.893901977562,111.12800760357
194.540852966344,111.692870125034
197.76768210279,112.822595167961
197.76768210279,112.822595167961

Velocities: 14
2,0
8,0
8,0
1,0
-4,0
-1,0
0,0
1,0
0,10
-2,8
-3,6
-4,3
-3,1
0,0

InverseVelocities: 14
0,0
0,0
0,0
0,0
0,0
0,0
0,0
0,0
0,0
0,0
3,0
1,0
0,0
0,0
