GestureName: tap_down
Duration(ms): 611
Handedness: right

SpeakerAngles: 2
55
-55

InterpretedPoints: 13
-8.87378012522759,-6.21348773609986
0,0
1.6134145682232,-1.12972504292725
-2.4201218523348,-1.69458756439087
-0.806707284111599,-0.564862521463623
0,0
0,0
0.806707284111599,0.564862521463623
2.4201218523348,1.69458756439087
0,0
-0.806707284111599,3.95403765024536
0.806707284111599,0.564862521463623
0,0

StrokePoints: 14
177.6,130.333333333333
186.473780125228,136.546821069433
186.473780125228,136.546821069433
184.860365557004,137.67654611236
187.280487409339,139.371133676751
188.087194693451,139.935996198215
188.087194693451,139.935996198215
188.087194693451,139.935996198215
187.280487409339,139.371133676751
184.860365557004,137.67654611236
184.860365557004,137.67654611236
185.667072841116,133.722508462115
184.860365557004,133.157645940651
184.860365557004,133.157645940651

Velocities: 13
-11,0
0,0
0,-2
-3,0
-1,0
0,0
0,0
1,0
3,0
0,0
3,4
1,0
0,0

InverseVelocities: 13
0,0
0,0
0,0
0,0
0,0
0,0
0,0
0,0
0,0
0,0
0,0
0,0
0,0
