GestureName: tap_up
Duration(ms): 564
Handedness: right

SpeakerAngles: 2
55
-55

InterpretedPoints: 12
-0.806707284111599,0.564862521463623
-1.6134145682232,1.12972504292725
2.4201218523348,1.69458756439087
1.6134145682232,1.12972504292725
6.45365827289279,7.90807530049073
4.84024370466959,-2.25945008585449
-0.806707284111599,-6.21348773609986
-3.2268291364464,-7.90807530049073
-2.4201218523348,-5.08376269317261
-1.6134145682232,-1.12972504292725
-0.806707284111599,-0.564862521463623
0,0

StrokePoints: 13
177.6,130.333333333333
178.406707284112,129.76847081187
180.020121852335,128.638745768942
177.6,126.944158204552
175.986585431777,125.814433161624
169.532927158884,117.906357861134
164.692683454214,120.165807946988
165.499390738326,126.379295683088
168.726219874772,134.287370983579
171.146341727107,139.371133676751
172.75975629533,140.500858719679
173.566463579442,141.065721241142
173.566463579442,141.065721241142

Velocities: 12
0,1
0,2
3,0
2,0
11,3
1,-5
-6,-5
-9,-5
-6,-3
-2,0
-1,0
0,0

InverseVelocities: 12
0,0
0,0
0,0
0,0
0,0
-7,0
0,0
0,0
0,0
0,0
0,0
0,0
