GestureName: tap_down
Duration(ms): 564
Handedness: right

SpeakerAngles: 2
55
-55

InterpretedPoints: 12
-6.45365827289279,-5.64862521463624
-0.806707284111598,-12.9918379936633
-1.6134145682232,-12.4269754721997
-2.4201218523348,-8.47293782195435
-0.806707284111599,-5.08376269317261
0,0
3.22682913644639,4.51890017170899
0.806707284111599,11.8621129507361
0.806707284111598,12.9918379936633
0,10.1675253863452
-0.806707284111599,1.69458756439087
0,0

StrokePoints: 13
177.6,130.333333333333
184.053658272893,135.98195854797
184.860365557004,148.973796541633
186.473780125228,161.400772013833
188.893901977562,169.873709835787
189.700609261674,174.95747252896
189.700609261674,174.95747252896
186.473780125228,170.438572357251
185.667072841116,158.576459406515
184.860365557004,145.584621412851
184.860365557004,135.417096026506
185.667072841116,133.722508462115
185.667072841116,133.722508462115

Velocities: 12
-9,-1
-12,-11
-12,-10
-9,-6
-5,-4
0,0
6,2
11,10
12,11
9,9
1,2
0,0

InverseVelocities: 12
0,0
0,0
0,0
0,0
0,0
0,0
0,0
0,0
0,0
0,0
0,0
0,0
