GestureName: tap_left
Duration(ms): 1551
Handedness: right

SpeakerAngles: 2
55
-55

InterpretedPoints: 33
0.806707284111599,0.564862521463623
0,0
0,0
0,0
2.4201218523348,1.69458756439087
3.2268291364464,2.25945008585449
4.84024370466959,3.38917512878174
2.4201218523348,1.69458756439087
5.64695098878119,-3.95403765024536
0,0
-0.806707284111599,0.564862521463623
-0.806707284111599,0.564862521463623
0,0
0.806707284111599,0.564862521463623
-2.4201218523348,2.82431260731812
-2.4201218523348,3.95403765024536
-11.2939019775624,2.25945008585449
-9.68048740933918,-1.12972504292725
-6.45365827289279,-3.38917512878174
-4.03353642055799,-1.69458756439087
0,0
0,0
-0.806707284111599,-0.564862521463623
-1.6134145682232,-1.12972504292725
-0.806707284111599,-1.69458756439087
-0.806707284111599,-1.69458756439087
-0.806707284111599,-0.564862521463623
-0.806707284111599,-0.564862521463623
-0.806707284111599,-0.564862521463623
0,0
0,0
-0.806707284111599,-0.564862521463623
0,0

StrokePoints: 34
177.6,130.333333333333
176.793292715888,129.76847081187
176.793292715888,129.76847081187
176.793292715888,129.76847081187
176.793292715888,129.76847081187
174.373170863554,128.073883247479
171.146341727107,125.814433161624
166.306098022438,122.425258032843
163.885976170103,120.730670468452
158.239025181322,124.684708118697
158.239025181322,124.684708118697
159.045732465433,124.119845597233
159.852439749545,123.55498307577
159.852439749545,123.55498307577
159.045732465433,122.990120554306
161.465854317768,120.165807946988
163.885976170103,116.211770296743
175.179878147665,113.952320210888
184.860365557004,115.082045253815
191.314023829897,118.471220382597
195.347560250455,120.165807946988
195.347560250455,120.165807946988
195.347560250455,120.165807946988
196.154267534567,120.730670468452
197.76768210279,121.860395511379
198.574389386902,123.55498307577
199.381096671013,125.249570640161
200.187803955125,125.814433161624
200.994511239236,126.379295683088
201.801218523348,126.944158204552
201.801218523348,126.944158204552
201.801218523348,126.944158204552
202.60792580746,127.509020726015
202.60792580746,127.509020726015

Velocities: 33
1,0
0,0
0,0
0,0
3,0
4,0
6,0
3,0
0,-7
0,0
0,1
0,1
0,0
1,0
1,4
2,5
-5,9
-7,5
-7,1
-4,1
0,0
0,0
-1,0
-2,0
-2,-1
-2,-1
-1,0
-1,0
-1,0
0,0
0,0
-1,0
0,0

InverseVelocities: 33
0,0
0,0
0,0
0,0
0,0
0,0
0,0
0,0
0,1
0,0
0,0
0,0
0,0
0,0
0,0
0,0
0,0
0,0
0,0
0,0
0,0
0,0
0,0
0,0
0,0
0,0
0,0
0,0
0,0
0,0
0,0
0,0
0,0
