GestureName: tap_right
Duration(ms): 564
Handedness: right

SpeakerAngles: 2
55
-55

InterpretedPoints: 12
-0.806707284111599,0.564862521463623
0.806707284111599,0.564862521463623
0.806707284111599,0.564862521463623
-9.68048740933919,2.25945008585449
-8.87378012522759,0.564862521463624
-5.64695098878119,-0.564862521463623
0,0
0,0
0,0
13.7140238298972,2.82431260731812
2.4201218523348,1.69458756439087
0,0

StrokePoints: 13
177.6,130.333333333333
178.406707284112,129.76847081187
177.6,129.203608290406
176.793292715888,128.638745768942
186.473780125228,126.379295683088
195.347560250455,125.814433161624
200.994511239236,126.379295683088
200.994511239236,126.379295683088
200.994511239236,126.379295683088
200.994511239236,126.379295683088
187.280487409339,123.55498307577
184.860365557004,121.860395511379
184.860365557004,121.860395511379

Velocities: 12
0,1
1,0
1,0
-4,8
-5,6
-4,3
0,0
0,0
0,0
11,-6
3,0
0,0

InverseVelocities: 12
0,0
0,0
0,0
0,0
0,0
0,0
0,0
0,0
0,0
0,0
0,0
0,0
