GestureName: tap_down
Duration(ms): 611
Handedness: right

SpeakerAngles: 2
55
-55

InterpretedPoints: 13
-0.806707284111599,-0.564862521463623
-2.4201218523348,-10.7323879078088
-1.6134145682232,-12.4269754721997
-1.6134145682232,-10.1675253863452
-4.84024370466959,-3.38917512878174
0,0
0,0
4.03353642055799,6.21348773609986
0,10.1675253863452
-2.4201218523348,8.47293782195435
-1.6134145682232,6.77835025756348
0.806707284111599,1.69458756439087
0,0

StrokePoints: 14
177.6,130.333333333333
178.406707284112,130.898195854797
180.826829136446,141.630583762606
182.44024370467,154.057559234806
184.053658272893,164.225084621151
188.893901977562,167.614259749933
188.893901977562,167.614259749933
188.893901977562,167.614259749933
184.860365557004,161.400772013833
184.860365557004,151.233246627487
187.280487409339,142.760308805533
188.893901977562,135.98195854797
188.087194693451,134.287370983579
188.087194693451,134.287370983579

Velocities: 13
-1,0
-11,-8
-12,-10
-10,-8
-6,0
0,0
0,0
8,3
9,9
6,9
5,7
2,1
0,0

InverseVelocities: 13
0,0
0,0
0,0
0,0
0,0
0,0
0,0
0,0
0,0
0,0
0,0
0,0
0,0
