GestureName: tap_left
Duration(ms): 846
Handedness: right

SpeakerAngles: 2
55
-55

InterpretedPoints: 18
-0.806707284111599,-0.564862521463623
0,0
1.6134145682232,1.12972504292725
6.45365827289279,3.38917512878174
6.45365827289279,4.51890017170899
0,0
-0.806707284111599,-0.564862521463623
0,0
0,0
0,0
-8.06707284111599,0
-4.84024370466959,3.38917512878174
-4.84024370466959,3.38917512878174
-3.22682913644639,5.64862521463624
-4.03353642055799,2.82431260731812
-2.4201218523348,1.69458756439087
-1.6134145682232,1.12972504292725
0,0

StrokePoints: 19
177.6,130.333333333333
178.406707284112,130.898195854797
178.406707284112,130.898195854797
176.793292715888,129.76847081187
170.339634442996,126.379295683088
163.885976170103,121.860395511379
163.885976170103,121.860395511379
164.692683454215,122.425258032843
164.692683454215,122.425258032843
164.692683454215,122.425258032843
164.692683454215,122.425258032843
172.759756295331,122.425258032843
177.6,119.036082904061
182.44024370467,115.646907775279
185.667072841116,109.998282560643
189.700609261674,107.173969953325
192.120731114009,105.479382388934
193.734145682232,104.349657346007
193.734145682232,104.349657346007

Velocities: 18
-1,0
0,0
2,0
7,-1
8,0
0,0
-1,0
0,0
0,0
0,0
-5,5
0,6
0,6
3,7
0,5
0,3
0,2
0,0

InverseVelocities: 18
0,0
0,0
0,0
0,0
0,0
0,0
0,0
0,0
0,0
0,0
0,0
0,0
0,0
0,0
0,0
0,0
0,0
0,0
