GestureName: tap_right
Duration(ms): 705
Handedness: right

SpeakerAngles: 2
55
-55

InterpretedPoints: 15
-0.806707284111599,0.564862521463623
0,0
0,0
0,0
-10.4871946934508,1.69458756439087
-4.03353642055799,-2.82431260731812
-1.6134145682232,-1.12972504292725
0,0
1.6134145682232,1.12972504292725
1.6134145682232,1.12972504292725
8.06707284111599,0
8.87378012522759,-0.564862521463624
6.45365827289279,-4.51890017170899
4.84024370466959,-3.38917512878174
0,0

StrokePoints: 16
177.6,130.333333333333
178.406707284112,129.76847081187
178.406707284112,129.76847081187
178.406707284112,129.76847081187
178.406707284112,129.76847081187
188.893901977562,128.073883247479
192.92743839812,130.898195854797
194.540852966344,132.027920897724
194.540852966344,132.027920897724
192.92743839812,130.898195854797
191.314023829897,129.76847081187
183.246950988781,129.76847081187
174.373170863554,130.333333333333
167.919512590661,134.852233505042
163.079268885991,138.241408633824
163.079268885991,138.241408633824

Velocities: 15
0,1
0,0
0,0
0,0
-5,8
-5,0
-2,0
0,0
2,0
2,0
5,-5
5,-6
0,-8
0,-6
0,0

InverseVelocities: 15
0,0
0,0
0,0
0,0
0,0
0,0
0,0
0,0
0,0
0,0
0,0
0,0
0,0
0,0
0,0
