GestureName: tap_down
Duration(ms): 658
Handedness: right

SpeakerAngles: 2
55
-55

InterpretedPoints: 14
0.806707284111599,-0.564862521463623
-0.806707284111599,-11.8621129507361
0,-12.4269754721997
-2.4201218523348,-1.69458756439087
-0.806707284111599,-2.82431260731812
-0.806707284111599,-1.69458756439087
1.6134145682232,1.12972504292725
3.2268291364464,2.25945008585449
4.84024370466959,4.51890017170899
-2.4201218523348,9.6026628648816
1.6134145682232,3.38917512878174
0.806707284111599,2.82431260731812
0.806707284111599,1.69458756439087
0,0

StrokePoints: 15
177.6,130.333333333333
176.793292715888,130.898195854797
177.6,142.760308805533
177.6,155.187284277733
180.020121852335,156.881871842124
180.826829136446,159.706184449442
181.633536420558,161.400772013833
180.020121852335,160.271046970905
176.793292715889,158.011596885051
171.953049011219,153.492696713342
174.373170863554,143.89003384846
172.759756295331,140.500858719679
171.953049011219,137.67654611236
171.146341727107,135.98195854797
171.146341727107,135.98195854797

Velocities: 14
0,-1
-11,-10
-11,-11
-3,0
-3,-2
-2,-1
2,0
4,0
7,1
7,10
4,2
3,2
2,1
0,0

InverseVelocities: 14
0,0
0,0
0,0
0,0
0,0
0,0
0,0
0,0
0,0
0,0
0,0
0,0
0,0
0,0
