GestureName: swipe_back
Duration(ms): 470
Handedness: right

SpeakerAngles: 6
55
-55
0
0
110
-110

SpeakerElevations: 6
-10
-10
-10
0
30
30

InterpretedPoints: 10
0,-1.98480775301221,0.17364817766693
-0.813797681349374,-4.80314241622564,0.194592710667721
-0.820888078587149,-8.1863396009027,0.389185421335443
2.43430264681035,-9.57875108846285,-0.437166400997627
0.813797681349374,-9.7923479892236,-2.41622186799684
0,-16.4277466897822,2.43107448733702
0.00709039723777527,-18.681218831532,2.27837084267089
2.44139304404812,-4.76003081645816,0.236481776669303
4.84733410190737,-13.2521684617612,-0.589870045663766
0,0,0

StrokePoints: 11
0,0,0
0,-1.98480775301221,0.17364817766693
-0.813797681349374,-6.78795016923785,0.368240888334652
-1.63468575993652,-14.9742897701405,0.757426309670095
0.799616886873823,-24.5530408586034,0.320259908672468
1.6134145682232,-34.345388847827,-2.09596195932437
1.6134145682232,-50.7731355376092,0.335112528012657
1.62050496546097,-69.4543543691413,2.61348337068354
4.06189800950909,-74.2143851855995,2.84996514735285
8.90923211141646,-87.4665536473607,2.26009510168908
8.90923211141646,-87.4665536473607,2.26009510168908

Velocities: 10
0,0,-1
-1,-1,-2
-2,-3,-3
-2,-3,-4
-4,-4,-4
-4,-4,-6
-5,-4,-7
-5,-5,0
0,-5,-6
0,0,0

InverseVelocities: 10
0,0,0
0,0,0
0,0,0
0,0,0
0,0,0
0,0,0
0,0,0
0,0,0
0,0,0
0,0,0
