GestureName: swipe_right
Duration(ms): 987
Handedness: right

SpeakerAngles: 6
55
-55
0
0
110
-110

SpeakerElevations: 6
-10
-10
-10
0
30
30

InterpretedPoints: 21
-3.24100993092194,4.50694428349961,0.305407289332279
-4.85442449914514,1.66705382040245,0.305407289332279
-6.47492946460611,9.87494922118888,-0.0628335990023732
-7.28872714595549,9.57875108846285,0.437166400997627
-8.09543443006709,6.17399810390206,0.610814578664557
-8.90923211141646,1.90818446515162,1.45811093399842
-7.29581754319326,0.833526910201223,0.152703644666139
-7.30290794043104,1.15725878691567,-1.17364817766693
-6.49620065631944,-0.537328777475199,-0.652703644666139
-3.2551907253975,0.592396265452048,-1
-2.44139304404812,0.888594398178072,-1.5
-3.2551907253975,-0.800015222108113,-1.82635182233307
-3.2551907253975,1.1847925309041,-2
-3.24100993092194,0.647463753428896,-2.65270364466614
-4.86860529362069,0.0550674879768485,-1.65270364466614
-4.86151489638292,-0.805993166212799,-0.979055466999209
-4.86151489638292,-0.805993166212799,-0.979055466999209
-1.62759536269875,0.592396265452048,-1
0,0,0
-9.72302979276584,1.6119863324256,1.95811093399842
0,0,0

StrokePoints: 22
0,0,0
-3.24100993092194,4.50694428349961,0.305407289332279
-8.09543443006709,6.17399810390206,0.610814578664557
-14.5703638946732,16.0489473250909,0.547980979662184
-21.8590910406287,25.6276984135538,0.985147380659811
-29.9545254706958,31.8016965174559,1.59596195932437
-38.8637575821122,33.7098809826075,3.05407289332279
-46.1595751253055,34.5434078928087,3.20677653798892
-53.4624830657365,35.7006666797244,2.03312836032199
-59.958683722056,35.1633379022492,1.38042471565585
-63.2138744474535,35.7557341677012,0.380424715655855
-65.6552674915016,36.6443285658793,-1.11957528434414
-68.9104582168991,35.8443133437712,-2.94592710667721
-72.1656489422966,37.0291058746753,-4.94592710667721
-75.4066588732185,37.6765696281042,-7.59863075134335
-80.2752641668392,37.731637116081,-9.25133439600949
-85.1367790632222,36.9256439498682,-10.2303898630087
-89.9982939596051,36.1196507836554,-11.2094453300079
-91.6258893223038,36.7120470491075,-12.2094453300079
-91.6258893223038,36.7120470491075,-12.2094453300079
-101.34891911507,38.3240333815331,-10.2513343960095
-101.34891911507,38.3240333815331,-10.2513343960095

Velocities: 21
0,2,2
0,4,0
0,5,4
0,5,4
0,6,2
0,6,0
-1,3,0
-1,2,0
-2,0,0
0,0,0
0,0,0
0,0,-1
0,0,0
-2,0,0
-2,0,0
-3,0,0
-3,0,0
0,0,0
0,0,0
0,6,0
0,0,0

InverseVelocities: 21
0,0,0
0,0,0
0,0,0
0,0,0
0,0,0
0,0,0
0,0,0
0,0,0
0,0,0
0,0,0
0,0,0
0,0,0
0,0,0
0,0,0
0,0,0
0,0,0
0,0,0
0,0,0
0,0,0
0,-5,0
0,0,0
