GestureName: swipe_right
Duration(ms): 1128
Handedness: right

SpeakerAngles: 6
55
-55
0
0
110
-110

SpeakerElevations: 6
-10
-10
-10
0
30
30

InterpretedPoints: 24
-0.813797681349374,-0.296198132726024,0.5
-3.24100993092194,2.52213653048741,0.479055466999209
-4.04771721503354,3.08699905195103,0.305407289332279
-4.86151489638292,4.77560867223722,0.631759111665348
-4.04771721503354,7.05661455797545,-0.0418890660015822
-5.66822218049452,5.34047119370084,0.458110933998418
-5.66822218049452,3.35566344068863,0.631759111665348
-6.48201986184389,5.04427306097481,0.958110933998418
-6.48911025908166,0.805993166212799,0.979055466999209
-3.24810032815972,0.2686643887376,0.32635182233307
-4.04771721503354,-1.15725878691567,1.17364817766693
-4.06189800950909,-0.564862521463623,0.17364817766693
-4.06898840674687,0.296198132726024,-0.5
0,0,0
-3.2551907253975,1.1847925309041,-2
-4.06898840674687,1.48099066363012,-2.5
-6.51038145079499,0,0
-2.44139304404812,1.48099066363012,-2.5
-1.62759536269875,0.592396265452048,-1
-5.67531257773229,-0.509795033486775,-1.47905546699921
-1.62759536269875,-4.50694428349961,-0.305407289332279
-1.62050496546097,-0.2686643887376,-0.32635182233307
-0.813797681349374,0.296198132726024,-0.5
0,0,0

StrokePoints: 25
0,0,0
-0.813797681349374,-0.296198132726024,0.5
-4.05480761227132,2.22593839776138,0.979055466999209
-8.10252482730486,5.31293744971241,1.28446275633149
-12.9640397236878,10.0885461219496,1.91622186799684
-17.0117569387213,17.1451606799251,1.87433280199525
-22.6799791192158,22.4856318736259,2.33244373599367
-28.3482012997104,25.8412953143145,2.96420284765902
-34.8302211615542,30.8855683752894,3.92231378165744
-41.3193314206359,31.6915615415022,4.90136924865665
-44.5674317487956,31.9602259302398,5.22772107098972
-48.6151489638292,30.8029671433241,6.40136924865665
-52.6770469733383,30.2381046218605,6.57501742632358
-56.7460353800851,30.5343027545865,6.07501742632358
-56.7460353800851,30.5343027545865,6.07501742632358
-60.0012261054826,31.7190952854906,4.07501742632358
-64.0702145122295,33.2000859491207,1.57501742632358
-70.5805959630245,33.2000859491207,1.57501742632358
-73.0219890070726,34.6810766127508,-0.924982573676423
-74.6495843697714,35.2734728782029,-1.92498257367642
-80.3248969475037,34.7636778447161,-3.40403804067563
-81.9524923102024,30.2567335612165,-3.70944533000791
-83.5729972756634,29.9880691724789,-4.03579715234098
-84.3867949570127,30.2842673052049,-4.53579715234098
-84.3867949570127,30.2842673052049,-4.53579715234098

Velocities: 24
0,0,0
0,2,1
0,3,1
0,3,2
0,3,3
0,4,2
0,4,1
0,4,2
0,3,0
0,1,0
-2,1,0
-1,0,0
0,0,0
0,0,0
0,0,0
0,0,0
0,0,0
0,0,0
0,0,0
-3,0,0
-1,-1,-2
-1,0,0
0,0,0
0,0,0

InverseVelocities: 24
0,0,0
0,0,0
0,0,0
0,0,0
0,0,0
0,0,0
0,0,0
0,0,0
0,0,0
0,0,0
0,0,0
0,0,0
0,0,0
0,0,0
0,0,0
0,0,0
0,0,0
0,0,0
0,0,0
0,0,0
0,0,0
0,0,0
0,0,0
0,0,0
