GestureName: swipe_right
Duration(ms): 893
Handedness: right

SpeakerAngles: 6
55
-55
0
0
110
-110

SpeakerElevations: 6
-10
-10
-10
0
30
30

InterpretedPoints: 19
-3.24100993092194,0.537328777475199,0.652703644666139
-3.24810032815972,3.64588362930997,0.979055466999209
-3.24100993092194,7.62147707943907,-0.215537243668512
-6.47492946460611,7.89014146817667,0.110814578664557
-9.71593939552806,12.3970857516763,0.416221867996835
-8.90214171417869,12.6932838844023,-0.0837781320031643
-8.90214171417869,2.76924511934127,0.784462756331487
-9.72302979276584,2.79677886332969,-0.041889066001582
-6.49620065631944,1.12972504292725,-0.347296355333861
-2.44139304404812,-0.888594398178072,1.5
-5.69658376944562,1.48099066363012,-2.5
-7.31708873490659,1.15725878691567,-1.17364817766693
-7.28872714595549,1.63952007641402,1.13175911166535
-4.88278608809624,2.36958506180819,-4
-4.06898840674687,1.48099066363012,-2.5
-7.29581754319326,-0.778459422224375,-1.80540728933228
-3.24810032815972,0.323731876714448,-1.32635182233307
-0.813797681349374,-0.833526910201223,-0.152703644666139
0,0,0

StrokePoints: 20
0,0,0
-3.24100993092194,0.537328777475199,0.652703644666139
-6.48911025908166,4.18321240678517,1.63175911166535
-9.73012019000361,11.8046894862242,1.41622186799684
-16.2050496546097,19.6948309544009,1.52703644666139
-25.9209890501378,32.0919167060772,1.94325831465823
-34.8231307643165,44.7852005904795,1.85948018265506
-43.7252724784952,47.5544457098208,2.64394293898655
-53.448302271261,50.3512245731505,2.60205387298497
-59.9445029275804,51.4809496160777,2.25475751765111
-62.3858959716286,50.5923552178996,3.75475751765111
-68.0824797410742,52.0733458815298,1.25475751765111
-75.3995684759808,53.2306046684454,0.0811093399841785
-82.6882956219362,54.8701247448595,1.21286845164953
-87.5710817100325,57.2397098066676,-2.78713154835047
-91.6400701167794,58.7207004702978,-5.28713154835047
-98.9358876599726,57.9422410480734,-7.09253883768275
-102.183987988132,58.2659729247878,-8.41889066001582
-102.997785669482,57.4324460145866,-8.57159430468196
-102.997785669482,57.4324460145866,-8.57159430468196

Velocities: 19
0,2,0
0,1,2
1,3,3
0,5,3
0,7,5
0,7,5
0,7,0
0,6,0
0,2,0
0,0,0
0,0,0
0,1,0
0,5,0
0,0,0
0,0,0
-4,0,0
-1,0,0
-1,-1,0
0,0,0

InverseVelocities: 19
0,0,0
0,0,0
0,0,0
0,0,0
0,0,0
0,0,0
0,0,0
0,0,0
0,0,0
0,0,0
0,0,0
0,-1,0
0,-5,0
0,0,0
0,0,0
0,0,0
0,0,0
0,0,0
0,0,0
