GestureName: swipe_back
Duration(ms): 141
Handedness: right

SpeakerAngles: 6
55
-55
0
0
110
-110

SpeakerElevations: 6
-10
-10
-10
0
30
30

InterpretedPoints: 3
-4.04771721503354,-0.882616454073385,0.652703644666139
-6.47492946460611,-4.01870504989658,1.15270364466614
0,0,0

StrokePoints: 4
0,0,0
-4.04771721503354,-0.882616454073385,0.652703644666139
-10.5226466796397,-4.90132150396996,1.80540728933228
-10.5226466796397,-4.90132150396996,1.80540728933228

Velocities: 3
0,3,-1
0,5,-3
0,0,0

InverseVelocities: 3
0,0,0
0,-1,0
0,0,0
