GestureName: swipe_right
Duration(ms): 940
Handedness: right

SpeakerAngles: 6
55
-55
0
0
110
-110

SpeakerElevations: 6
-10
-10
-10
0
30
30

InterpretedPoints: 20
-1.62050496546097,2.25347214174981,0.152703644666139
-2.4201218523348,7.05661455797545,-0.0418890660015821
-7.28163674871771,9.84741547720045,0.763518223330696
-9.71593939552806,15.7743049922487,1.06892551266297
-13.7636566105616,17.4688925566395,0.547980979662184
-12.9640397236878,2.74171137535284,1.61081457866456
-17.846825811784,0.537328777475199,0.652703644666139
-12.164422836814,-1.37085568767642,-0.805407289332279
-7.32417913214436,1.48099066363012,-2.5
-13.7778374050372,-11.1847594767838,-3.2425736903299
-11.3506251554646,-3.27904015282804,-2.2635182233307
-8.10252482730486,-0.695858190259103,-4.28446275633149
-4.86860529362069,-1.01959006697355,-2.95811093399842
0,-5.89935577105978,-1.13175911166535
0,0,0
0,0,0
0,0,0
-5.66822218049452,1.37085568767642,0.805407289332278
-5.66113178325674,2.23191634186607,0.131759111665348
0,0,0

StrokePoints: 21
0,0,0
-1.62050496546097,2.25347214174981,0.152703644666139
-4.04062681779577,9.31008669972526,0.110814578664557
-11.3222635665135,19.1575021769257,0.874332801995253
-21.0382029620415,34.9318071691744,1.94325831465823
-34.8018595726031,52.4006997258139,2.49123929432041
-47.7658992962909,55.1424111011667,4.10205387298497
-65.612725108075,55.6797398786419,4.75475751765111
-77.7771479448889,54.3088841909655,3.94935022831883
-85.1013270770333,55.7898748545956,1.44935022831883
-98.8791644820704,44.6051153778119,-1.79322346201108
-110.229789637535,41.3260752249838,-4.05674168534177
-118.33231446484,40.6302170347247,-8.34120444167326
-123.200919758461,39.6106269677512,-11.2993153756717
-123.200919758461,33.7112711966914,-12.431074487337
-123.200919758461,33.7112711966914,-12.431074487337
-123.200919758461,33.7112711966914,-12.431074487337
-123.200919758461,33.7112711966914,-12.431074487337
-128.869141938955,35.0821268843678,-11.6256671980047
-134.530273722212,37.3140432262339,-11.4939080863394
-134.530273722212,37.3140432262339,-11.4939080863394

Velocities: 20
0,1,1
0,3,3
0,6,4
0,7,7
0,10,7
0,8,0
-3,5,0
-5,1,0
0,0,0
-8,0,-5
-8,-2,0
-6,-1,0
-4,-2,0
-1,-1,-3
0,0,0
0,0,0
0,0,0
0,4,0
0,5,0
0,0,0

InverseVelocities: 20
0,0,0
0,0,0
0,0,0
0,0,0
0,0,0
0,0,0
0,0,0
0,0,0
0,0,0
0,0,0
0,0,0
0,0,0
0,0,0
0,4,0
0,0,0
0,0,0
0,0,0
0,-4,0
0,-4,0
0,0,0
