GestureName: swipe_down
Duration(ms): 940
Handedness: right

SpeakerAngles: 6
55
-55
0
0
110
-110

SpeakerElevations: 6
-10
-10
-10
0
30
30

InterpretedPoints: 20
4.01935562608244,-2.5616261626852,2.04188906600158
4.82606291019404,-1.99676364122158,1.86824088833465
0,0,0
0,0,0
0,0,0
-0.813797681349374,1.68860962028618,0.32635182233307
-0.806707284111599,0.564862521463623,-0.17364817766693
-1.6134145682232,3.11453279593945,-0.520944533000791
0.00709039723777505,1.99078569711689,-1.02094453300079
2.45557383852367,7.06259250208013,-0.889185421335443
1.6417761571743,4.2442578388667,-0.868240888334652
0.820888078587149,1.15725878691567,-1.17364817766693
0.0141807944755501,1.72212130837929,-1.34729635533386
-0.806707284111599,0.564862521463623,-0.17364817766693
1.62759536269875,0.592396265452048,-1
0.806707284111599,-0.564862521463623,0.17364817766693
0,0,0
-0.813797681349374,0.296198132726024,-0.5
-0.813797681349374,0.296198132726024,-0.5
0,0,0

StrokePoints: 21
0,0,0
4.01935562608244,-2.5616261626852,2.04188906600158
8.84541853627648,-4.55838980390678,3.91012995433623
8.84541853627648,-4.55838980390678,3.91012995433623
8.84541853627648,-4.55838980390678,3.91012995433623
8.84541853627648,-4.55838980390678,3.91012995433623
8.03162085492711,-2.8697801836206,4.2364817766693
7.22491357081551,-2.30491766215698,4.06283359900237
5.61149900259231,0.809615133782478,3.54188906600158
5.61858939983009,2.80040083089937,2.52094453300079
8.07416323835376,9.86299333297951,1.63175911166535
9.71593939552806,14.1072511718462,0.763518223330697
10.5368274741152,15.2645099587619,-0.410129954336234
10.5510082685908,16.9866312671412,-1.75742630967009
9.74430098447916,17.5514937886048,-1.93107448733702
11.3718963471779,18.1438900540568,-2.93107448733702
12.1786036312895,17.5790275325932,-2.75742630967009
12.1786036312895,17.5790275325932,-2.75742630967009
11.3648059499401,17.8752256653192,-3.25742630967009
10.5510082685908,18.1714237980453,-3.75742630967009
10.5510082685908,18.1714237980453,-3.75742630967009

Velocities: 20
0,-7,1
1,-7,1
0,0,0
0,0,0
0,0,0
0,0,1
0,1,0
0,2,1
1,2,0
2,4,2
1,3,1
0,1,0
0,2,0
0,1,0
0,0,0
0,-1,0
0,0,0
0,0,0
0,0,0
0,0,0

InverseVelocities: 20
0,2,-1
0,12,-1
0,0,0
0,0,0
0,0,0
0,0,0
0,0,0
0,0,0
0,0,0
0,0,0
0,0,0
0,0,0
0,0,0
0,0,0
0,0,0
0,0,0
0,0,0
0,0,0
0,0,0
0,0,0
