GestureName: swipe_up
Duration(ms): 564
Handedness: right

SpeakerAngles: 6
55
-55
0
0
110
-110

SpeakerElevations: 6
-10
-10
-10
0
30
30

InterpretedPoints: 12
-0.813797681349374,-0.296198132726024,0.5
-0.813797681349374,-0.296198132726024,0.5
-1.6134145682232,-1.12972504292725,0.347296355333861
-4.03353642055799,-4.80912036033033,1.04188906600158
-5.68240297497007,-12.9619482731399,-0.242573690329905
-0.813797681349374,-16.0764810690794,0.278370842670886
-0.820888078587149,-14.9527339702568,0.778370842670886
3.26228112263527,-12.1894667950202,2.41012995433623
0.806707284111599,-11.948336150271,3.56283359900237
-0.806707284111599,-5.66420307041529,0.868240888334652
0,-1.98480775301221,0.17364817766693
0,0,0

StrokePoints: 13
0,0,0
-0.813797681349374,-0.296198132726024,0.5
-1.62759536269875,-0.592396265452048,1
-3.24100993092194,-1.72212130837929,1.34729635533386
-7.27454635147994,-6.53124166870962,2.38918542133544
-12.95694932645,-19.4931899418495,2.14661173100554
-13.7707470077994,-35.5696710109289,2.42498257367642
-14.5916350863865,-50.5224049811857,3.20335341634731
-11.3293539637513,-62.7118717762059,5.61348337068354
-10.5226466796397,-74.660207926477,9.17631696968592
-11.3293539637513,-80.3244109968922,10.0445578580206
-11.3293539637513,-82.3092187499044,10.2182060356875
-11.3293539637513,-82.3092187499044,10.2182060356875

Velocities: 12
0,0,0
0,0,0
-2,0,0
-5,0,-1
-5,-3,-5
-5,-5,-6
-5,-6,-5
-4,-3,-4
-2,-3,-4
-2,-1,-2
0,0,-1
0,0,0

InverseVelocities: 12
0,0,0
0,0,0
0,0,0
0,0,0
0,0,0
0,0,0
0,0,0
0,0,0
0,0,0
0,0,0
0,0,0
0,0,0
