GestureName: swipe_down
Duration(ms): 517
Handedness: right

SpeakerAngles: 6
55
-55
0
0
110
-110

SpeakerElevations: 6
-10
-10
-10
0
30
30

InterpretedPoints: 11
0,1.12972504292725,-0.347296355333861
0.799616886873824,2.81833466321343,-0.0209445330007911
-0.806707284111599,0.564862521463623,-0.17364817766693
4.06898840674687,7.06259250208013,-0.889185421335443
5.69658376944562,6.47019623662809,0.110814578664557
0.820888078587149,4.27179158285513,-1.69459271066772
-0.806707284111599,0.564862521463623,-0.17364817766693
0,0,0
0,0,0
1.62759536269875,0.592396265452048,-1
0,0,0

StrokePoints: 12
0,0,0
0,1.12972504292725,-0.347296355333861
0.799616886873824,3.94805970614068,-0.368240888334652
-0.00709039723777505,4.5129222276043,-0.541889066001582
4.06189800950909,11.5755147296844,-1.43107448733702
9.75848177895471,18.0457109663125,-1.32025990867247
10.5793698575419,22.3175025491676,-3.01485261934019
9.77266257343026,22.8823650706313,-3.18850079700712
9.77266257343026,22.8823650706313,-3.18850079700712
9.77266257343026,22.8823650706313,-3.18850079700712
11.400257936129,23.4747613360833,-4.18850079700712
11.400257936129,23.4747613360833,-4.18850079700712

Velocities: 11
1,1,0
2,0,1
0,1,0
3,3,2
3,3,2
1,2,1
0,1,0
0,0,0
0,0,0
0,0,0
0,0,0

InverseVelocities: 11
0,0,0
0,0,0
0,0,0
0,0,0
0,0,0
0,0,0
0,0,0
0,0,0
0,0,0
0,0,0
0,0,0
