GestureName: swipe_down
Duration(ms): 611
Handedness: right

SpeakerAngles: 6
55
-55
0
0
110
-110

SpeakerElevations: 6
-10
-10
-10
0
30
30

InterpretedPoints: 13
0.820888078587149,1.95727400902378,0.652703644666139
-1.60632417098542,5.96040120314131,-1.36824088833465
0.00709039723777505,4.83067616021406,-1.02094453300079
1.62759536269875,7.95118690025821,-2.38918542133544
-0.813797681349374,5.13285223704477,-2.36824088833465
0.806707284111599,5.71927055839214,-2.52094453300079
0.820888078587149,1.15725878691567,-1.17364817766693
0.813797681349374,0.296198132726024,-0.5
-0.792526489636048,2.28698382984292,-1.52094453300079
0,0,0
0,0,0
0.813797681349374,0.296198132726024,-0.5
0,0,0

StrokePoints: 14
0,0,0
0.820888078587149,1.95727400902378,0.652703644666139
-0.785436092398273,7.91767521216509,-0.715537243668513
-0.778345695160498,12.7483513723792,-1.7364817766693
0.849249667538249,20.6995382726374,-4.12566719800475
0.0354519861888756,25.8323905096821,-6.4939080863394
0.842159270300474,31.5516610680743,-9.01485261934019
1.66304734888762,32.7089198549899,-10.1885007970071
2.476845030237,33.005117987716,-10.6885007970071
1.68431854060095,35.2921018175589,-12.2094453300079
1.68431854060095,35.2921018175589,-12.2094453300079
1.68431854060095,35.2921018175589,-12.2094453300079
2.49811622195032,35.5882999502849,-12.7094453300079
2.49811622195032,35.5882999502849,-12.7094453300079

Velocities: 13
0,1,1
0,3,2
0,1,2
3,3,2
2,2,1
1,0,2
0,1,0
0,0,0
0,3,0
0,0,0
0,0,0
0,0,0
0,0,0

InverseVelocities: 13
0,0,0
0,0,0
0,0,0
0,0,0
0,0,0
0,0,0
0,0,0
0,0,0
0,-3,0
0,0,0
0,0,0
0,0,0
0,0,0
