GestureName: swipe_right
Duration(ms): 893
Handedness: right

SpeakerAngles: 6
55
-55
0
0
110
-110

SpeakerElevations: 6
-10
-10
-10
0
30
30

InterpretedPoints: 19
-2.42721224957257,2.81833466321343,-0.0209445330007911
-2.42721224957257,2.22593839776138,0.979055466999209
-3.2268291364464,6.43668454853498,1.78446275633149
-5.66822218049452,7.32527894671305,0.284462756331487
-7.28163674871771,2.50058073060367,0.458110933998418
-8.09543443006709,2.20438259787765,0.958110933998418
-7.28872714595549,1.63952007641402,1.13175911166535
-7.29581754319326,1.37085568767642,0.805407289332279
-4.86151489638292,-1.4534569196417,1.67364817766693
-8.11670562178041,-0.805993166212799,-0.979055466999209
-4.06898840674687,1.48099066363012,-2.5
0,0,0
-7.28872714595549,-1.04712381096197,-2.13175911166535
-4.06898840674687,1.48099066363012,-2.5
-7.29581754319326,-0.778459422224375,-1.80540728933228
-6.48201986184389,-1.0746575549504,-1.30540728933228
-2.44139304404812,0.888594398178072,-1.5
-1.62759536269875,0.592396265452048,-1
0,0,0

StrokePoints: 20
0,0,0
-2.42721224957257,2.81833466321343,-0.0209445330007911
-4.85442449914514,5.04427306097481,0.958110933998418
-8.08125363559154,11.4809576095098,2.7425736903299
-13.7494758160861,18.8062365562228,3.02703644666139
-21.0311125648038,21.3068172868265,3.48514738065981
-29.1265469948709,23.5111998847042,4.44325831465823
-36.4152741408263,25.1507199611182,5.57501742632358
-43.7110916840196,26.5215756487946,6.38042471565586
-48.5726065804025,25.0681187291529,8.05407289332279
-56.6893122021829,24.2621255629401,7.07501742632358
-60.7583006089298,25.7431162265702,4.57501742632358
-60.7583006089298,25.7431162265702,4.57501742632358
-68.0470277548853,24.6959924156082,2.44325831465823
-72.1160161616322,26.1769830792384,-0.0567416853417693
-79.4118337048254,25.398523657014,-1.86214897467405
-85.8938535666693,24.3238661020636,-3.16755626400633
-88.3352466107174,25.2124605002417,-4.66755626400633
-89.9628419734162,25.8048567656937,-5.66755626400633
-89.9628419734162,25.8048567656937,-5.66755626400633

Velocities: 19
0,2,1
0,2,1
0,4,3
0,4,3
0,6,0
0,6,0
0,5,0
0,4,0
-2,1,0
-3,0,0
0,0,0
0,0,0
-5,0,0
0,0,0
-4,0,0
-4,0,0
0,0,0
0,0,0
0,0,0

InverseVelocities: 19
0,0,0
0,0,0
0,-1,0
0,0,0
0,0,0
0,0,0
0,0,0
0,0,0
0,0,0
0,0,0
0,0,0
0,0,0
0,0,0
0,0,0
0,0,0
0,0,0
0,0,0
0,0,0
0,0,0
