GestureName: swipe_left
Duration(ms): 658
Handedness: right

SpeakerAngles: 6
55
-55
0
0
110
-110

SpeakerElevations: 6
-10
-10
-10
0
30
30

InterpretedPoints: 14
1.62759536269875,-0.592396265452048,1
1.62759536269875,-1.1847925309041,2
4.88278608809624,-1.77718879635614,3
2.46266423576145,-0.0826012319652725,2.47905546699921
12.9640397236878,0.964522578996702,4.61081457866456
7.32417913214436,-3.25817945998626,5.5
12.1573324395762,0.509795033486775,1.47905546699921
18.6322619041823,-3.14804448403257,2.19459271066772
17.0117569387213,-19.7774321863662,0.952019020337816
12.9640397236878,-18.0277771339985,-1.22162915732911
11.3506251554646,-18.3574869548176,0.952019020337816
4.04771721503354,-7.05661455797545,0.0418890660015822
0.806707284111599,-0.564862521463623,0.17364817766693
0,0,0

StrokePoints: 15
0,0,0
1.62759536269875,-0.592396265452048,1
3.25519072539749,-1.77718879635614,3
8.13797681349374,-3.55437759271229,6
10.6006410492552,-3.63697882467756,8.47905546699921
23.564680772943,-2.67245624568086,13.0898700456638
30.8888599050873,-5.93063570566712,18.5898700456638
43.0461923446635,-5.42084067218034,20.068925512663
61.6784542488458,-8.56888515621291,22.2635182233307
78.6902111875671,-28.3463173425791,23.2155372436685
91.6542509112549,-46.3740944765775,21.9939080863394
103.004876066719,-64.7315814313951,22.9459271066772
107.052593281753,-71.7881959893706,22.9878161726788
107.859300565865,-72.3530585108342,23.1614643503457
107.859300565865,-72.3530585108342,23.1614643503457

Velocities: 14
0,0,0
0,0,0
0,0,0
0,3,0
8,0,0
0,0,0
5,-2,0
4,-8,0
1,-10,-8
0,-8,-8
-2,-8,-7
0,-3,-3
0,-1,0
0,0,0

InverseVelocities: 14
0,0,0
0,0,0
0,0,0
0,0,0
0,0,0
0,0,0
0,0,0
0,0,0
0,0,0
0,0,0
0,0,0
0,0,0
0,0,0
0,0,0
