GestureName: swipe_right
Duration(ms): 893
Handedness: right

SpeakerAngles: 6
55
-55
0
0
110
-110

SpeakerElevations: 6
-10
-10
-10
0
30
30

InterpretedPoints: 19
-0.806707284111599,0.564862521463623,-0.17364817766693
-2.42721224957257,2.22593839776138,0.979055466999209
-3.24100993092194,4.50694428349961,0.305407289332279
-5.66822218049452,7.32527894671305,0.284462756331487
-4.85442449914514,7.62147707943907,-0.215537243668512
-4.84024370466959,3.38917512878174,-1.04188906600158
-7.30290794043104,5.62109147064781,-0.910129954336234
-7.28872714595549,1.63952007641402,1.13175911166535
-7.31708873490659,0.564862521463623,-0.17364817766693
-12.9782205181633,-2.79677886332969,0.0418890660015823
-10.5722794603041,1.74965505236772,-2.17364817766693
-11.3506251554646,-9.55121734447443,-1.2635182233307
-5.69658376944562,-5.86584408296667,-2.80540728933228
0,0,0
-5.66822218049452,-1.37085568767642,-0.805407289332278
-5.67531257773229,-0.509795033486775,-1.47905546699921
-2.44139304404812,0.888594398178072,-1.5
-0.813797681349374,0.296198132726024,-0.5
0,0,0

StrokePoints: 20
0,0,0
-0.806707284111599,0.564862521463623,-0.17364817766693
-3.23391953368417,2.79080091922501,0.805407289332279
-6.47492946460611,7.29774520272462,1.11081457866456
-12.1431516451006,14.6230241494377,1.39527733499604
-16.9975761442458,22.2445012288767,1.17974009132753
-21.8378198489154,25.6336763576585,0.13785102532595
-29.1407277893464,31.2547678283063,-0.772278929010284
-36.4294549353019,32.8942879047203,0.359480182655064
-43.7465436702085,33.4591504261839,0.185832004988134
-56.7247641883718,30.6623715628542,0.227721070989716
-67.2970436486759,32.412026615222,-1.94592710667721
-78.6476688041405,22.8608092707475,-3.20944533000791
-84.3442525735861,16.9949651877809,-6.01485261934019
-84.3442525735861,16.9949651877809,-6.01485261934019
-90.0124747540806,15.6241095001044,-6.82025990867247
-95.6877873318129,15.1143144666177,-8.29931537567168
-98.129180375861,16.0029088647957,-9.79931537567168
-98.9429780572104,16.2991069975218,-10.2993153756717
-98.9429780572104,16.2991069975218,-10.2993153756717

Velocities: 19
0,1,0
0,2,1
0,2,2
0,4,3
0,4,3
0,6,0
4,7,0
0,5,0
0,1,0
-6,0,0
0,1,0
-6,0,-4
0,0,-4
0,0,0
-4,0,0
-3,0,0
0,0,0
0,0,0
0,0,0

InverseVelocities: 19
0,0,0
0,0,0
0,0,0
0,0,0
0,0,0
0,0,0
0,0,0
0,0,0
0,0,0
0,0,0
0,0,0
0,0,0
0,0,0
0,0,0
0,0,0
0,0,0
0,0,0
0,0,0
0,0,0
