GestureName: swipe_up
Duration(ms): 517
Handedness: right

SpeakerAngles: 6
55
-55
0
0
110
-110

SpeakerElevations: 6
-10
-10
-10
0
30
30

InterpretedPoints: 11
-0.813797681349374,-0.296198132726024,0.5
-1.62050496546097,-1.99078569711689,1.02094453300079
-4.87569569085847,-11.1148092400698,3.71553724366851
-4.91114767704734,-13.5759003384757,0.736481776669304
-8.10961522454264,-14.3878714487932,0.604722665003956
-1.62050496546097,-14.8641547941868,-2.54798097966218
0,-10.9436288320346,-2.08987004566377
0,-9.55121734447443,-1.2635182233307
-1.62050496546097,-5.36800493768926,0.368240888334652
-0.806707284111599,-0.564862521463623,0.17364817766693
0,0,0

StrokePoints: 12
0,0,0
-0.813797681349374,-0.296198132726024,0.5
-2.43430264681035,-2.28698382984292,1.52094453300079
-7.30999833766881,-13.4017930699127,5.2364817766693
-12.2211460147162,-26.9776934083884,5.97296355333861
-20.3307612392588,-41.3655648571816,6.57768621834256
-21.9512662047198,-56.2297196513685,4.02970523868038
-21.9512662047198,-67.173348483403,1.93983519301661
-21.9512662047198,-76.7245658278775,0.676316969685916
-23.5717711701807,-82.0925707655667,1.04455785802057
-24.3784784542923,-82.6574332870304,1.2182060356875
-24.3784784542923,-82.6574332870304,1.2182060356875

Velocities: 11
0,0,0
-2,-1,0
-2,-1,-4
0,-4,-6
-7,-3,-5
-6,-5,-6
-3,-3,-5
-3,-3,-4
-2,-1,-2
-1,0,0
0,0,0

InverseVelocities: 11
0,0,0
0,0,0
0,0,0
0,0,0
0,0,0
0,0,0
0,0,0
0,0,0
0,0,0
0,0,0
0,0,0
