GestureName: swipe_up
Duration(ms): 705
Handedness: right

SpeakerAngles: 6
55
-55
0
0
110
-110

SpeakerElevations: 6
-10
-10
-10
0
30
30

InterpretedPoints: 15
-0.813797681349374,-0.296198132726024,0.5
-0.820888078587149,-1.10219129893882,-0.479055466999209
-4.86860529362069,-6.28413307985576,2.69459271066772
-1.62050496546097,-15.4141345669134,6.2364817766693
0.799616886873824,-17.1087221313042,6.75742630967009
-1.62759536269875,-16.5498375539453,7.43107448733702
-1.62050496546097,-18.8033096956951,7.27837084267088
-4.06898840674687,-4.87016579241186,3.54188906600158
0.806707284111599,-13.4932991065104,-1.7425736903299
-1.62050496546097,-12.7267955724954,1.75742630967009
-1.6134145682232,-3.38917512878174,1.04188906600158
0,-6.17399810390206,-0.610814578664557
0.806707284111599,-6.20153184789049,0.215537243668512
-0.806707284111599,-0.564862521463623,0.17364817766693
0,0,0

StrokePoints: 16
0,0,0
-0.813797681349374,-0.296198132726024,0.5
-1.63468575993652,-1.39838943166485,0.0209445330007911
-6.50329105355722,-7.6825225115206,2.71553724366851
-8.12379601901819,-23.096657078434,8.95201902033781
-7.32417913214436,-40.2053792097382,15.7094453300079
-8.95177449484311,-56.7552167636835,23.1405198173449
-10.5722794603041,-75.5585264593786,30.4188906600158
-14.641267867051,-80.4286922517905,33.9607797260174
-13.8345605829394,-93.9219913583009,32.2182060356875
-15.4550655484003,-106.648786930796,33.9756323453576
-17.0684801166235,-110.037962059578,35.0175214113592
-17.0684801166235,-116.21196016348,34.4067068326946
-16.2617728325119,-122.413492011371,34.6222440763631
-17.0684801166235,-122.978354532834,34.7958922540301
-17.0684801166235,-122.978354532834,34.7958922540301

Velocities: 15
0,0,0
-1,-2,0
-2,0,-2
-3,-2,-5
-3,-5,-5
-5,-5,-4
-6,-5,-5
-3,-3,0
-3,-4,-6
-5,-4,-4
-4,-2,0
-3,-3,-2
-2,-3,-2
-1,0,0
0,0,0

InverseVelocities: 15
0,0,0
0,0,0
0,0,0
0,0,0
0,0,0
0,0,0
0,0,0
0,0,0
0,0,0
0,0,0
0,0,0
0,0,0
0,0,0
0,0,0
0,0,0
