GestureName: swipe_left
Duration(ms): 987
Handedness: right

SpeakerAngles: 6
55
-55
0
0
110
-110

SpeakerElevations: 6
-10
-10
-10
0
30
30

InterpretedPoints: 21
0.813797681349374,-0.296198132726024,0.5
0.799616886873824,0.833526910201223,0.152703644666139
1.62050496546097,0.213596900760751,1.97905546699921
4.86860529362069,2.20438259787765,0.958110933998418
4.86860529362069,2.20438259787765,0.958110933998418
4.06189800950909,-1.21232627489252,2.82635182233307
4.04062681779577,1.90818446515162,1.45811093399842
6.46783906736834,1.6119863324256,1.95811093399842
4.06898840674687,8.39993650166345,1.58987004566377
4.06898840674687,5.86584408296667,2.80540728933228
8.91632250865424,7.0015470699986,1.61081457866456
4.06898840674687,4.16763455100612,0.763518223330696
6.51038145079499,1.40436737576953,-0.868240888334652
13.7920181995127,-2.76326717523658,-1.63175911166535
6.49620065631944,-14.9802677142452,1.60472266500396
8.10961522454264,-14.9802677142452,1.60472266500396
5.66113178325674,-10.1711473539149,0.562833599002373
7.29581754319326,-5.34047119370084,-0.458110933998418
4.86151489638292,-4.77560867223722,-0.631759111665348
0,-3.96961550602442,0.347296355333861
0,0,0

StrokePoints: 22
0,0,0
0.813797681349374,-0.296198132726024,0.5
1.6134145682232,0.537328777475199,0.652703644666139
3.23391953368417,0.75092567823595,2.63175911166535
8.10252482730486,2.9553082761136,3.58987004566377
12.9711301209256,5.15969087399124,4.54798097966218
17.0330281304346,3.94736459909872,7.37433280199525
21.0736549482304,5.85554906425034,8.83244373599367
27.5414940155988,7.46753539667594,10.7905546699921
31.6104824223456,15.8674718983394,12.3804247156559
35.6794708290925,21.733315981306,15.1858320049881
44.5957933377467,28.7348630513046,16.7966465836527
48.6647817444936,32.9024976023108,17.5601648069834
55.1751631952886,34.3068649780803,16.6919239186487
68.9671813948013,31.5435978028437,15.0601648069834
75.4633820511207,16.5633300885985,16.6648874719873
83.5729972756634,1.58306237435326,18.2696101369913
89.2341290589201,-8.58808497956165,18.8324437359937
96.5299466021134,-13.9285561732625,18.3743328019953
101.391461498496,-18.7041648454997,17.7425736903299
101.391461498496,-22.6737803515241,18.0898700456638
101.391461498496,-22.6737803515241,18.0898700456638

Velocities: 21
0,0,0
2,0,0
2,1,0
4,2,0
4,2,0
1,0,0
5,1,0
6,0,0
4,4,3
0,0,4
5,0,3
5,5,0
3,3,-1
1,-5,-1
-4,-6,-5
-3,-7,-5
0,-5,-4
0,-4,-2
0,-3,-2
0,0,-2
0,0,0

InverseVelocities: 21
0,0,0
0,0,0
0,0,0
0,0,0
0,0,0
0,0,0
0,0,0
0,0,0
0,0,0
0,0,0
0,0,0
0,-1,0
-2,-4,0
-3,0,0
0,0,0
0,0,0
0,0,0
0,0,0
0,0,0
0,0,0
0,0,0
