GestureName: swipe_left
Duration(ms): 893
Handedness: right

SpeakerAngles: 6
55
-55
0
0
110
-110

SpeakerElevations: 6
-10
-10
-10
0
30
30

InterpretedPoints: 19
0.00709039723777505,0.2686643887376,0.32635182233307
-0.799616886873824,0.833526910201223,0.152703644666139
-5.65404138601897,3.09297699605572,-0.541889066001582
7.30290794043104,12.6382163964255,1.56892551266297
8.92341290589201,3.57523828555407,1.7635182233307
9.70884899829028,0.964522578996702,4.61081457866456
8.90214171417868,12.3085065756063,3.7425736903299
9.73721058724139,13.1911230296797,3.08987004566377
5.66822218049452,8.92530939092927,3.93716640099763
12.1502420423384,1.63354213230934,1.97905546699921
17.8397354145462,-3.64588362930997,-0.979055466999209
12.164422836814,-11.2948944527375,0.062833599002373
8.09543443006709,-12.7208176283907,0.910129954336234
7.28872714595549,-11.5635588414751,-0.263518223330697
6.48201986184389,-8.21387334489112,1.21553724366851
4.04771721503354,-7.05661455797545,0.0418890660015822
0,-1.98480775301221,0.17364817766693
0,-1.98480775301221,0.17364817766693
0,0,0

StrokePoints: 20
0,0,0
0.00709039723777505,0.2686643887376,0.32635182233307
-0.792526489636049,1.10219129893882,0.479055466999209
-6.44656787565501,4.19516829499454,-0.0628335990023732
0.856340064776024,16.83338469142,1.5060919136606
9.77975297066804,20.4086229769741,3.2696101369913
19.4886019689583,21.3731455559708,7.88042471565585
28.390743683137,33.6816521315771,11.6229984059858
38.1279542703784,46.8727751612568,14.7128684516495
43.7961764508729,55.7980845521861,18.6500348526471
55.9464184932113,57.4316266844954,20.6290903196464
73.7861539077576,53.7857430551854,19.6500348526471
85.9505767445715,42.490848602448,19.7128684516495
94.0460111746386,29.7700309740572,20.6229984059858
101.334738320594,18.2064721325822,20.3594801826551
107.816758182438,9.99259878769107,21.5750174263236
111.864475397472,2.93598422971562,21.6169064923252
111.864475397472,0.951176476703412,21.7905546699921
111.864475397472,-1.0336312763088,21.964202847659
111.864475397472,-1.0336312763088,21.964202847659

Velocities: 19
0,1,0
0,2,0
0,6,0
6,3,5
7,3,0
8,0,0
7,0,6
4,0,7
4,0,5
5,-3,1
4,-5,-2
1,-5,-5
0,-6,-5
0,-5,-5
0,-4,-3
0,-3,-3
0,0,-1
0,0,-1
0,0,0

InverseVelocities: 19
0,0,0
0,0,0
0,-5,0
0,0,0
0,0,0
0,0,0
0,0,0
0,0,0
0,0,0
0,0,0
-3,4,0
-5,0,0
0,0,0
0,0,0
0,0,0
0,0,0
0,0,0
0,0,0
0,0,0
