GestureName: swipe_up
Duration(ms): 658
Handedness: right

SpeakerAngles: 6
55
-55
0
0
110
-110

SpeakerElevations: 6
-10
-10
-10
0
30
30

InterpretedPoints: 14
-2.43430264681035,-1.15725878691567,1.17364817766693
-2.44139304404812,-0.888594398178072,1.5
-9.74430098447916,-1.99078569711689,1.02094453300079
-7.33126952938214,-5.67615895862466,2.56283359900237
-8.95177449484311,-13.6094120265688,2.41012995433623
-8.95177449484311,-18.9833949083628,3.62566719800475
-8.94468409760534,-16.9926092112459,2.60472266500395
3.2551907253975,-18.1498679981615,3.77837084267088
3.24810032815972,-15.8963958564117,3.93107448733702
0,-11.3284061408306,1.7364817766693
0,-7.56640959146222,-1.43716640099763
-1.60632417098542,-5.36800493768926,0.368240888334652
0,-3.11453279593945,0.520944533000791
0,0,0

StrokePoints: 15
0,0,0
-2.43430264681035,-1.15725878691567,1.17364817766693
-4.87569569085847,-2.04585318509374,2.67364817766693
-14.6199966753376,-4.03663888221064,3.69459271066772
-21.9512662047198,-9.7127978408353,6.25742630967009
-30.9030406995629,-23.3222098674041,8.66755626400633
-39.854815194406,-42.3056047757669,12.2932234620111
-48.7994992920113,-59.2982139870127,14.897946127015
-45.5443085666138,-77.4480819851742,18.6763169696859
-42.2962082384541,-93.344477841586,22.6073914570229
-42.2962082384541,-104.672883982417,24.3438732336922
-42.2962082384541,-112.239293573879,22.9067068326946
-43.9025324094395,-117.607298511568,23.2749477210293
-43.9025324094395,-120.721831307507,23.7958922540301
-43.9025324094395,-120.721831307507,23.7958922540301

Velocities: 14
-1,0,0
0,0,0
-3,0,0
-4,-5,0
-3,-3,-5
-6,-6,-6
-5,-4,-6
-5,-5,-6
-4,-5,-5
-3,-3,-4
-3,-3,-3
-3,0,-2
-1,-1,-1
0,0,0

InverseVelocities: 14
0,0,0
0,0,0
0,0,0
0,0,0
0,0,0
0,0,0
0,0,0
0,0,0
0,0,0
0,0,0
0,0,0
0,0,0
0,0,0
0,0,0
