GestureName: swipe_down
Duration(ms): 611
Handedness: right

SpeakerAngles: 6
55
-55
0
0
110
-110

SpeakerElevations: 6
-10
-10
-10
0
30
30

InterpretedPoints: 13
-0.806707284111599,0.564862521463623,-0.17364817766693
-0.806707284111599,1.95727400902378,0.652703644666139
-1.62050496546097,-0.323731876714448,1.32635182233307
-2.42721224957257,0.833526910201223,0.152703644666139
-3.24810032815972,5.90533371516446,0.284462756331487
0,2.46706904251056,2.13175911166535
0.00709039723777494,4.18321240678517,1.63175911166535
-2.4201218523348,1.90220652104694,2.30540728933228
-0.813797681349374,1.48099066363012,-2.5
2.43430264681035,0.0275337439884242,-0.82635182233307
2.43430264681035,0.0275337439884242,-0.82635182233307
1.62759536269875,0.592396265452048,-1
0,0,0

StrokePoints: 14
0,0,0
-0.806707284111599,0.564862521463623,-0.17364817766693
-1.6134145682232,2.52213653048741,0.479055466999209
-3.23391953368417,2.19840465377296,1.80540728933228
-5.66113178325674,3.03193156397418,1.95811093399842
-8.90923211141646,8.93726527913864,2.24257369032991
-8.90923211141646,11.4043343216492,4.37433280199525
-8.90214171417869,15.5875467284344,6.0060919136606
-11.3222635665135,17.4897532494813,8.31149920299288
-12.1360612478629,18.9707439131114,5.81149920299288
-9.70175860105251,18.9982776570998,4.98514738065981
-7.26745595424216,19.0258114010883,4.15879555832674
-5.63986059154342,19.6182076665403,3.15879555832674
-5.63986059154342,19.6182076665403,3.15879555832674

Velocities: 13
0,1,0
0,1,1
0,1,0
0,2,0
2,3,2
2,2,1
1,2,2
0,3,1
0,0,0
0,-1,0
0,-1,0
0,0,0
0,0,0

InverseVelocities: 13
0,0,0
0,0,0
0,0,0
0,0,0
0,0,0
0,0,0
0,0,0
0,0,0
0,0,0
0,0,0
0,0,0
0,0,0
0,0,0
