GestureName: swipe_down
Duration(ms): 705
Handedness: right

SpeakerAngles: 6
55
-55
0
0
110
-110

SpeakerElevations: 6
-10
-10
-10
0
30
30

InterpretedPoints: 15
-0.00709039723777505,0.2686643887376,0.32635182233307
-2.42721224957257,1.37085568767642,0.805407289332279
0.813797681349374,2.81833466321343,-0.0209445330007911
-2.44139304404812,5.34047119370084,0.458110933998418
-8.90214171417869,4.75405287235348,0.610814578664557
-5.68949337220784,5.34644913780553,-0.389185421335443
-2.4484834412859,2.82431260731812,-0.868240888334652
6.50329105355721,2.52811447459209,-0.368240888334652
2.4484834412859,1.15725878691567,-1.17364817766693
1.63468575993652,1.4534569196417,-1.67364817766693
-6.47492946460611,3.71290700549619,-2.36824088833465
-4.03353642055799,2.82431260731812,-0.868240888334652
0.813797681349374,0.296198132726024,-0.5
-0.813797681349374,0.296198132726024,-0.5
0,0,0

StrokePoints: 16
0,0,0
-0.00709039723777505,0.2686643887376,0.32635182233307
-2.43430264681035,1.63952007641402,1.13175911166535
-1.62050496546097,4.45785473962745,1.11081457866456
-4.06189800950909,9.79832593332829,1.56892551266297
-12.9640397236878,14.5523788056818,2.17974009132753
-18.6535330958956,19.8988279434873,1.79055466999209
-21.1020165371815,22.7231405508054,0.922313781657437
-14.5987254836243,25.2512550253975,0.554072893322786
-12.1502420423384,26.4085138123132,-0.619575284344144
-10.5155562824019,27.8619707319549,-2.29322346201107
-16.990485747008,31.5748777374511,-4.66146435034573
-21.024022167566,34.3991903447692,-5.52970523868038
-20.2102244862166,34.6953884774952,-6.02970523868038
-21.024022167566,34.9915866102212,-6.52970523868038
-21.024022167566,34.9915866102212,-6.52970523868038

Velocities: 15
1,0,0
1,3,0
1,1,1
2,2,2
0,7,1
3,4,1
3,2,0
3,2,0
0,1,0
0,1,0
0,5,0
0,5,0
0,0,0
0,0,0
0,0,0

InverseVelocities: 15
0,0,0
0,0,0
0,0,0
0,0,0
0,-7,0
0,0,0
0,0,0
0,0,0
0,0,0
0,0,0
0,0,0
0,-1,0
0,0,0
0,0,0
0,0,0
