GestureName: swipe_left
Duration(ms): 752
Handedness: right

SpeakerAngles: 6
55
-55
0
0
110
-110

SpeakerElevations: 6
-10
-10
-10
0
30
30

InterpretedPoints: 16
0,-0.592396265452048,1
0.813797681349374,-0.888594398178072,1.5
0,0,0
7.28872714595549,1.04712381096197,2.13175911166535
8.09543443006709,0.427193801521503,3.95811093399842
7.30290794043104,3.25150640883962,3.08987004566377
7.28872714595549,9.73130255714207,4.91622186799683
3.2551907253975,9.74688041292112,5.78446275633149
10.5297370768774,2.17684885388922,1.78446275633149
17.846825811784,4.2442578388667,-0.868240888334652
12.9640397236878,-1.12972504292725,0.34729635533386
8.12379601901819,-16.7023890226245,2.95201902033782
7.30290794043104,-14.9527339702568,0.778370842670886
7.28163674871771,-11.8322232302127,-0.589870045663766
2.4201218523348,-5.66420307041529,0.868240888334652
0,0,0

StrokePoints: 17
0,0,0
0,-0.592396265452048,1
0.813797681349374,-1.48099066363012,2.5
0.813797681349374,-1.48099066363012,2.5
8.10252482730486,-0.433866852668145,4.63175911166535
16.1979592573719,-0.00667305114664163,8.58987004566377
23.500867197803,3.24483335769298,11.6797400913275
30.7895943437585,12.976135914835,16.5959619593244
34.044785069156,22.7230163277562,22.3804247156559
44.5745221460334,24.8998651816454,24.1648874719873
62.4213479578174,29.1441230205121,23.2966465836527
75.3853876815052,28.0143979775848,23.6439429389865
83.5091837005234,11.3120089549603,26.5959619593244
90.8120916409544,-3.64072501529648,27.3743328019952
98.0937283896722,-15.4729482455091,26.7844627563315
100.513850242007,-21.1371513159244,27.6527036446661
100.513850242007,-21.1371513159244,27.6527036446661

Velocities: 16
0,0,0
0,0,0
0,0,0
5,0,0
6,0,0
7,4,0
6,1,5
0,0,7
7,0,0
6,-2,1
3,-5,0
-5,-7,-5
-4,-7,-5
0,-6,-5
0,-3,-2
0,0,0

InverseVelocities: 16
0,0,0
0,0,0
0,0,0
0,0,0
0,0,0
0,0,0
0,0,0
0,0,0
0,0,0
0,0,0
0,0,0
0,1,0
0,0,0
0,0,0
0,0,0
0,0,0
