GestureName: swipe_front
Duration(ms): 987
Handedness: right

SpeakerAngles: 6
55
-55
0
0
110
-110

SpeakerElevations: 6
-10
-10
-10
0
30
30

InterpretedPoints: 21
-1.62050496546097,0.2686643887376,0.32635182233307
0,0,0
-0.813797681349374,-0.296198132726024,0.5
-2.4201218523348,1.69458756439087,-0.520944533000791
-2.4201218523348,1.69458756439087,-0.520944533000791
-3.24100993092194,4.50694428349961,0.305407289332279
-3.24100993092194,0.537328777475199,0.652703644666139
0,0,0
-1.62050496546097,0.2686643887376,0.32635182233307
-1.6134145682232,1.12972504292725,-0.347296355333861
-2.42721224957257,5.93286745915289,-0.541889066001582
-4.04771721503354,5.87182202707135,1.95811093399842
-4.06189800950909,7.59394333545065,0.610814578664557
-3.24810032815972,3.64588362930997,0.979055466999209
0,0,0
0,0,0
0,0,0
-3.2268291364464,2.25945008585449,-0.694592710667721
-0.778345695160498,7.97872064424663,-3.21553724366851
-2.4201218523348,1.69458756439087,-0.520944533000791
0,0,0

StrokePoints: 22
0,0,0
-1.62050496546097,0.2686643887376,0.32635182233307
-1.62050496546097,0.2686643887376,0.32635182233307
-2.43430264681035,-0.0275337439884242,0.826351822333069
-4.85442449914514,1.66705382040245,0.305407289332278
-7.27454635147994,3.36164138479332,-0.215537243668513
-10.5155562824019,7.86858566829293,0.089870045663766
-13.7565662133238,8.40591444576813,0.742573690329905
-13.7565662133238,8.40591444576813,0.742573690329905
-15.3770711787848,8.67457883450573,1.06892551266297
-16.990485747008,9.80430387743298,0.721629157329114
-19.4176979965806,15.7371713365859,0.179740091327532
-23.4654152116141,21.6089933636572,2.13785102532595
-27.5273132211232,29.2029366991079,2.74866560399051
-30.7754135492829,32.8488203284178,3.72772107098972
-30.7754135492829,32.8488203284178,3.72772107098972
-30.7754135492829,32.8488203284178,3.72772107098972
-30.7754135492829,32.8488203284178,3.72772107098972
-34.0022426857293,35.1082704142723,3.03312836032199
-34.7805883808898,43.086991058519,-0.182408883346518
-37.2007102332246,44.7815786229098,-0.703353416347309
-37.2007102332246,44.7815786229098,-0.703353416347309

Velocities: 21
0,1,0
0,0,0
0,0,0
0,3,0
0,3,0
0,2,2
0,2,0
0,0,0
0,1,0
0,2,0
1,3,2
0,3,3
2,3,3
0,1,2
0,0,0
0,0,0
0,0,0
0,4,0
0,5,2
0,3,0
0,0,0

InverseVelocities: 21
0,0,0
0,0,0
0,0,0
0,0,0
0,0,0
0,0,0
0,0,0
0,0,0
0,0,0
0,0,0
0,0,0
0,0,0
0,0,0
0,0,0
0,0,0
0,0,0
0,0,0
0,0,0
0,-4,0
0,0,0
0,0,0
