GestureName: swipe_back
Duration(ms): 517
Handedness: right

SpeakerAngles: 6
55
-55
0
0
110
-110

SpeakerElevations: 6
-10
-10
-10
0
30
30

InterpretedPoints: 11
0,-1.98480775301221,0.17364817766693
0.806707284111599,-5.9268895150482,-0.305407289332279
0.0141807944755499,-7.88416352407198,-0.958110933998418
-0.806707284111599,-9.57875108846286,-0.437166400997627
-1.62759536269875,-12.1284213629387,-0.0898700456637662
1.62050496546097,-9.22748546775998,-2.58987004566377
2.41303145509702,-5.93286745915289,0.541889066001582
4.04062681779577,-13.8720984712017,1.2364817766693
3.2551907253975,-11.2733386528537,0.0837781320031643
0.792526489636048,0.0826012319652724,-2.47905546699921
0,0,0

StrokePoints: 12
0,0,0
0,-1.98480775301221,0.17364817766693
0.806707284111599,-7.91169726806041,-0.131759111665348
0.820888078587149,-15.7958607921324,-1.08987004566377
0.0141807944755499,-25.3746118805952,-1.52703644666139
-1.6134145682232,-37.5030332435339,-1.61690649232516
0.00709039723777538,-46.7305187112939,-4.20677653798892
2.4201218523348,-52.6633861704468,-3.66488747198734
6.46074867013057,-66.5354846416485,-2.42840569531804
9.71593939552806,-77.8088232945022,-2.34462756331487
10.5084658851641,-77.726222062537,-4.82368303031408
10.5084658851641,-77.726222062537,-4.82368303031408

Velocities: 11
0,0,-1
0,-1,-3
-2,0,-4
-3,-2,-4
-3,-3,-5
-3,-4,-4
0,-4,-2
0,-4,-6
-4,-4,-4
0,-3,0
0,0,0

InverseVelocities: 11
0,0,0
0,0,0
0,0,0
0,0,0
0,0,0
0,0,0
0,0,0
0,0,0
0,0,0
0,0,0
0,0,0
