GestureName: swipe_down
Duration(ms): 564
Handedness: right

SpeakerAngles: 6
55
-55
0
0
110
-110

SpeakerElevations: 6
-10
-10
-10
0
30
30

InterpretedPoints: 12
-0.806707284111599,0.564862521463623,-0.17364817766693
0,1.12972504292725,-0.347296355333861
-0.806707284111599,5.66420307041529,-0.868240888334652
-2.44139304404812,5.34047119370084,0.458110933998418
1.62759536269875,5.04427306097482,0.958110933998418
2.43430264681035,7.38632437879458,-2.21553724366851
4.04771721503354,6.25659933586733,-1.86824088833465
0.0141807944755501,9.08091194318545,-2.7364817766693
3.27646191711082,10.4673454866409,-1.06283359900237
4.07607880398464,-0.0275337439884242,0.82635182233307
1.62759536269875,0.592396265452048,-1
0,0,0

StrokePoints: 13
0,0,0
-0.806707284111599,0.564862521463623,-0.17364817766693
-0.806707284111599,1.69458756439087,-0.520944533000791
-1.6134145682232,7.35879063480616,-1.38918542133544
-4.05480761227132,12.699261828507,-0.931074487337025
-2.42721224957257,17.7435348894818,0.0270364466613926
0.00709039723777538,25.1298592682764,-2.18850079700712
4.05480761227132,31.3864586041437,-4.05674168534177
4.06898840674687,40.4673705473292,-6.79322346201107
7.34545032385769,50.9347160339701,-7.85605706101345
11.4215291278423,50.9071822899817,-7.02970523868038
13.0491244905411,51.4995785554337,-8.02970523868038
13.0491244905411,51.4995785554337,-8.02970523868038

Velocities: 12
0,1,0
1,1,0
1,2,2
2,2,2
2,2,2
3,2,2
3,0,2
3,5,2
1,4,4
0,1,0
0,0,0
0,0,0

InverseVelocities: 12
0,0,0
0,0,0
0,0,0
0,0,0
0,0,0
0,0,0
0,0,0
0,0,0
0,0,0
0,0,0
0,0,0
0,0,0
