GestureName: swipe_right
Duration(ms): 940
Handedness: right

SpeakerAngles: 6
55
-55
0
0
110
-110

SpeakerElevations: 6
-10
-10
-10
0
30
30

InterpretedPoints: 20
-1.62050496546097,0.2686643887376,0.32635182233307
-3.24100993092194,0.537328777475199,0.652703644666139
-3.2268291364464,7.02908081398702,0.784462756331487
-6.47492946460611,9.87494922118888,-0.0628335990023732
-8.90923211141646,9.84741547720045,0.763518223330696
-8.09543443006709,2.20438259787765,0.958110933998418
-8.91632250865424,1.63952007641402,1.13175911166535
-8.92341290589201,1.37085568767642,0.805407289332278
-5.68949337220784,-0.564862521463623,0.17364817766693
-8.10961522454264,-0.537328777475199,-0.652703644666139
-7.30290794043104,-0.509795033486776,-1.47905546699921
-8.13797681349374,-3.96961550602442,0.347296355333861
-11.3648059499401,-8.21387334489112,1.21553724366851
-10.5510082685908,-7.91767521216509,0.715537243668513
-2.44139304404812,2.07338692908217,-3.5
-7.28872714595549,-1.04712381096197,-2.13175911166535
-0.813797681349374,0.296198132726024,-0.5
-4.05480761227132,-0.241130644749175,-1.15270364466614
-0.813797681349374,0.296198132726024,-0.5
0,0,0

StrokePoints: 21
0,0,0
-1.62050496546097,0.2686643887376,0.32635182233307
-4.86151489638292,0.805993166212799,0.979055466999209
-8.08834403282931,7.83507398019982,1.7635182233307
-14.5632734974354,17.7100232013887,1.70068462432832
-23.4725056088519,27.5574386785892,2.46420284765902
-31.567940038919,29.7618212764668,3.42231378165744
-40.4842625475732,31.4013413528808,4.55407289332278
-49.4076754534652,32.7721970405572,5.35948018265506
-55.0971688256731,32.2073345190936,5.53312836032199
-63.2067840502157,31.6700057416184,4.88042471565585
-70.5096919906467,31.1602107081316,3.40136924865664
-78.6476688041405,27.1905952021072,3.74866560399051
-90.0124747540806,18.9767218572161,4.96420284765902
-100.563483022671,11.059046645051,5.67974009132753
-103.004876066719,13.1324335741332,2.17974009132753
-110.293603212675,12.0853097631712,0.0479809796621828
-111.107400894024,12.3815078958972,-0.452019020337817
-115.162208506296,12.1403772511481,-1.60472266500396
-115.976006187645,12.4365753838741,-2.10472266500396
-115.976006187645,12.4365753838741,-2.10472266500396

Velocities: 20
0,1,0
0,2,0
0,4,3
0,5,4
0,6,4
0,6,0
0,5,0
0,4,0
-1,0,0
-3,1,0
-3,0,0
0,0,-2
-4,0,-3
-4,0,-3
0,0,0
-5,0,0
0,0,0
-2,0,0
0,0,0
0,0,0

InverseVelocities: 20
0,0,0
0,0,0
0,0,0
0,0,0
0,0,0
0,-7,0
0,0,0
0,0,0
0,0,0
0,0,0
0,0,0
0,0,0
0,0,0
0,0,0
0,0,0
0,0,0
0,0,0
0,0,0
0,0,0
0,0,0
