GestureName: swipe_up
Duration(ms): 564
Handedness: right

SpeakerAngles: 6
55
-55
0
0
110
-110

SpeakerElevations: 6
-10
-10
-10
0
30
30

InterpretedPoints: 12
-2.44139304404812,-0.296198132726024,0.5
-1.6134145682232,-6.22906559187891,1.04188906600158
-1.6134145682232,-10.4733234307456,1.91012995433623
3.2551907253975,-15.2429541588781,0.431074487337025
0.813797681349374,-18.5986175995668,-0.200684624328323
-3.25519072539749,-19.432144509768,-0.353388268994462
0.00709039723777516,-20.3482726519345,1.97296355333861
-0.806707284111599,-20.0520745192085,1.47296355333861
2.43430264681035,-5.02869520519576,-0.0898700456637662
-0.806707284111599,-13.0229937052214,2.25742630967009
-3.24810032815972,-9.01986651110392,0.236481776669304
0,0,0

StrokePoints: 13
0,0,0
-2.44139304404812,-0.296198132726024,0.5
-4.05480761227132,-6.52526372460493,1.54188906600158
-5.66822218049452,-16.9985871553505,3.45201902033782
-2.41303145509702,-32.2415413142287,3.88309350767484
-1.59923377374765,-50.8401589137955,3.68240888334652
-4.85442449914514,-70.2723034235635,3.32902061435205
-4.84733410190737,-90.620576075498,5.30198416769066
-5.65404138601896,-110.672650594706,6.77494772102927
-3.21973873920862,-115.701345799902,6.6850776753655
-4.02644602332022,-128.724339505124,8.9425039850356
-7.27454635147994,-137.744206016228,9.1789857617049
-7.27454635147994,-137.744206016228,9.1789857617049

Velocities: 12
0,0,0
-3,-1,-2
-5,-3,-3
-4,-4,-6
-6,-6,-7
-7,-7,-7
-7,-6,-7
-7,-6,-7
-5,-6,0
-5,-4,-4
-4,-3,-3
0,0,0

InverseVelocities: 12
0,0,0
0,0,0
0,0,0
0,0,0
0,0,0
0,0,0
0,0,0
0,0,0
0,0,0
0,0,0
0,0,0
0,0,0
