GestureName: tap_left
Duration(ms): 1504
Handedness: right

SpeakerAngles: 6
55
-55
0
0
110
-110

SpeakerElevations: 6
-10
-10
-10
0
30
30

InterpretedPoints: 32
1.6134145682232,1.12972504292725,-0.347296355333861
0,0,0
0,0,0
0,0,0
0.813797681349374,-0.296198132726024,0.5
4.05480761227132,-0.351265620702872,2.15270364466614
8.10961522454264,7.82909603609513,2.61081457866456
4.88987648533402,2.46109109840587,2.97905546699921
9.71593939552806,0.695858190259102,4.28446275633149
8.08834403282931,0.158529412783903,3.63175911166535
16.2050496546097,-7.89611941228136,0.736481776669303
12.9427685319745,-4.73249707246974,-0.589870045663766
17.8326450173085,-28.6112355406978,3.9939080863394
13.7707470077994,-24.9318402232947,3.29931537567168
3.23391953368417,-13.3072359497381,1.06283359900237
2.4201218523348,-11.6186263294519,1.38918542133544
1.6134145682232,-6.22906559187891,1.04188906600158
0,0,0
0,0,0
-3.2268291364464,4.2442578388667,-0.868240888334652
-4.84733410190737,12.4521532396531,-1.2364817766693
-8.10252482730486,13.2521684617612,0.589870045663766
-11.3293539637513,23.4508495596646,-0.799315375671676
-12.9498589292122,21.1423099299379,0.700684624328324
-18.6322619041823,5.29735959393336,0.416221867996836
-12.95694932645,0.213596900760751,1.97905546699921
-19.4460595855317,-1.0746575549504,-1.30540728933228
-14.5987254836243,-16.3667012577007,-0.0689255126629751
-0.884701653727124,-3.38681915224673,-2.36824088833465
-4.06898840674687,1.48099066363012,-2.5
-2.43430264681035,0.0275337439884242,-0.82635182233307
0,0,0

StrokePoints: 33
0,0,0
1.6134145682232,1.12972504292725,-0.347296355333861
1.6134145682232,1.12972504292725,-0.347296355333861
1.6134145682232,1.12972504292725,-0.347296355333861
1.6134145682232,1.12972504292725,-0.347296355333861
2.42721224957257,0.833526910201223,0.152703644666139
6.48201986184389,0.482261289498351,2.30540728933228
14.5916350863865,8.31135732559349,4.91622186799684
19.4815115717205,10.7724484239994,7.89527733499604
29.1974509672486,11.4683066142585,12.1797400913275
37.2857950000779,11.6268360270424,15.8114992029929
53.4908446546876,3.730716614761,16.5479809796622
66.4336131866621,-1.00178045770873,15.9581109339984
84.2662582039706,-29.6130159984065,19.9520190203378
98.03700521177,-54.5448562217012,23.2513343960095
101.270924745454,-67.8520921714393,24.3141679950119
103.691046597789,-79.4707185008912,25.7033534163473
105.304461166012,-85.6997840927701,26.7452424823489
105.304461166012,-85.6997840927701,26.7452424823489
105.304461166012,-85.6997840927701,26.7452424823489
102.077632029566,-81.4555262539034,25.8770015940142
97.2302979276584,-69.0033730142503,24.6405198173449
89.1277731003535,-55.751204552489,25.2303898630087
77.7984191366022,-32.3003549928245,24.431074487337
64.84856020739,-11.1580450628866,25.1317591116654
46.2162983032077,-5.86068546895319,25.5479809796622
33.2593489767577,-5.64708856819244,27.5270364466614
13.813289391226,-6.72174612314284,26.2216291573291
-0.785436092398266,-23.0884473808435,26.1527036446661
-1.67013774612539,-26.4752665330903,23.7844627563315
-5.73912615287226,-24.9942758694602,21.2844627563315
-8.17342879968261,-24.9667421254717,20.4581109339984
-8.17342879968261,-24.9667421254717,20.4581109339984

Velocities: 32
2,0,0
0,0,0
0,0,0
0,0,0
0,0,0
2,0,0
4,0,4
0,1,2
7,0,0
6,-1,0
1,-9,-2
0,-11,0
-1,-11,-11
0,-9,-10
0,-3,-6
0,-3,-5
-1,-3,-2
0,0,0
0,0,0
0,4,1
0,5,5
0,5,6
0,9,10
0,10,9
0,12,0
-3,6,0
-8,4,0
-7,0,-7
10,0,-5
0,0,0
-1,0,0
0,0,0

InverseVelocities: 32
0,0,0
0,0,0
0,0,0
0,0,0
0,0,0
0,0,0
0,0,0
0,0,0
0,0,0
0,0,0
0,0,0
0,0,0
0,0,0
0,0,0
0,0,0
0,0,0
0,0,0
0,0,0
0,0,0
0,0,0
0,0,0
0,0,0
0,0,0
0,0,0
0,0,0
0,0,0
0,0,0
0,0,0
0,0,0
0,0,0
0,0,0
0,0,0
