GestureName: tap_right
Duration(ms): 1222
Handedness: right

SpeakerAngles: 6
55
-55
0
0
110
-110

SpeakerElevations: 6
-10
-10
-10
0
30
30

InterpretedPoints: 26
-1.62050496546097,2.25347214174981,0.152703644666139
-5.66822218049452,9.31008669972525,0.110814578664557
-10.5226466796397,14.9467560261521,0.0689255126629749
-9.71593939552806,14.3818935046885,0.242573690329905
-14.5845446891488,2.4179794986384,2.93716640099763
-12.9782205181633,2.79677886332969,-0.0418890660015823
-2.44139304404812,0.296198132726024,-0.5
-8.13797681349374,-8.94686519081301,-3.95811093399842
-13.7849278022749,-0.992056322985126,-3.78446275633149
-6.50329105355721,-5.26982584994494,-1.2425736903299
-1.62759536269875,0.592396265452048,-1
0,0,0
0,0,0
2.44139304404812,-0.888594398178072,1.5
1.62759536269875,-1.77718879635614,3
7.26745595424216,-1.10886435008547,8.11081457866456
17.8255546200707,2.36291201066155,4.58987004566377
13.7849278022749,2.06671387793552,5.08987004566377
6.51038145079499,-2.36958506180819,4
22.6870695164536,-8.26894083286797,2.86824088833465
12.9356781347367,-7.37074652301553,3.08377813200316
9.70884899829029,-3.33410764080489,-0.610814578664557
4.85442449914514,-5.63666932642686,0.0418890660015822
0.806707284111599,-8.50409353351246,0.868240888334652
0,-1.98480775301221,0.17364817766693
0,0,0

StrokePoints: 27
0,0,0
-1.62050496546097,2.25347214174981,0.152703644666139
-7.28872714595549,11.5635588414751,0.263518223330696
-17.8113738255951,26.5103148676272,0.332443735993671
-27.5273132211232,40.8922083723157,0.575017426323576
-42.111857910272,43.3101878709541,3.5121838273212
-55.0900784284353,46.1069667342838,3.47029476131962
-57.5314714724834,46.4031648670098,2.97029476131962
-65.6694482859772,37.4562996761968,-0.987816172678797
-79.4543760882521,36.4642433532116,-4.77227892901028
-85.9576671418093,31.1944175032667,-6.01485261934019
-87.585262504508,31.7868137687188,-7.01485261934019
-87.585262504508,31.7868137687188,-7.01485261934019
-87.585262504508,31.7868137687188,-7.01485261934019
-85.1438694604599,30.8982193705407,-5.51485261934019
-83.5162740977612,29.1210305741845,-2.51485261934019
-76.248818143519,28.0121662240991,5.59596195932437
-58.4232635234483,30.3750782347606,10.1858320049881
-44.6383357211734,32.4417921126961,15.2757020506519
-38.1279542703784,30.072207050888,19.2757020506519
-15.4408847539248,21.80326621802,22.1439429389865
-2.50520661918809,14.4325196950045,25.2277210709897
7.20364237910219,11.0984120541996,24.6169064923252
12.0580668782473,5.46174272777271,24.6587955583267
12.8647741623589,-3.04235080573975,25.5270364466614
12.8647741623589,-5.02715855875196,25.7006846243283
12.8647741623589,-5.02715855875196,25.7006846243283

Velocities: 26
0,1,1
0,4,4
0,8,6
0,7,6
0,9,0
0,6,0
0,0,0
0,0,-6
-7,0,0
-7,-6,0
0,0,0
0,0,0
0,0,0
0,0,0
0,0,0
8,0,0
11,0,0
9,2,0
0,0,0
6,-8,-3
0,-12,0
0,-8,0
0,-4,-2
0,-1,-4
0,0,-1
0,0,0

InverseVelocities: 26
0,0,0
0,0,0
0,0,0
0,0,0
0,0,0
0,0,0
0,0,0
0,0,0
0,0,0
0,0,0
0,0,0
0,0,0
0,0,0
0,0,0
0,0,0
0,0,0
0,0,0
0,0,0
0,0,0
0,0,0
0,0,0
0,1,0
0,5,0
0,0,0
0,0,0
0,0,0
