GestureName: tap_front
Duration(ms): 893
Handedness: right

SpeakerAngles: 6
55
-55
0
0
110
-110

SpeakerElevations: 6
-10
-10
-10
0
30
30

InterpretedPoints: 19
4.03353642055799,-2.82431260731812,0.868240888334652
3.2551907253975,-1.1847925309041,2
-1.5850529792721,2.20438259787765,0.958110933998418
-5.68949337220784,21.5970374754478,3.83244373599367
1.63468575993652,26.8400246884463,-1.84120444167326
-6.50329105355722,23.67042440453,0.332443735993672
-2.42721224957257,14.8916885381753,1.72162915732911
-4.86151489638292,5.0502510050795,0.110814578664557
-0.806707284111599,-3.67939531740308,0.694592710667721
-4.05480761227132,-9.04740025509234,1.06283359900237
0.00709039723777538,-12.9344145291515,-1.06892551266297
3.24810032815972,-20.6109590965674,0.799315375671676
4.88987648533402,-21.1482878740426,0.146611731005537
3.26228112263527,-20.5558916085906,-0.853388268994463
0,0,0
-2.4201218523348,-1.69458756439087,0.520944533000791
0.806707284111599,-8.50409353351246,0.868240888334652
0.806707284111599,-0.564862521463623,0.17364817766693
0,0,0

StrokePoints: 20
0,0,0
4.03353642055799,-2.82431260731812,0.868240888334652
7.28872714595549,-4.00910513822221,2.86824088833465
5.70367416668339,-1.80472254034457,3.82635182233307
0.0141807944755508,19.7923149351033,7.65879555832674
1.64886655441207,46.6323396235496,5.81759111665348
-4.85442449914514,70.3027640280796,6.15003485264715
-7.28163674871771,85.1944525662549,7.87166400997627
-12.1431516451006,90.2447035713344,7.98247858864083
-12.9498589292122,86.5653082539313,8.67707129930855
-17.0046665414836,77.517907998839,9.73990489831092
-16.9975761442458,64.5834934696875,8.67097938564794
-13.7494758160861,43.9725343731201,9.47029476131962
-8.85959933075204,22.8242464990775,9.61690649232516
-5.59731820811677,2.2683548904869,8.7635182233307
-5.59731820811677,2.2683548904869,8.7635182233307
-8.01744006045157,0.573767326096033,9.28446275633149
-7.21073277633997,-7.93032620741642,10.1527036446661
-6.40402549222837,-8.49518872888005,10.3263518223331
-6.40402549222837,-8.49518872888005,10.3263518223331

Velocities: 19
0,-5,0
0,0,0
0,6,0
7,8,9
7,8,10
7,8,9
4,6,6
2,5,1
-2,-1,-1
-4,-2,-3
-5,-4,-5
-5,-6,-8
-7,-6,-8
-7,-6,-8
0,0,0
-3,0,0
0,-1,-4
0,-1,0
0,0,0

InverseVelocities: 19
0,0,0
0,0,0
0,0,0
0,0,0
0,0,0
0,0,0
0,0,0
0,0,0
0,0,0
0,0,0
0,0,0
0,0,0
0,0,0
0,0,0
0,0,0
0,0,0
0,0,0
0,0,0
0,0,0
