GestureName: tap_front
Duration(ms): 1175
Handedness: right

SpeakerAngles: 6
55
-55
0
0
110
-110

SpeakerElevations: 6
-10
-10
-10
0
30
30

InterpretedPoints: 25
-0.813797681349374,-0.296198132726024,0.5
-7.28163674871771,-1.46903477542075,0.805407289332278
0.806707284111599,-0.564862521463623,0.17364817766693
0,0,0
-1.62050496546097,2.25347214174981,0.152703644666139
-2.4201218523348,3.67939531740308,-0.694592710667721
2.44139304404812,4.76003081645816,-0.236481776669303
0.820888078587149,5.56602398267096,0.742573690329905
-4.02644602332022,19.7714542422615,-0.104722665003955
4.88278608809624,19.432144509768,0.353388268994462
-2.43430264681035,18.4825046795084,4.35338826899446
-2.43430264681035,15.1603529269129,2.04798097966218
-0.813797681349374,9.84741547720046,0.763518223330696
-1.62050496546097,2.25347214174981,0.152703644666139
0.806707284111599,-6.79392811334253,1.21553724366851
-0.806707284111599,-13.5483665944873,-0.089870045663766
2.44139304404812,-12.4246194956647,0.410129954336234
0.00709039723777494,-11.2122932207722,-2.41622186799684
1.65595695164985,-12.9284365850468,-1.91622186799684
-0.813797681349374,-15.5822638913716,0.889185421335443
-0.813797681349374,-15.5822638913716,0.889185421335443
-0.799616886873824,-14.146740804044,1.75742630967009
2.4201218523348,-1.69458756439087,0.520944533000791
0.806707284111599,-2.54967027447583,0.347296355333861
0,0,0

StrokePoints: 26
0,0,0
-0.813797681349374,-0.296198132726024,0.5
-8.09543443006709,-1.76523290814677,1.30540728933228
-7.28872714595549,-2.33009542961039,1.47905546699921
-7.28872714595549,-2.33009542961039,1.47905546699921
-8.90923211141646,-0.0766232878605861,1.63175911166535
-11.3293539637513,3.60277202954249,0.937166400997626
-8.88796091970314,8.36280284600066,0.700684624328323
-8.06707284111599,13.9288268286716,1.44325831465823
-12.0935188644362,33.7002810709331,1.33853564965427
-7.21073277633996,53.1324255807011,1.69192391864874
-9.64503542315031,71.6149302602095,6.0453121876432
-12.0793380699607,86.7752831871224,8.09329316730538
-12.89313575131,96.6226986643228,8.85681139063608
-14.513640716771,98.8761708060726,9.00951503530221
-13.7069334326594,92.0822426927301,10.2250522789707
-14.513640716771,78.5338760982428,10.135182233307
-12.0722476727229,66.1092566025781,10.5453121876432
-12.0651572754851,54.8969633818059,8.12909031964636
-10.4092003238353,41.9685267967591,6.21286845164953
-11.2229980051846,26.3862629053875,7.10205387298497
-12.036795686534,10.8039990140158,7.99123929432041
-12.8364125734078,-3.34274179002816,9.7486656039905
-10.416290721073,-5.03732935441903,10.2696101369913
-9.60958343696144,-7.58699962889486,10.6169064923252
-9.60958343696144,-7.58699962889486,10.6169064923252

Velocities: 25
0,0,0
0,6,-2
0,-1,0
0,0,0
0,1,1
0,3,1
5,5,0
6,7,0
0,6,9
7,7,7
6,7,8
5,6,6
3,3,4
0,1,1
-2,-3,-2
-3,-2,-6
-3,-3,-5
-4,-3,-5
-5,-1,-6
0,0,-8
0,0,-8
-5,-3,-5
0,-3,0
0,-1,-1
0,0,0

InverseVelocities: 25
0,0,0
0,-5,1
0,0,0
0,0,0
0,0,0
0,0,0
0,0,0
0,0,0
0,0,0
0,0,0
0,0,0
0,0,0
0,0,0
0,0,0
0,0,0
0,0,0
0,0,0
0,0,0
0,0,0
0,0,0
0,0,0
0,0,0
0,0,0
0,0,0
0,0,0
