GestureName: tap_up
Duration(ms): 987
Handedness: right

SpeakerAngles: 6
55
-55
0
0
110
-110

SpeakerElevations: 6
-10
-10
-10
0
30
30

InterpretedPoints: 21
-1.62759536269875,-2.57720401846426,1.17364817766693
-4.06189800950909,-16.1925939891377,4.43107448733702
-7.32417913214436,-35.4662090861218,7.70944533000791
-10.5793698575419,-34.8187453326929,5.05674168534177
-8.14506721073151,-36.6234678730375,8.88309350767484
-8.95177449484311,-33.4814013331096,7.53579715234098
-1.62050496546097,-19.1634801210304,-0.0270364466613926
-3.24810032815972,-3.06544325206729,-0.284462756331487
-0.806707284111599,-1.69458756439087,0.520944533000791
-0.806707284111599,-0.564862521463623,0.17364817766693
0,2.20438259787765,0.958110933998418
-2.44139304404812,3.03790950807887,1.11081457866456
-0.820888078587148,19.9970070312316,0.179740091327532
-0.813797681349374,25.5726309255769,2.63785102532595
-1.62050496546097,26.3451124036966,5.29055466999209
-0.806707284111599,24.6565027834104,4.96420284765902
-1.60632417098542,21.0381528980889,3.15879555832674
-4.88278608809624,13.2030789178891,1.39527733499604
2.4201218523348,6.40915080454655,2.61081457866456
-0.806707284111599,0.564862521463623,-0.17364817766693
0,0,0

StrokePoints: 22
0,0,0
-1.62759536269875,-2.57720401846426,1.17364817766693
-5.68949337220784,-18.769798007602,5.60472266500395
-13.0136725043522,-54.2360070937238,13.3141679950119
-23.5930423618941,-89.0547524264168,18.3709096803536
-31.7381095726256,-125.678220299454,27.2540031880285
-40.6898840674687,-159.159621632564,34.7898003403695
-42.3103890329297,-178.323101753594,34.7627638937081
-45.5584893610894,-181.388545005662,34.4783011373766
-46.365196645201,-183.083132570052,34.9992456703774
-47.1719039293126,-183.647995091516,35.1728938480443
-47.1719039293126,-181.443612493638,36.1310047820427
-49.6132969733607,-178.40570298556,37.2418193607073
-50.4341850519478,-158.408695954328,37.4215594520348
-51.2479827332972,-132.836065028751,40.0594104773608
-52.8684876987582,-106.490952625054,45.3499651473529
-53.6751949828698,-81.834449841644,50.3141679950119
-55.2815191538552,-60.7962969435551,53.4729635533386
-60.1643052419514,-47.593218025666,54.8682408883347
-57.7441833896166,-41.1840672211195,57.4790554669992
-58.5508906737282,-40.6192046996558,57.3054072893323
-58.5508906737282,-40.6192046996558,57.3054072893323

Velocities: 21
0,0,-1
-5,-4,-5
-9,-9,-12
-10,-10,-12
-9,-10,-12
-9,-9,-11
-7,-6,-7
-4,-3,0
-2,-1,0
-1,0,0
3,3,0
4,4,0
8,7,7
9,9,10
9,10,11
9,10,10
7,10,8
5,5,5
4,1,3
0,1,0
0,0,0

InverseVelocities: 21
0,0,0
0,0,0
0,0,0
0,0,0
0,0,0
0,0,0
0,0,0
0,0,0
0,0,0
0,0,0
0,0,0
0,0,0
0,0,0
0,0,0
0,0,0
0,0,0
0,0,0
0,0,0
0,0,0
0,0,0
0,0,0
