GestureName: tap_left
Duration(ms): 1222
Handedness: right

SpeakerAngles: 6
55
-55
0
0
110
-110

SpeakerElevations: 6
-10
-10
-10
0
30
30

InterpretedPoints: 26
1.6134145682232,0.537328777475199,0.652703644666139
7.28872714595549,0.454727545509927,3.13175911166535
11.3506251554646,0.427193801521503,3.95811093399842
14.5845446891488,17.3862913246743,3.02703644666139
14.5916350863865,11.4258901215329,4.39527733499604
13.7991085967505,0.454727545509927,3.13175911166535
15.3841615760226,-6.21348773609986,1.91012995433623
13.7494758160861,-25.1454371240554,1.32025990867247
12.1360612478629,-22.5682331055912,0.146611731005537
8.88796091970314,-21.1698436739263,0.125667198004746
3.21973873920862,-10.4673454866409,1.06283359900237
0,-3.96961550602442,0.347296355333861
0,0,0
-0.813797681349374,3.67341737329839,0.152703644666139
0.813797681349374,7.64303287932281,-0.194592710667721
-8.90214171417869,18.0553108779869,0.395277334996045
-12.9427685319745,20.0185628311154,0.200684624328324
-15.3841615760226,3.84390267429167,2.08987004566377
-16.2192304490853,10.7479657635879,-2.43107448733703
0,0,0
0,0,0
-7.32417913214436,2.66578319453421,-4.5
-2.44139304404812,2.66578319453421,-4.5
-3.2551907253975,1.77718879635614,-3
-1.62759536269875,0.592396265452048,-1
0,0,0

StrokePoints: 27
0,0,0
1.6134145682232,0.537328777475199,0.652703644666139
8.90214171417869,0.992056322985126,3.78446275633149
20.2527668696433,1.41925012450663,7.7425736903299
34.837311558792,18.8055414491809,10.7696101369913
49.4289466451785,30.2314315707138,15.1648874719873
63.228055241929,30.6861591162237,18.2966465836527
78.6122168179516,24.4726713801239,20.2067765379889
92.3616926340377,-0.672765743931556,21.5270364466614
104.497753881901,-23.2409988495227,21.6736481776669
113.385714801604,-44.4108425234491,21.7993153756717
116.605453540812,-54.87818801009,22.862148974674
116.605453540812,-58.8478035161144,23.2094453300079
116.605453540812,-58.8478035161144,23.2094453300079
115.791655859463,-55.174386142816,23.362148974674
116.605453540812,-47.5313532634932,23.1675562640063
107.703311826634,-29.4760423855063,23.5628335990024
94.7605432946591,-9.45747955439098,23.7635182233307
79.3763817186366,-5.61357688009931,25.8533882689945
63.1571512695513,5.13438888348859,23.4223137816574
63.1571512695513,5.13438888348859,23.4223137816574
63.1571512695513,5.13438888348859,23.4223137816574
55.8329721374069,7.8001720780228,18.9223137816574
53.3915790933588,10.465955272557,14.4223137816574
50.1363883679613,12.2431440689132,11.4223137816574
48.5087930052626,12.8355403343652,10.4223137816574
48.5087930052626,12.8355403343652,10.4223137816574

Velocities: 26
2,0,0
5,0,0
6,0,0
11,2,7
9,1,5
5,0,0
0,-11,0
0,-12,-10
-1,-11,-9
0,-9,-9
0,-5,-4
0,0,-2
0,0,0
0,0,2
0,0,4
0,7,8
0,11,8
0,11,0
2,10,2
0,0,0
0,0,0
0,0,0
0,0,0
0,0,0
0,0,0
0,0,0

InverseVelocities: 26
0,0,0
0,0,0
0,0,0
0,0,0
0,0,0
0,0,0
0,0,0
0,0,0
0,0,0
0,0,0
0,0,0
0,0,0
0,0,0
0,0,0
0,0,0
0,0,0
0,0,0
0,0,0
0,0,0
0,0,0
0,0,0
0,0,0
0,0,0
0,0,0
0,0,0
0,0,0
