GestureName: tap_right
Duration(ms): 1457
Handedness: right

SpeakerAngles: 6
55
-55
0
0
110
-110

SpeakerElevations: 6
-10
-10
-10
0
30
30

InterpretedPoints: 31
-0.806707284111599,0.564862521463623,-0.17364817766693
-4.05480761227132,4.21074615077359,0.805407289332278
-8.10252482730486,11.267360708749,0.763518223330696
-12.1431516451006,13.2306126618775,0.568925512662975
-16.2121400518475,5.0502510050795,0.110814578664557
-21.0736549482304,1.72212130837929,-1.34729635533386
-25.1568241494528,-4.22270203898296,0.889185421335442
-19.4744211744828,-2.1493151099008,-2.61081457866456
-12.2069652202406,2.66578319453421,-4.5
-8.13797681349374,3.55437759271229,-6
-2.46975463299922,-0.186063156772327,-2.80540728933228
-4.05480761227132,-2.39044575464997,-3.7635182233307
0.00709039723777494,0.916128142166496,-2.32635182233307
0.813797681349374,-0.833526910201223,-0.152703644666139
0,0,0
0,0,0
-2.4201218523348,1.69458756439087,-0.520944533000791
7.30999833766881,2.44551324262682,2.11081457866456
7.27454635147994,3.36164138479332,-0.215537243668512
0,0,0
15.3841615760226,2.06671387793552,5.08987004566377
16.1979592573719,19.6337855223194,4.02703644666139
16.1979592573719,21.6185932753316,3.85338826899446
19.4318787910561,1.22720902362961,5.78446275633149
21.880362232342,-7.38632437879458,2.21553724366851
11.336444360989,-22.6568122816611,3.47296355333861
12.1431516451006,-17.792624433354,0.778370842670886
4.04062681779577,-11.8872907181895,1.06283359900237
2.4201218523348,-9.6338185764397,1.21553724366851
0.806707284111599,-2.54967027447583,0.347296355333861
0,0,0

StrokePoints: 32
0,0,0
-0.806707284111599,0.564862521463623,-0.17364817766693
-4.86151489638292,4.77560867223721,0.631759111665348
-12.9640397236878,16.0429693809863,1.39527733499604
-25.1071913687884,29.2735820428638,1.96420284765902
-41.3193314206359,34.3238330479433,2.07501742632358
-62.3929863688663,36.0459543563226,0.727721070989716
-87.5498105183192,31.8232523173396,1.61690649232516
-107.024231692802,29.6739372074388,-0.993908086339399
-119.231196913043,32.339720401973,-5.4939080863394
-127.369173726536,35.8940979946853,-11.4939080863394
-129.838928359535,35.708034837913,-14.2993153756717
-133.893735971807,33.317589083263,-18.0628335990024
-133.886645574569,34.2337172254295,-20.3891854213354
-133.07284789322,33.4001903152283,-20.5418890660016
-133.07284789322,33.4001903152283,-20.5418890660016
-133.07284789322,33.4001903152283,-20.5418890660016
-135.492969745554,35.0947778796191,-21.0628335990024
-128.182971407886,37.540291122246,-18.9520190203378
-120.908425056406,40.9019325070393,-19.1675562640063
-120.908425056406,40.9019325070393,-19.1675562640063
-105.524263480383,42.9686463849748,-14.0776862183426
-89.3263042230111,62.6024319072942,-10.0506497716812
-73.1283449656392,84.2210251826258,-6.19726150268671
-53.6964661745831,85.4482342062554,-0.41279874635522
-31.8161039422411,78.0619098274608,1.80273849731329
-20.479659581252,55.4050975457996,5.2757020506519
-8.3365079361514,37.6124731124457,6.05407289332279
-4.29588111835563,25.7251823942562,7.11690649232516
-1.87575926602083,16.0913638178165,8.33244373599367
-1.06905198190924,13.5416935433406,8.67974009132753
-1.06905198190924,13.5416935433406,8.67974009132753

Velocities: 31
0,1,0
0,2,2
0,5,5
0,9,5
-1,8,1
-5,7,0
-9,1,0
-8,0,0
0,0,0
0,0,0
0,-4,0
-6,-4,0
-1,0,0
-1,-1,0
0,0,0
0,0,0
0,3,0
5,3,0
7,0,0
0,0,0
11,0,0
11,0,9
11,0,10
10,-4,1
4,-9,-2
-2,-10,-8
0,-9,-7
0,-4,-5
0,-3,-4
0,-1,-1
0,0,0

InverseVelocities: 31
0,0,0
0,0,0
0,0,0
0,0,0
0,0,0
0,-6,0
0,0,0
0,0,0
0,0,0
0,0,0
0,0,0
0,0,0
0,0,0
0,0,0
0,0,0
0,0,0
0,0,0
0,0,0
0,0,0
0,0,0
0,0,0
0,0,0
0,0,0
0,0,0
0,0,0
0,0,0
0,0,0
0,0,0
0,0,0
0,0,0
0,0,0
