GestureName: tap_down
Duration(ms): 846
Handedness: right

SpeakerAngles: 6
55
-55
0
0
110
-110

SpeakerElevations: 6
-10
-10
-10
0
30
30

InterpretedPoints: 18
2.43430264681035,7.59394333545065,0.610814578664557
-0.806707284111599,12.2653949758389,3.70068462432832
2.44139304404812,18.4884826236131,3.5060919136606
-11.336444360989,6.66821528160979,1.22162915732911
3.26937151987304,4.94609397323049,2.56892551266297
0,-1.1847925309041,2
0,0,0
0,0,0
-0.813797681349374,-0.296198132726024,0.5
2.44139304404812,-1.48099066363012,2.5
-1.6134145682232,-2.25945008585449,0.694592710667721
7.31708873490659,-28.7057926608724,8.16755626400633
4.07607880398464,-28.7057926608724,8.16755626400633
0,-31.0478439786922,11.3412044416733
-8.95177449484311,-20.968202661375,3.79931537567168
-6.51038145079499,-14.44293893677,2.25742630967009
2.41303145509702,-4.54045597159273,1.36824088833465
0,0,0

StrokePoints: 19
0,0,0
2.43430264681035,7.59394333545065,0.610814578664557
1.62759536269875,19.8593383112895,4.31149920299288
4.06898840674687,38.3478209349026,7.81759111665348
-7.26745595424216,45.0160362165124,9.0392202739826
-3.99808443436912,49.9621301897429,11.6081457866456
-3.99808443436912,48.7773376588388,13.6081457866456
-3.99808443436912,48.7773376588388,13.6081457866456
-3.99808443436912,48.7773376588388,13.6081457866456
-4.81188211571849,48.4811395261127,14.1081457866456
-2.37048907167037,47.0001488624826,16.6081457866456
-3.98390363989357,44.7406987766281,17.3027384973133
3.33318509501302,16.0349061157557,25.4702947613196
7.40926389899767,-12.6708865451167,33.6378510253259
7.40926389899767,-43.7187305238089,44.9790554669992
-1.54251059584545,-64.6869331851839,48.7783708426709
-8.05289204664044,-79.1298721219539,51.035797152341
-5.63986059154341,-83.6703280935466,52.4040380406756
-5.63986059154341,-83.6703280935466,52.4040380406756

Velocities: 18
3,2,3
7,8,4
8,8,7
4,12,0
6,8,0
0,0,0
0,0,0
0,0,0
0,0,0
0,0,0
-3,-1,0
-7,-8,-9
-8,-7,-9
-8,-8,-9
-6,-6,-7
-4,-4,-5
0,-4,-1
0,0,0

InverseVelocities: 18
0,0,0
0,0,0
0,0,0
0,-7,0
0,0,0
0,0,0
0,0,0
0,0,0
0,0,0
0,0,0
0,0,0
0,0,0
0,0,0
0,0,0
0,0,0
0,0,0
0,0,0
0,0,0
