GestureName: tap_right
Duration(ms): 1363
Handedness: right

SpeakerAngles: 6
55
-55
0
0
110
-110

SpeakerElevations: 6
-10
-10
-10
0
30
30

InterpretedPoints: 29
-2.42721224957257,2.81833466321343,-0.0209445330007911
-4.85442449914514,3.65186157341465,0.131759111665348
-8.10252482730486,9.28255295573683,0.937166400997627
-11.336444360989,10.6809423874017,0.916221867996835
-15.4054327677359,5.61511352654312,-0.062833599002373
-11.3577155527024,3.71290700549619,-2.36824088833465
-5.65404138601897,1.10816924304351,-0.368240888334652
-21.8661814378665,0.0826012319652728,-2.47905546699921
-2.44139304404812,-0.888594398178072,1.5
-13.7707470077994,-1.52938510046033,-4.43716640099763
-11.336444360989,-2.74171137535284,-1.61081457866456
0.806707284111599,0.619930009440472,-1.82635182233307
-0.813797681349374,0.296198132726024,-0.5
0,0,0
0.813797681349374,-0.296198132726024,0.5
0.827978475824924,-0.94366188615492,3.15270364466614
4.86860529362069,3.87143641828009,1.2635182233307
8.90923211141646,2.98284202010202,2.7635182233307
4.06898840674687,-2.66578319453421,4.5
5.63277019430564,20.3698284518182,-1.95201902033782
6.51747184803276,8.62313331409856,5.28446275633149
5.70367416668339,-2.39711880579662,4.82635182233307
10.4942850906886,-1.59112563958382,5.80540728933228
8.88087052246536,-8.03976607632816,5.71553724366851
9.71593939552806,-12.3970857516763,-0.416221867996835
7.28163674871771,-10.4398117426525,0.236481776669304
3.23391953368417,-1.39838943166485,0.0209445330007911
0.806707284111599,-0.564862521463623,0.17364817766693
0,0,0

StrokePoints: 30
0,0,0
-2.42721224957257,2.81833466321343,-0.0209445330007911
-7.28163674871771,6.47019623662808,0.110814578664557
-15.3841615760226,15.7527491923649,1.04798097966218
-26.7206059370116,26.4336915797666,1.96420284765902
-42.1260387047475,32.0488051063097,1.90136924865665
-53.4837542574499,35.7617121118059,-0.466871639678005
-59.1377956434688,36.8698813548494,-0.835112528012657
-81.0039770813353,36.9524825868147,-3.31416799501186
-83.4453701253834,36.0638881886366,-1.81416799501186
-97.2161171331828,34.5345030881763,-6.25133439600949
-108.552561494172,31.7927917128235,-7.86214897467405
-107.74585421006,32.4127217222639,-9.68850079700712
-108.55965189141,32.70891985499,-10.1885007970071
-108.55965189141,32.70891985499,-10.1885007970071
-107.74585421006,32.4127217222639,-9.68850079700712
-106.917875734235,31.469059836109,-6.53579715234098
-102.049270440615,35.3404962543891,-5.27227892901028
-93.1400383291982,38.3233382744911,-2.50876070567959
-89.0710499224513,35.6575550799569,1.99123929432041
-83.4382797281457,56.0273835317751,0.0392202739825973
-76.9208078801129,64.6505168458737,5.32368303031408
-71.2171337134295,62.2533980400771,10.1500348526472
-60.722848622741,60.6622724004933,15.9554421419794
-51.8419781002756,52.6225063241651,21.6709793856479
-42.1260387047475,40.2254205724888,21.2547575176511
-34.8444019560298,29.7856088298363,21.4912392943204
-31.6104824223457,28.3872193981715,21.5121838273212
-30.8037751382341,27.8223568767078,21.6858320049881
-30.8037751382341,27.8223568767078,21.6858320049881

Velocities: 29
0,2,1
0,4,1
0,5,4
0,8,4
0,8,1
0,5,0
0,6,-1
-9,6,0
0,0,0
-9,0,0
-8,0,0
0,-1,0
0,0,0
0,0,0
0,0,0
0,2,0
6,4,0
8,2,0
0,0,0
9,0,8
0,1,6
0,1,0
8,-4,0
2,-8,-1
0,-7,-5
0,-6,-4
0,-3,0
0,-1,0
0,0,0

InverseVelocities: 29
0,0,0
0,0,0
0,0,0
0,0,0
0,0,0
0,-1,0
0,-6,0
0,0,0
0,0,0
0,0,0
0,0,0
0,0,0
0,0,0
0,0,0
0,0,0
0,0,0
0,0,0
0,0,0
0,0,0
0,0,0
0,0,0
0,0,0
0,0,0
0,0,0
0,0,0
0,0,0
0,0,0
0,0,0
0,0,0
