GestureName: tap_up
Duration(ms): 1081
Handedness: right

SpeakerAngles: 6
55
-55
0
0
110
-110

SpeakerElevations: 6
-10
-10
-10
0
30
30

InterpretedPoints: 23
-4.06898840674687,-7.91767521216509,0.715537243668512
-9.74430098447916,-16.641343590543,0.452019020337816
-12.1998748230028,-32.5652731909431,5.20944533000791
-0.820888078587149,-30.9406358632662,-2.2696101369913
-8.13797681349374,-32.6902909156339,-0.0959619593243674
2.46266423576145,-30.9957033512431,-0.616906492325159
-0.820888078587149,-28.8583441295516,3.68850079700712
0.806707284111599,-3.19643892086277,-4.7425736903299
3.24810032815972,-13.2641243499706,1.10472266500396
1.6134145682232,-1.12972504292725,0.347296355333861
-1.6134145682232,1.12972504292725,-0.347296355333861
-0.806707284111599,11.0381859522092,-2.08377813200316
0.820888078587149,5.62109147064781,-0.910129954336234
-2.43430264681035,21.9818147842438,0.00609191366060236
0.827978475824924,27.142200765277,-3.18850079700712
-3.24810032815972,27.9146822433967,-0.53579715234098
0.820888078587149,26.4336915797666,1.96420284765902
5.68949337220784,28.2108803761227,-1.03579715234098
0.00709039723777494,15.9388123491372,3.85338826899446
0,12.5556151644602,4.04798097966218
0,7.24865565885246,1.91622186799684
-0.813797681349374,-0.296198132726024,0.5
0,0,0

StrokePoints: 24
0,0,0
-4.06898840674687,-7.91767521216509,0.715537243668512
-13.813289391226,-24.5590188027081,1.16755626400633
-26.0131642142289,-57.1242919936512,6.37700159401424
-26.834052292816,-88.0649278569174,4.10739145702294
-34.9720291063097,-120.755218772551,4.01142949769857
-32.5093648705483,-151.750922123794,3.39452300537342
-33.3302529491354,-180.609266253346,7.08302380238053
-32.5235456650239,-183.805705174209,2.34045011205063
-29.2754453368641,-197.069829524179,3.44517277705458
-27.6620307686409,-198.199554567107,3.79246913238845
-29.2754453368641,-197.069829524179,3.44517277705458
-30.0821526209757,-186.03164357197,1.36139464505142
-29.2612645423886,-180.410552101322,0.451264690715187
-31.6955671891989,-158.428737317079,0.457356604375789
-30.867588713374,-131.286536551802,-2.73114419263133
-34.1156890415337,-103.371854308405,-3.26694134497231
-33.2948009629466,-76.9381627286382,-1.30273849731329
-27.6053075907387,-48.7272823525155,-2.33853564965427
-27.598217193501,-32.7884700033783,1.51485261934019
-27.598217193501,-20.2328548389181,5.56283359900238
-27.598217193501,-12.9841991800656,7.47905546699921
-28.4120148748503,-13.2803973127916,7.97905546699921
-28.4120148748503,-13.2803973127916,7.97905546699921

Velocities: 23
-2,-2,-3
-7,-4,-6
-10,-9,-11
-10,-11,-12
-11,-11,-12
-11,-8,-12
-8,-9,-10
-6,-7,0
-5,-6,-4
0,-2,0
0,2,0
4,5,3
5,6,0
7,8,8
8,10,9
9,10,10
9,10,10
10,9,10
7,8,6
6,6,5
5,5,2
0,0,0
0,0,0

InverseVelocities: 23
0,0,0
0,0,0
0,0,0
0,0,0
0,0,0
0,0,0
0,0,0
0,0,0
0,0,0
0,0,0
0,0,0
0,0,0
0,0,0
0,0,0
0,0,0
0,0,0
0,0,0
0,0,0
0,0,0
0,0,0
0,0,0
0,0,0
0,0,0
