GestureName: tap_left
Duration(ms): 1316
Handedness: right

SpeakerAngles: 6
55
-55
0
0
110
-110

SpeakerElevations: 6
-10
-10
-10
0
30
30

InterpretedPoints: 28
-8.87378012522759,-6.21348773609986,1.91012995433623
0.813797681349374,-0.888594398178072,1.5
4.86860529362069,-0.0550674879768485,1.65270364466614
7.30290794043104,5.87182202707135,1.95811093399842
5.69658376944562,3.88103632995446,2.97905546699921
4.88278608809624,-2.96198132726024,5
9.70884899829029,6.11893061592521,2.2635182233307
18.6464426986578,-3.367619328898,1.06283359900237
15.3770711787848,-5.29735959393336,-0.416221867996835
19.4460595855317,-25.6492542134375,-1.0060919136606
12.95694932645,-20.2812492757483,-1.37433280199525
4.86860529362069,-14.1132291159509,0.0837781320031643
0,-3.96961550602442,0.347296355333861
0,-3.96961550602442,0.347296355333861
-0.806707284111599,0.564862521463623,-0.17364817766693
-0.806707284111599,4.53447802748804,-0.520944533000791
-5.67531257773229,7.85662978008356,1.78446275633149
-4.86860529362069,-0.647463753428896,2.65270364466614
-11.3293539637513,20.6109590965674,-0.799315375671676
-12.9427685319745,4.73249707246974,0.589870045663766
-12.9427685319745,3.60277202954249,0.937166400997627
-9.71593939552806,-4.30530327094824,3.36824088833465
-14.6058158808621,-2.79677886332969,0.0418890660015818
-9.76557217619249,-6.75443848114474,-1.30540728933228
-4.88278608809624,-2.78482297512032,-1.65270364466614
-2.44139304404812,-3.08102110784634,-1.15270364466614
-2.43430264681035,-0.564862521463623,0.17364817766693
0,0,0

StrokePoints: 29
0,0,0
-8.87378012522759,-6.21348773609986,1.91012995433623
-8.05998244387821,-7.10208213427793,3.41012995433623
-3.19137715025752,-7.15714962225478,5.06283359900237
4.11153079017352,-1.28532759518343,7.02094453300079
9.80811455961913,2.59570873477103,10
14.6909006477154,-0.366272592489209,15
24.3997496460057,5.752658023436,17.2635182233307
43.0461923446635,2.385038694538,18.3263518223331
58.4232635234483,-2.91232089939536,17.9101299543362
77.86932310898,-28.5615751128329,16.9040380406756
90.82627243543,-48.8428243885812,15.5297052386804
95.6948777290507,-62.9560535045321,15.6134833706835
95.6948777290507,-66.9256690105565,15.9607797260174
95.6948777290507,-70.8952845165809,16.3080760813513
94.8881704449391,-70.3304219951173,16.1344279036843
94.0814631608275,-65.7959439676292,15.6134833706835
88.4061505830952,-57.9393141875457,17.397946127015
83.5375452894745,-58.5867779409746,20.0506497716812
72.2081913257232,-37.9758188444072,19.2513343960095
59.2654227937488,-33.2433217719374,19.8412044416733
46.3226542617743,-29.6405497423949,20.7783708426709
36.6067148662463,-33.9458530133432,24.1466117310055
22.0008989853842,-36.7426318766729,24.1885007970071
12.2353268091917,-43.4970703578176,22.8830935076748
7.35254072109548,-46.2818933329379,21.2303898630087
4.91114767704736,-49.3629144407843,20.0776862183426
2.47684503023701,-49.9277769622479,20.2513343960095
2.47684503023701,-49.9277769622479,20.2513343960095

Velocities: 28
-11,0,0
0,0,0
2,0,0
3,0,3
0,0,3
0,0,0
8,0,2
0,-10,1
0,-12,0
0,-12,-11
0,-9,-9
-2,-4,-6
0,0,-2
0,0,-2
0,1,0
0,1,2
0,3,4
0,2,0
1,10,8
0,11,0
-1,10,0
-6,1,0
-6,0,0
0,0,-4
0,0,-2
0,0,-2
-1,0,0
0,0,0

InverseVelocities: 28
0,0,0
0,0,0
0,0,0
0,0,0
0,0,0
0,0,0
0,0,0
0,0,-1
0,0,0
0,0,0
0,0,0
0,0,0
0,0,0
0,0,0
0,0,0
0,0,0
0,0,0
0,0,0
0,0,0
0,0,0
0,0,0
0,0,0
0,0,0
0,0,0
0,0,0
0,0,0
0,0,0
0,0,0
