GestureName: tap_left
Duration(ms): 1316
Handedness: right

SpeakerAngles: 6
55
-55
0
0
110
-110

SpeakerElevations: 6
-10
-10
-10
0
30
30

InterpretedPoints: 28
0.806707284111599,0.564862521463623,-0.17364817766693
2.4201218523348,0.509795033486775,1.47905546699921
5.65404138601897,2.50058073060367,0.458110933998418
11.3506251554646,0.427193801521503,3.95811093399842
12.9640397236878,0.964522578996702,4.61081457866456
16.2192304490853,1.55691884444875,3.61081457866456
18.6393523014201,-2.87938009529497,2.52094453300079
14.5703638946732,-9.88690510939825,1.75742630967009
12.9498589292122,-25.3865677688046,0.167556264006329
10.5155562824019,-25.414101512793,0.993908086339398
5.65404138601897,-13.8170309832249,-0.416221867996836
3.24100993092194,-8.47655978952403,0.0418890660015822
-0.00709039723777505,-4.23827989476202,0.0209445330007911
0.806707284111599,-0.564862521463623,0.17364817766693
0,0,0
0,3.96961550602442,-0.347296355333861
-8.10961522454264,10.4063000545594,1.43716640099763
-8.10252482730486,12.0673759308572,2.58987004566377
-12.9427685319745,20.6109590965674,-0.799315375671676
-14.5703638946732,16.0489473250909,0.547980979662184
-12.1431516451006,3.30657389681647,1.43716640099763
-0.813797681349374,-0.296198132726024,0.5
-0.813797681349374,-0.296198132726024,0.5
-4.06898840674687,1.48099066363012,-2.5
-3.2551907253975,1.1847925309041,-2
-4.05480761227132,-0.241130644749175,-1.15270364466614
-0.813797681349374,0.296198132726024,-0.5
0,0,0

StrokePoints: 29
0,0,0
0.806707284111599,0.564862521463623,-0.17364817766693
3.22682913644639,1.0746575549504,1.30540728933228
8.88087052246536,3.57523828555407,1.7635182233307
20.2314956779299,4.00243208707557,5.72162915732911
33.1955354016177,4.96695466607227,10.3324437359937
49.414765850703,6.52387351052102,13.9432583146582
68.0541181521231,3.64449341522606,16.464202847659
82.6244820467963,-6.24241169417219,18.2216291573291
95.5743409760085,-31.6289794629768,18.3891854213354
106.08989725841,-57.0430809757699,19.3830935076748
111.743938644429,-70.8601119589947,18.966871639678
114.984948575351,-79.3366717485188,19.0087607056796
114.977858178114,-83.5749516432808,19.0297052386804
115.784565462225,-84.1398141647444,19.2033534163473
115.784565462225,-84.1398141647444,19.2033534163473
115.784565462225,-80.17019865872,18.8560570610134
107.674950237682,-69.7638986041606,20.2932234620111
99.5724254103776,-57.6965226733034,22.8830935076748
86.6296568784032,-37.085563576736,22.0837781320032
72.05929298373,-21.0366162516451,22.6317591116653
59.9161413386293,-17.7300423548286,24.068925512663
59.10234365728,-18.0262404875547,24.568925512663
58.2885459759306,-18.3224386202807,25.068925512663
54.2195575691837,-16.8414479566506,22.568925512663
50.9643668437862,-15.6566554257465,20.568925512663
46.9095592315149,-15.8977860704956,19.4162218679968
46.0957615501655,-15.6015879377696,18.9162218679968
46.0957615501655,-15.6015879377696,18.9162218679968

Velocities: 28
1,0,0
3,0,0
6,0,0
6,0,0
8,0,0
8,0,0
4,-7,0
0,-11,-2
-2,-12,-10
-2,-11,-10
0,-6,-6
0,-2,-4
0,-1,-2
0,-1,0
0,0,0
0,0,2
0,4,5
0,5,6
0,11,8
0,11,6
0,9,0
0,0,0
0,0,0
0,0,0
0,0,0
-2,0,0
0,0,0
0,0,0

InverseVelocities: 28
0,0,0
0,0,0
0,0,0
0,0,0
0,0,0
0,0,0
0,0,0
0,0,0
0,0,0
0,0,0
0,0,0
0,0,0
0,0,0
0,0,0
0,0,0
0,0,0
0,0,0
0,0,0
0,0,0
0,0,0
0,0,0
0,0,0
0,0,0
0,0,0
0,0,0
0,0,0
0,0,0
0,0,0
