GestureName: tap_right
Duration(ms): 1363
Handedness: right

SpeakerAngles: 6
55
-55
0
0
110
-110

SpeakerElevations: 6
-10
-10
-10
0
30
30

InterpretedPoints: 29
-2.42721224957257,2.81833466321343,-0.0209445330007911
-5.67531257773229,7.05661455797545,-0.0418890660015823
-10.5226466796397,8.99233276711549,0.589870045663766
-12.1431516451006,3.30657389681647,1.43716640099763
-16.197959257372,3.65783951751934,-0.715537243668513
-24.3359360708657,-2.84586840720186,0.847296355333861
-13.7849278022749,-2.17684885388922,-1.78446275633149
-11.3931675388912,2.96198132726024,-5
-11.3931675388912,2.96198132726024,-5
-12.1573324395762,-0.992056322985126,-3.78446275633149
-7.30999833766881,2.12845441705902,-5.15270364466614
-0.806707284111599,-0.564862521463623,0.17364817766693
0,0,0
-5.66822218049452,5.34047119370084,0.458110933998418
-12.1289708506251,8.14322800113522,-0.431074487337025
-0.792526489636049,-0.137668719942121,4.13175911166535
3.2551907253975,-1.1847925309041,2
9.72302979276584,0.427193801521503,3.95811093399842
13.7707470077994,2.12178136591237,3.43716640099763
12.9640397236878,1.5018513564719,5.2635182233307
15.3983423704981,1.52938510046033,4.43716640099763
12.164422836814,-0.94366188615492,3.15270364466614
21.0807453454682,-6.29011102396044,3.54188906600158
10.5226466796397,-3.03790950807887,-1.11081457866456
8.08834403282931,-12.9894820171283,0.583778132003164
5.66113178325674,-10.1711473539149,0.562833599002373
2.42721224957257,-4.80314241622564,0.194592710667721
0.806707284111599,-2.54967027447583,0.347296355333861
0,0,0

StrokePoints: 30
0,0,0
-2.42721224957257,2.81833466321343,-0.0209445330007911
-8.10252482730486,9.87494922118888,-0.0628335990023733
-18.6251715069445,18.8672819883044,0.527036446661393
-30.7683231520452,22.1738558851208,1.96420284765902
-46.9662824094171,25.8316954026402,1.24866560399051
-71.3022184802828,22.9858269954383,2.09596195932437
-85.0871462825577,20.8089781415491,0.31149920299288
-96.4803138214489,23.7709594688093,-4.68850079700712
-107.87348136034,26.7329407960696,-9.68850079700712
-120.030813799916,25.7408844730845,-13.4729635533386
-127.340812137585,27.8693388901435,-18.6256671980047
-128.147519421697,27.3044763686798,-18.4520190203378
-128.147519421697,27.3044763686798,-18.4520190203378
-133.815741602191,32.6449475623807,-17.9939080863394
-145.944712452816,40.7881755635159,-18.4249825736764
-146.737238942452,40.6505068435738,-14.2932234620111
-143.482048217055,39.4657143126697,-12.2932234620111
-133.759018424289,39.8929081141912,-8.33511252801265
-119.98827141649,42.0146894801036,-4.89794612701503
-107.024231692802,43.5165408365755,0.365572096315667
-91.6258893223039,45.0459259370358,4.80273849731329
-79.4614664854899,44.1022640508809,7.95544214197943
-58.3807211400217,37.8121530269204,11.497331207981
-47.8580744603821,34.7742435188416,10.3865166293165
-39.7697304275527,21.7847615017132,10.9702947613196
-34.108598644296,11.6136141477983,11.533128360322
-31.6813863947234,6.81047173157269,11.7277210709897
-30.8746791106118,4.26080145709686,12.0750174263236
-30.8746791106118,4.26080145709686,12.0750174263236

Velocities: 29
0,2,1
0,3,3
0,8,3
0,9,0
-2,9,0
-6,5,-1
-7,0,0
0,0,0
0,0,0
-7,0,0
-2,0,0
-1,0,0
0,0,0
0,4,2
1,12,1
1,4,0
0,0,0
6,0,0
9,0,0
9,1,0
9,0,0
4,-2,0
3,-8,-1
0,-8,0
0,-7,-5
0,-5,-4
0,-2,-2
0,-1,-1
0,0,0

InverseVelocities: 29
0,0,0
0,0,0
0,0,0
0,0,0
0,0,0
0,0,0
0,0,0
0,0,0
0,0,0
0,0,0
0,0,0
0,0,0
0,0,0
0,-2,-2
0,-4,-3
0,-3,0
0,0,0
0,0,0
0,0,0
0,0,0
0,0,0
0,0,0
-5,2,0
0,0,0
0,0,0
0,0,0
0,0,0
0,0,0
0,0,0
