GestureName: tap_down
Duration(ms): 1128
Handedness: right

SpeakerAngles: 6
55
-55
0
0
110
-110

SpeakerElevations: 6
-10
-10
-10
0
30
30

InterpretedPoints: 24
0.806707284111599,-0.0275337439884242,0.826351822333069
3.24100993092195,1.12972504292725,-0.347296355333861
4.06189800950909,7.70407831140434,-2.69459271066772
7.29581754319326,13.6644795145457,-4.06283359900237
4.88278608809624,9.1359794311623,-4.38918542133544
4.88278608809624,1.77718879635614,-3
11.3506251554646,-1.01959006697355,-2.95811093399842
4.03353642055799,1.32246125084622,-6.13175911166535
7.29581754319326,-0.778459422224375,-1.80540728933228
0,0,0
0,0,0
0,0,0
-1.62759536269875,-0.592396265452048,1
-0.813797681349374,-0.296198132726024,0.5
-4.88278608809624,-1.77718879635614,3
-0.813797681349374,-4.44297199089036,7.5
4.03353642055799,-2.50725378175031,8.13175911166535
-6.47492946460611,0.103461924807055,5.28446275633149
-3.29064271158637,0.158529412783903,3.63175911166535
-9.73012019000361,-12.8369305484491,5.06283359900237
-8.10252482730486,-10.2597265299849,3.88918542133544
-4.87569569085847,-6.29011102396044,3.54188906600158
-1.62050496546097,-3.4382646726539,1.84729635533386
0,0,0

StrokePoints: 25
0,0,0
0.806707284111599,-0.0275337439884242,0.826351822333069
4.04771721503354,1.10219129893882,0.479055466999209
8.10961522454264,8.80626961034317,-2.21553724366851
15.4054327677359,22.4707491248888,-6.27837084267088
20.2882188558321,31.6067285560511,-10.6675562640063
25.1710049439284,33.3839173524073,-13.6675562640063
36.521630099393,32.3643272854337,-16.6256671980047
40.555166519951,33.6867885362799,-22.7574263096701
47.8509840631442,32.9083291140556,-24.5628335990024
47.8509840631442,32.9083291140556,-24.5628335990024
47.8509840631442,32.9083291140556,-24.5628335990024
47.8509840631442,32.9083291140556,-24.5628335990024
46.2233887004455,32.3159328486035,-23.5628335990024
45.4095910190961,32.0197347158775,-23.0628335990024
40.5268049309999,30.2425459195213,-20.0628335990024
39.7130072496505,25.799573928631,-12.5628335990024
43.7465436702085,23.2923201468807,-4.43107448733703
37.2716142056024,23.3957820716877,0.853388268994459
33.980971494016,23.5543114844716,4.48514738065981
24.2508513040124,10.7173809360225,9.54798097966218
16.1483264767075,0.45765440603766,13.4371664009976
11.2726307858491,-5.83245661792278,16.9790554669992
9.6521258203881,-9.27072129057669,18.8263518223331
9.6521258203881,-9.27072129057669,18.8263518223331

Velocities: 24
1,0,0
2,0,0
1,0,3
4,0,5
3,3,2
0,0,0
0,-6,0
0,-5,0
0,-4,0
0,0,0
0,0,0
0,0,0
0,0,0
0,0,0
0,0,0
0,0,0
5,0,0
1,6,0
5,0,0
-5,0,-4
-5,0,-3
-3,-2,-1
-1,0,-1
0,0,0

InverseVelocities: 24
0,0,0
0,0,0
0,0,0
0,0,0
0,0,0
0,0,0
0,0,0
0,0,0
0,0,0
0,0,0
0,0,0
0,0,0
0,0,0
0,0,0
0,0,0
0,0,0
0,0,0
0,0,0
0,0,0
0,0,0
0,0,0
0,0,0
0,0,0
0,0,0
