GestureName: tap_back
Duration(ms): 1128
Handedness: right

SpeakerAngles: 6
55
-55
0
0
110
-110

SpeakerElevations: 6
-10
-10
-10
0
30
30

InterpretedPoints: 24
-0.806707284111599,-2.54967027447583,0.347296355333861
0.813797681349374,-7.32527894671305,-0.284462756331488
-2.43430264681035,-15.2154204148897,-0.395277334996045
-4.87569569085847,-20.6109590965674,0.799315375671676
4.88987648533402,-24.2628206699821,0.667556264006328
4.08316920122242,-25.6276984135538,-0.985147380659811
-1.62759536269875,-24.3238661020636,3.16755626400633
6.47492946460611,-15.2369762147735,-0.416221867996836
0,0,0
-0.813797681349374,0.296198132726024,-0.5
0,0,0
0,0,0
0,0,0
0,-1.1847925309041,2
-4.03353642055799,1.04712381096197,2.13175911166535
1.62759536269875,-1.1847925309041,2
2.43430264681035,22.8368974943288,0.179740091327532
1.6134145682232,23.9941562812445,-0.993908086339398
0,22.6017447936843,-1.82025990867247
-2.43430264681035,16.552764414473,2.87433280199525
0.827978475824924,11.5695367855798,-0.583778132003164
-3.23391953368417,5.31293744971241,1.28446275633149
-0.806707284111599,2.49460278649898,1.30540728933228
0,0,0

StrokePoints: 25
0,0,0
-0.806707284111599,-2.54967027447583,0.347296355333861
0.00709039723777505,-9.87494922118888,0.0628335990023731
-2.42721224957257,-25.0903696360786,-0.332443735993672
-7.30290794043104,-45.701328732646,0.466871639678005
-2.41303145509702,-69.9641494026281,1.13442790368433
1.6701377461254,-95.5918478161819,0.149280523024522
0.0425423834266498,-119.915713918245,3.31683678703085
6.51747184803276,-135.152690133019,2.90061491903401
6.51747184803276,-135.152690133019,2.90061491903401
5.70367416668339,-134.856492000293,2.40061491903401
5.70367416668339,-134.856492000293,2.40061491903401
5.70367416668339,-134.856492000293,2.40061491903401
5.70367416668339,-134.856492000293,2.40061491903401
5.70367416668339,-136.041284531197,4.40061491903401
1.6701377461254,-134.994160720235,6.53237403069936
3.29773310882414,-136.178953251139,8.53237403069936
5.73203575563449,-113.34205575681,8.71211412202689
7.34545032385769,-89.3478994755659,7.7182060356875
7.34545032385769,-66.7461546818816,5.89794612701503
4.91114767704734,-50.1933902674085,8.77227892901028
5.73912615287227,-38.6238534818288,8.18850079700712
2.5052066191881,-33.3109160321164,9.4729635533386
1.6984993350765,-30.8163132456174,10.7783708426709
1.6984993350765,-30.8163132456174,10.7783708426709

Velocities: 24
-1,0,-1
-2,-2,-3
-5,-4,-6
-6,-5,-8
-8,-7,-9
-9,-7,-10
-8,-8,-8
0,-5,-7
0,0,0
0,0,0
0,0,0
0,0,0
0,0,0
0,0,0
0,5,0
0,0,0
7,6,9
8,6,9
7,7,8
5,6,7
3,5,4
1,4,2
1,2,1
0,0,0

InverseVelocities: 24
0,0,0
0,0,0
0,0,0
0,0,0
0,0,0
0,0,0
0,0,0
0,0,0
0,0,0
0,0,0
0,0,0
0,0,0
0,0,0
0,0,0
0,0,0
0,0,0
0,0,0
0,0,0
0,0,0
0,0,0
0,0,0
0,0,0
0,0,0
0,0,0
