GestureName: tap_back
Duration(ms): 1222
Handedness: right

SpeakerAngles: 6
55
-55
0
0
110
-110

SpeakerElevations: 6
-10
-10
-10
0
30
30

InterpretedPoints: 26
-0.806707284111599,-4.53447802748804,0.520944533000791
-1.62050496546097,-14.3818935046885,-0.242573690329905
-2.43430264681035,-14.0856953719625,-0.742573690329905
0.00709039723777583,-17.4413588126511,-1.37433280199525
1.6134145682232,-19.5422794857217,2.95201902033782
0,-22.6568122816611,3.47296355333861
4.02644602332022,-18.9714390201534,1.93107448733702
6.46783906736834,-12.1284213629387,-0.0898700456637662
1.62759536269875,0.592396265452048,-1
1.63468575993652,0.323731876714448,-1.32635182233307
1.62759536269875,-1.66705382040245,-0.305407289332279
0,0,0
0,0,0
0,0,0
0.813797681349374,-0.296198132726024,0.5
-1.62759536269875,-0.592396265452048,1
-0.813797681349374,-0.296198132726024,0.5
-5.66113178325674,18.00024339001,2.04798097966218
5.64695098878119,20.0401186309991,0.221629157329114
-1.6134145682232,25.1789488121486,-2.9939080863394
-0.849249667538249,14.9407780820474,0.916221867996835
-4.88987648533402,11.8046894862242,1.41622186799684
0,9.55121734447443,1.2635182233307
-0.806707284111599,5.60913558243844,0.784462756331487
-2.42721224957257,2.22593839776138,0.979055466999209
0,0,0

StrokePoints: 27
0,0,0
-0.806707284111599,-4.53447802748804,0.520944533000791
-2.42721224957257,-18.9163715321765,0.278370842670886
-4.86151489638292,-33.002066904139,-0.464202847659019
-4.85442449914514,-50.4434257167901,-1.83853564965427
-3.24100993092194,-69.9857052025118,1.11348337068354
-3.24100993092194,-92.6425174841729,4.58644692402215
0.785436092398274,-111.613956504326,6.51752141135917
7.25327515976661,-123.742377867265,6.42765136569541
8.88087052246536,-123.149981601813,5.42765136569541
10.5155562824019,-122.826249725099,4.10129954336234
12.1431516451006,-124.493303545501,3.79589225403006
12.1431516451006,-124.493303545501,3.79589225403006
12.1431516451006,-124.493303545501,3.79589225403006
12.1431516451006,-124.493303545501,3.79589225403006
12.95694932645,-124.789501678227,4.29589225403006
11.3293539637513,-125.381897943679,5.29589225403006
10.5155562824019,-125.678096076405,5.79589225403006
4.85442449914514,-107.677852686395,7.84387323369224
10.5013754879263,-87.6377340553959,8.06550239102136
8.88796091970314,-62.4587852432473,5.07159430468196
8.03871125216489,-47.5180071611999,5.9878161726788
3.14883476683087,-35.7133176749757,7.40403804067563
3.14883476683087,-26.1621003305012,8.66755626400633
2.34212748271927,-20.5529647480628,9.45201902033781
-0.0850847668533001,-18.3270263503014,10.431074487337
-0.0850847668533001,-18.3270263503014,10.431074487337

Velocities: 26
-1,0,-2
-4,-3,-6
-4,-3,-6
-6,-5,-7
-4,-6,-7
-6,-6,-8
0,-6,-8
0,-6,-5
0,0,0
-1,0,0
-2,-2,0
0,0,0
0,0,0
0,0,0
0,0,0
0,0,0
0,0,0
2,7,8
7,0,9
6,8,9
5,0,7
4,3,5
3,3,4
2,3,2
0,2,1
0,0,0

InverseVelocities: 26
0,0,0
0,0,0
0,0,0
0,0,0
0,0,0
0,0,0
0,0,0
0,0,0
0,0,0
0,0,0
0,0,0
0,0,0
0,0,0
0,0,0
0,0,0
0,0,0
0,0,0
0,0,0
0,0,0
0,0,0
0,0,0
0,0,0
0,0,0
0,0,0
0,0,0
0,0,0
