GestureName: tap_left
Duration(ms): 1269
Handedness: right

SpeakerAngles: 6
55
-55
0
0
110
-110

SpeakerElevations: 6
-10
-10
-10
0
30
30

InterpretedPoints: 27
-1.6134145682232,1.12972504292725,-0.347296355333861
0,0,0
0,-0.592396265452048,1
4.04771721503354,1.10219129893882,0.479055466999209
6.46783906736834,2.1493151099008,2.61081457866456
5.67531257773229,12.5711930202392,4.91622186799683
15.3841615760226,17.0900931919482,3.52703644666139
15.3912519732604,15.6917037602834,3.54798097966218
8.95177449484311,-2.07338692908217,3.5
17.846825811784,-14.3998273370026,2.29931537567168
12.9498589292122,-29.356183274829,0.51485261934019
12.1360612478629,-26.8005350562485,-0.679740091327532
6.45365827289279,-20.3973621958067,2.77837084267089
1.6134145682232,-9.06895605497608,1.04188906600158
-0.806707284111599,0.564862521463623,-0.17364817766693
-7.30290794043104,7.85662978008356,1.78446275633149
-4.06898840674687,14.3974713604675,1.11081457866456
-13.7636566105616,23.4233158156761,0.027036446661393
-16.1908688601342,14.3328039608163,1.04798097966218
-17.0188473359591,4.76003081645816,-0.236481776669303
-6.51038145079499,-1.1847925309041,2
-11.3931675388912,1.77718879635614,-3
-10.5793698575419,2.07338692908217,-3.5
-5.69658376944562,2.07338692908217,-3.5
-5.67531257773229,-4.47941053951119,-1.13175911166535
0,-1.98480775301221,0.17364817766693
0,0,0

StrokePoints: 28
0,0,0
-1.6134145682232,1.12972504292725,-0.347296355333861
-1.6134145682232,1.12972504292725,-0.347296355333861
-1.6134145682232,0.537328777475199,0.652703644666139
2.43430264681035,1.63952007641402,1.13175911166535
8.90214171417869,3.78883518631482,3.7425736903299
14.577454291911,16.3600282065541,8.65879555832674
29.9616158679336,33.4501213985023,12.1858320049881
45.3528678411939,49.1418251587857,15.7338129846503
54.304642336037,47.0684382297035,19.2338129846503
72.151468147821,32.668610892701,21.533128360322
85.1013270770333,3.31242761787192,22.0479809796622
97.2373883248961,-23.4881074383766,21.3682408883346
103.691046597789,-43.8854696341832,24.1466117310055
105.304461166012,-52.9544256891593,25.1885007970071
104.497753881901,-52.3895631676957,25.0148526193402
97.1948459414695,-44.5329333876121,26.7993153756717
93.1258575347226,-30.1354620271446,27.9101299543362
79.362200924161,-6.71214621146845,27.9371664009976
63.1713320640268,7.62065774934788,28.9851473806598
46.1524847280677,12.380688565806,28.7486656039905
39.6421032772728,11.195896034902,30.7486656039905
28.2489357383815,12.9730848312581,27.7486656039905
17.6695658808397,15.0464717603403,24.2486656039905
11.972982111394,17.1198586894224,20.7486656039905
6.29766953366176,12.6404481499112,19.6169064923252
6.29766953366176,10.655640396899,19.7905546699921
6.29766953366176,10.655640396899,19.7905546699921

Velocities: 27
0,2,0
0,0,0
0,0,0
3,0,0
7,1,0
4,1,7
12,1,7
10,0,7
0,0,0
-4,-12,-3
-2,-12,-12
0,-10,-12
0,-8,-8
0,-2,-4
0,1,0
0,3,4
0,0,8
0,10,10
0,12,5
0,10,0
0,0,0
0,0,0
0,0,0
0,0,0
-3,0,-2
0,0,-1
0,0,0

InverseVelocities: 27
0,0,0
0,0,0
0,0,0
0,0,0
0,0,0
0,0,0
0,0,0
0,0,0
0,0,0
2,0,0
0,0,0
0,0,0
0,0,0
0,0,0
0,0,0
0,0,0
0,0,0
0,0,0
0,0,0
0,0,0
0,0,0
0,0,0
0,0,0
0,0,0
0,0,0
0,0,0
0,0,0
