GestureName: tap_down
Duration(ms): 987
Handedness: right

SpeakerAngles: 6
55
-55
0
0
110
-110

SpeakerElevations: 6
-10
-10
-10
0
30
30

InterpretedPoints: 21
-2.42721224957257,1.96325195312847,-0.194592710667721
-0.813797681349374,9.04740025509234,-1.06283359900237
7.33126952938214,15.5451302357089,-1.77837084267089
8.95886489208089,15.0078014582337,-2.43107448733702
13.813289391226,17.0045650994552,-4.29931537567168
11.4073483333668,6.83341774554033,-3.7364817766693
4.06189800950909,0.619930009440472,-1.82635182233307
-2.43430264681035,-7.20916602665466,-4.43716640099763
3.2551907253975,1.1847925309041,-2
0,0,0
-2.44139304404812,-0.888594398178072,1.5
-0.813797681349373,-3.25817945998626,5.5
-3.21973873920862,-0.433866852668145,4.63175911166535
-8.90923211141646,-1.59112563958382,5.80540728933228
-9.74430098447916,-4.36037075892509,5.02094453300079
-8.93759370036756,-12.8644642924375,5.88918542133544
-12.2069652202406,-19.258037241205,4.14661173100554
2.44139304404812,-14.6840695815192,1.10472266500396
-4.88278608809624,-15.0353352022221,3.25742630967009
-0.813797681349374,-5.39553868167769,1.19459271066772
0,0,0

StrokePoints: 22
0,0,0
-2.42721224957257,1.96325195312847,-0.194592710667721
-3.24100993092194,11.0106522082208,-1.25742630967009
4.09025959846019,26.5557824439297,-3.03579715234098
13.0491244905411,41.5635839021633,-5.466871639678
26.8624138817671,58.5681490016186,-9.76618701534968
38.2697622151339,65.4015667471589,-13.502668792019
42.331660224643,66.0214967565993,-15.3290206143521
39.8973575778326,58.8123307299447,-19.7661870153497
43.1525483032301,59.9971232608488,-21.7661870153497
43.1525483032301,59.9971232608488,-21.7661870153497
40.711155259182,59.1085288626707,-20.2661870153497
39.8973575778327,55.8503494026844,-14.7661870153497
36.677618838624,55.4164825500163,-10.1344279036843
27.7683867272076,53.8253569104325,-4.32902061435205
18.0240857427284,49.4649861515074,0.691923918648737
9.08649204236084,36.6005218590699,6.58110933998418
-3.12047317787976,17.3424846178648,10.7277210709897
-0.679080133831642,2.65841503634561,11.8324437359937
-5.56186622192788,-12.3769201658765,15.0898700456638
-6.37566390327726,-17.7724588475541,16.2844627563315
-6.37566390327726,-17.7724588475541,16.2844627563315

Velocities: 21
1,3,0
3,3,3
5,6,5
4,5,5
9,6,4
4,6,0
0,-1,0
-3,-2,-4
0,0,0
0,0,0
0,0,0
0,0,0
0,5,0
-1,5,0
-3,0,0
-3,-1,-4
-8,-8,-5
-5,-5,-5
-4,-4,-5
-1,-1,-2
0,0,0

InverseVelocities: 21
0,0,0
0,0,0
0,0,0
0,0,0
0,0,0
0,0,0
0,0,0
0,0,0
0,0,0
0,0,0
0,0,0
0,0,0
0,0,0
0,0,0
5,0,0
0,0,0
0,0,0
0,0,0
0,0,0
0,0,0
0,0,0
