GestureName: tap_back
Duration(ms): 1128
Handedness: right

SpeakerAngles: 6
55
-55
0
0
110
-110

SpeakerElevations: 6
-10
-10
-10
0
30
30

InterpretedPoints: 24
-10.4871946934508,2.24387223007544,-1.56283359900237
1.6134145682232,-14.6505578934261,-0.568925512662975
-2.43430264681035,-16.552764414473,-2.87433280199525
0,-25.7713450776006,3.9939080863394
6.51038145079499,-28.5011005647441,0.68850079700712
-1.6134145682232,-26.9010701205278,4.34120444167326
2.43430264681035,-20.6444707846605,2.47296355333861
1.6134145682232,-11.0537638079883,1.21553724366851
-0.813797681349374,0.296198132726024,-0.5
0,0,0
0,0,0
-0.813797681349374,-0.296198132726024,0.5
4.05480761227132,0.241130644749175,1.15270364466614
-0.813797681349374,-1.48099066363012,2.5
4.02644602332022,1.85311697717477,3.11081457866456
4.04062681779577,14.6290020935424,0.547980979662184
0.00709039723777538,7.52927593579943,0.547980979662184
-0.813797681349374,22.8979429264103,-2.32025990867247
-4.87569569085847,18.0337550781032,0.374332801995254
0.00709039723777538,12.9344145291515,1.06892551266297
-2.42721224957257,5.87779997117604,1.11081457866456
-3.24100993092194,6.17399810390206,0.610814578664557
-0.00709039723777505,2.25347214174981,0.152703644666139
0,0,0

StrokePoints: 25
0,0,0
-10.4871946934508,2.24387223007544,-1.56283359900237
-8.87378012522759,-12.4066856633507,-2.13175911166535
-11.3080827720379,-28.9594500778237,-5.0060919136606
-11.3080827720379,-54.7307951554243,-1.0121838273212
-4.79770132124294,-83.2318957201684,-0.323683030314084
-6.41111588946614,-110.132965840696,4.01752141135917
-3.97681324265579,-130.777436625357,6.49048496469778
-2.36339867443259,-141.831200433345,7.70602220836629
-3.17719635578197,-141.535002300619,7.20602220836629
-3.17719635578197,-141.535002300619,7.20602220836629
-3.17719635578197,-141.535002300619,7.20602220836629
-3.99099403713134,-141.831200433345,7.70602220836629
0.0638135751399758,-141.590069788596,8.85872585303243
-0.749984106209398,-143.071060452226,11.3587258530324
3.27646191711082,-141.217943475051,14.469540431697
7.31708873490659,-126.588941381509,15.0175214113592
7.32417913214436,-119.059665445709,15.5655023910214
6.51038145079499,-96.161722519299,13.2452424823489
1.63468575993652,-78.1279674411959,13.6195752843441
1.6417761571743,-65.1935529120444,14.6885007970071
-0.785436092398273,-59.3157529408683,15.7993153756717
-4.02644602332022,-53.1417548369663,16.4101299543362
-4.03353642055799,-50.8882826952165,16.5628335990024
-4.03353642055799,-50.8882826952165,16.5628335990024

Velocities: 24
-1,12,-2
-3,-5,-6
-6,-5,-7
-7,-7,-9
-8,-8,-11
-9,-7,-9
-6,-7,-7
0,-2,-5
0,0,0
0,0,0
0,0,0
0,0,0
2,0,0
0,0,0
7,1,0
8,4,5
8,9,0
7,7,8
5,6,7
4,5,5
2,4,2
2,4,2
1,0,1
0,0,0

InverseVelocities: 24
0,-7,0
0,0,0
0,0,0
0,0,0
0,0,0
0,0,0
0,0,0
0,0,0
0,0,0
0,0,0
0,0,0
0,0,0
0,0,0
0,0,0
0,0,0
0,0,0
0,0,0
0,0,0
0,0,0
0,0,0
0,0,0
0,0,0
0,0,0
0,0,0
