GestureName: tap_back
Duration(ms): 987
Handedness: right

SpeakerAngles: 6
55
-55
0
0
110
-110

SpeakerElevations: 6
-10
-10
-10
0
30
30

InterpretedPoints: 21
0,-5.09934054895166,0.694592710667721
-0.820888078587149,-14.6230241494377,-1.39527733499604
0.813797681349373,-20.791044309235,-2.85338826899446
5.68949337220784,-25.9514302902682,0.341204441673259
-3.24810032815972,-28.2875036639833,2.66755626400633
-6.46783906736834,-14.9802677142452,1.60472266500395
-1.60632417098542,-4.77560867223722,-0.631759111665348
-3.23391953368417,-1.39838943166485,0.0209445330007911
0,0,0
0,0,0
0.813797681349374,-0.296198132726024,0.5
2.44139304404812,-1.48099066363012,2.5
3.2268291364464,0.482261289498351,2.30540728933228
1.59923377374765,4.65949575217883,4.78446275633149
0.813797681349374,7.85065183597887,2.63175911166535
2.43430264681035,4.43629893974372,1.08987004566377
3.24810032815972,12.6717280845186,-0.104722665003955
-2.4484834412859,10.7084761313901,0.0898700456637662
-1.60632417098542,11.0046742641161,-0.410129954336234
-2.4201218523348,3.08699905195103,0.305407289332279
0,0,0

StrokePoints: 22
0,0,0
0,-5.09934054895166,0.694592710667721
-0.820888078587149,-19.7223646983893,-0.700684624328323
-0.00709039723777583,-40.5134090076244,-3.55407289332279
5.68240297497007,-66.4648392978926,-3.21286845164953
2.43430264681035,-94.7523429618759,-0.545312187643198
-4.03353642055799,-109.732610676121,1.05941047736076
-5.63986059154342,-114.508219348358,0.427651365695408
-8.87378012522759,-115.906608780023,0.448595898696199
-8.87378012522759,-115.906608780023,0.448595898696199
-8.87378012522759,-115.906608780023,0.448595898696199
-8.05998244387821,-116.202806912749,0.948595898696199
-5.61858939983009,-117.683797576379,3.4485958986962
-2.3917602633837,-117.201536286881,5.75400318802848
-0.792526489636048,-112.542040534702,10.53846594436
0.0212711917133261,-104.691388698723,13.1702250560253
2.45557383852367,-100.25508975898,14.2600951016891
5.70367416668339,-87.583361674461,14.1553724366851
3.25519072539749,-76.8748855430709,14.2452424823489
1.64886655441207,-65.8702112789548,13.8351125280127
-0.771255297922723,-62.7832122270038,14.1405198173449
-0.771255297922723,-62.7832122270038,14.1405198173449

Velocities: 21
-1,-1,-2
-4,-5,-6
-6,-6,-9
-7,-8,-10
-7,-6,-11
-8,-2,-5
-3,0,-2
-3,0,0
0,0,0
0,0,0
0,0,0
0,0,0
4,0,0
4,0,3
0,0,5
6,5,0
6,5,4
4,3,4
2,5,4
0,3,1
0,0,0

InverseVelocities: 21
0,0,0
0,0,0
0,0,0
0,0,0
0,0,0
0,0,0
0,0,0
0,0,0
0,0,0
0,0,0
0,0,0
0,0,0
0,0,0
0,0,0
0,0,0
0,0,0
0,0,0
0,0,0
0,0,0
0,0,0
0,0,0
