GestureName: tap_back
Duration(ms): 1034
Handedness: right

SpeakerAngles: 6
55
-55
0
0
110
-110

SpeakerElevations: 6
-10
-10
-10
0
30
30

InterpretedPoints: 22
1.62050496546097,-8.48253773362872,0.889185421335443
0,-14.6505578934261,-0.568925512662975
7.31708873490659,-18.9223494762812,1.12566719800475
-0.813797681349374,-27.4599546978868,3.66755626400633
0.813797681349374,-27.9422159873851,1.36214897467405
8.08834403282931,-22.9135207821894,1.45201902033782
2.43430264681035,-18.385020698806,1.77837084267089
0.813797681349374,0.296198132726024,-0.5
0,0,0
0,0,0
0,0,0
1.62759536269875,-1.1847925309041,2
5.67531257773229,1.63952007641402,1.13175911166535
4.86860529362069,12.1284213629387,0.0898700456637662
0.0141807944755501,1.6119863324256,1.95811093399842
-3.21264834197084,1.6119863324256,1.95811093399842
-1.62050496546097,14.2717585287348,3.54798097966218
-4.06189800950909,13.2306126618775,0.568925512662975
-4.05480761227132,9.84741547720045,0.763518223330696
-3.24810032815972,7.89014146817667,0.110814578664557
-1.62050496546097,0.2686643887376,0.32635182233307
0,0,0

StrokePoints: 23
0,0,0
1.62050496546097,-8.48253773362872,0.889185421335443
1.62050496546097,-23.1330956270548,0.320259908672468
8.93759370036756,-42.055445103336,1.44592710667721
8.12379601901819,-69.5153998012228,5.11348337068354
8.93759370036756,-97.457615788608,6.47563234535759
17.0259377331969,-120.371136570797,7.92765136569541
19.4602403800072,-138.756157269603,9.70602220836629
20.2740380613566,-138.459959136877,9.20602220836629
20.2740380613566,-138.459959136877,9.20602220836629
20.2740380613566,-138.459959136877,9.20602220836629
20.2740380613566,-138.459959136877,9.20602220836629
21.9016334240553,-139.644751667781,11.2060222083663
27.5769460017876,-138.005231591367,12.3377813200316
32.4455512954083,-125.876810228429,12.4276513656954
32.4597320898839,-124.264823896003,14.3857622996938
29.247083747913,-122.652837563578,16.3438732336922
27.6265787824521,-108.381079034843,19.8918542133544
23.564680772943,-95.1504663729652,20.4607797260174
19.5098731606717,-85.3030508957648,21.2242979493481
16.2617728325119,-77.4129094275881,21.3351125280127
14.641267867051,-77.1442450388505,21.6614643503457
14.641267867051,-77.1442450388505,21.6614643503457

Velocities: 22
-2,-3,-3
-4,-4,-6
-5,-6,-7
-7,-7,-10
-9,-9,-10
0,-7,-10
-4,-5,-7
0,0,0
0,0,0
0,0,0
0,0,0
0,0,0
4,1,0
4,2,5
2,4,0
0,6,0
5,6,6
4,5,5
2,4,4
2,3,3
0,1,0
0,0,0

InverseVelocities: 22
0,0,0
0,0,0
0,0,0
0,0,0
0,0,0
0,0,0
0,0,0
0,0,0
0,0,0
0,0,0
0,0,0
0,0,0
0,0,0
0,0,0
0,0,0
0,0,0
0,0,0
0,0,0
0,0,0
0,0,0
0,0,0
0,0,0
