GestureName: tap_right
Duration(ms): 1316
Handedness: right

SpeakerAngles: 6
55
-55
0
0
110
-110

SpeakerElevations: 6
-10
-10
-10
0
30
30

InterpretedPoints: 28
-2.43430264681035,1.95727400902378,0.652703644666139
-4.04771721503354,7.05661455797545,-0.0418890660015822
-11.336444360989,10.6809423874017,0.916221867996835
-10.5226466796397,3.03790950807887,1.11081457866456
-16.2121400518475,1.343321943688,1.63175911166535
-13.7991085967505,-1.63952007641402,-1.13175911166535
-17.8326450173085,-5.58160183845001,-1.61081457866456
-8.13797681349374,3.55437759271229,-6
-16.2050496546097,-1.5018513564719,-5.2635182233307
-5.64695098878119,-3.95403765024536,1.21553724366851
-6.48201986184389,-1.0746575549504,-1.30540728933228
-1.62050496546097,-0.2686643887376,-0.32635182233307
0,0,0
0.806707284111599,0.509795033486775,1.47905546699921
1.62759536269875,-0.592396265452048,1
10.5226466796397,1.85311697717477,3.11081457866456
7.26036555700439,-0.247803695895818,7.43716640099763
8.06707284111599,15.0107283187614,7.87433280199525
16.2050496546097,17.9727096460216,2.87433280199525
9.74430098447916,-0.971195630143344,3.97905546699921
17.0117569387213,2.16489296567985,3.47905546699921
14.5845446891488,-4.78756456044659,1.06283359900237
10.5155562824019,-17.792624433354,0.778370842670886
11.336444360989,-17.2277619118903,0.604722665003955
6.47492946460611,-9.87494922118888,0.0628335990023732
2.4201218523348,-7.64901082342749,1.04188906600158
0,-1.98480775301221,0.17364817766693
0,0,0

StrokePoints: 29
0,0,0
-2.43430264681035,1.95727400902378,0.652703644666139
-6.48201986184389,9.01388856699923,0.610814578664557
-17.8184642228329,19.6948309544009,1.52703644666139
-28.3411109024726,22.7327404624798,2.63785102532595
-44.5532509543201,24.0760624061678,4.2696101369913
-58.3523595510706,22.4365423297537,3.13785102532595
-76.185004568379,16.8549404913037,1.52703644666139
-84.3229813818728,20.409318084016,-4.47296355333861
-100.528031036482,18.9074667275441,-9.7364817766693
-106.174982025264,14.9534290772988,-8.52094453300079
-112.657001887108,13.8787715223484,-9.82635182233307
-114.277506852569,13.6101071336108,-10.1527036446661
-114.277506852569,13.6101071336108,-10.1527036446661
-113.470799568457,14.1199021670975,-8.67364817766693
-111.843204205758,13.5275059016455,-7.67364817766693
-101.320557526119,15.3806228788203,-4.56283359900237
-94.0601919691141,15.1328191829244,2.87433280199526
-85.9931191279982,30.1435475016858,10.7486656039905
-69.7880694733884,48.1162571477074,13.6229984059858
-60.0437684889093,47.1450615175641,17.602053872985
-43.0320115501879,49.3099544832439,21.0811093399842
-28.4474668610392,44.5223899227973,22.1439429389865
-17.9319105786373,26.7297654894434,22.9223137816574
-6.59546621764827,9.50200357755302,23.5270364466614
-0.12053675304216,-0.372945643635855,23.5898700456638
2.29958509929264,-8.02195646706335,24.6317591116653
2.29958509929264,-10.0067642200756,24.8054072893323
2.29958509929264,-10.0067642200756,24.8054072893323

Velocities: 28
0,1,1
0,3,3
0,8,4
0,8,0
-2,7,0
-5,0,0
-8,2,-2
0,0,0
-10,0,0
-7,0,0
-4,0,0
-1,0,0
0,0,0
2,1,0
0,0,0
8,0,0
9,0,0
10,0,8
10,0,8
3,0,0
6,-5,2
0,-9,0
0,-9,-7
0,-8,-7
0,-5,-4
0,-3,-3
0,0,-1
0,0,0

InverseVelocities: 28
0,0,0
0,0,0
0,0,0
0,0,0
0,0,0
0,0,0
0,0,0
0,0,0
0,0,0
0,0,0
0,0,0
0,0,0
0,0,0
0,0,0
0,0,0
0,0,0
0,0,0
0,0,0
0,0,0
0,0,0
0,1,0
0,0,0
0,0,0
0,0,0
0,0,0
0,0,0
0,0,0
0,0,0
