GestureName: tap_down
Duration(ms): 1128
Handedness: right

SpeakerAngles: 6
55
-55
0
0
110
-110

SpeakerElevations: 6
-10
-10
-10
0
30
30

InterpretedPoints: 24
0.820888078587149,1.10219129893882,0.479055466999209
-1.62050496546097,5.31293744971241,1.28446275633149
5.68240297497007,10.7695215634716,-2.41012995433623
4.87569569085847,13.6489016587666,-4.93107448733702
10.5864602547796,7.06857044618482,-1.7364817766693
5.70367416668339,10.293238218078,-5.56283359900237
-1.6134145682232,3.60944508068913,-7.65270364466614
0.813797681349374,4.44297199089036,-7.5
4.06898840674687,1.48099066363012,-2.5
0.813797681349374,1.48099066363012,-2.5
0,0,0
0,0,0
0,0,0
-6.49620065631944,-0.647463753428896,2.65270364466614
-0.813797681349374,-4.44297199089036,7.5
-0.813797681349373,-3.85057572543831,6.5
-5.68949337220784,-2.98951507124866,5.82635182233307
-1.6134145682232,-9.06895605497608,1.04188906600158
-8.12379601901819,-15.9574412884933,6.43107448733702
3.2268291364464,-2.25945008585449,0.694592710667721
-4.06898840674687,-13.3467255819359,3.58377813200316
-1.63468575993652,-5.96040120314131,1.36824088833465
-0.813797681349374,-2.28100588573823,0.67364817766693
0,0,0

StrokePoints: 25
0,0,0
0.820888078587149,1.10219129893882,0.479055466999209
-0.799616886873823,6.41512874865124,1.7635182233307
4.88278608809624,17.1846503121229,-0.646611731005537
9.75848177895471,30.8335519708895,-5.57768621834256
20.3449420337343,37.9021224170743,-7.31416799501187
26.0486162004177,48.1953606351523,-12.8770015940142
24.4352016321945,51.8048057158414,-20.5297052386804
25.2489993135439,56.2477777067318,-28.0297052386804
29.3179877202908,57.7287683703619,-30.5297052386804
30.1317854016402,59.209759033992,-33.0297052386804
30.1317854016402,59.209759033992,-33.0297052386804
30.1317854016402,59.209759033992,-33.0297052386804
30.1317854016402,59.209759033992,-33.0297052386804
23.6355847453207,58.5622952805631,-30.3770015940142
22.8217870639713,54.1193232896727,-22.8770015940142
22.007989382622,50.2687475642344,-16.3770015940142
16.3184960104141,47.2792324929858,-10.5506497716812
14.7050814421909,38.2102764380097,-9.50876070567959
6.58128542317274,22.2528351495164,-3.07768621834256
9.80811455961913,19.9933850636619,-2.38309350767484
5.73912615287227,6.64665948172605,1.20068462432832
4.10444039293574,0.686258278584742,2.56892551266297
3.29064271158637,-1.59474760715349,3.2425736903299
3.29064271158637,-1.59474760715349,3.2425736903299

Velocities: 24
1,2,0
2,3,2
5,3,3
6,5,3
4,5,1
3,4,2
-2,0,0
0,0,0
0,0,0
0,0,0
0,0,0
0,0,0
0,0,0
0,2,0
0,0,0
0,0,0
0,1,0
-2,0,-4
-6,-4,-4
0,-4,0
-4,-4,-4
-1,-2,-2
0,0,-1
0,0,0

InverseVelocities: 24
0,0,0
0,0,0
0,0,0
0,0,0
0,0,0
0,0,0
0,0,0
0,0,0
0,0,0
0,0,0
0,0,0
0,0,0
0,0,0
0,0,0
0,0,0
0,0,0
0,0,0
0,0,0
0,0,0
0,6,0
0,5,0
0,0,0
0,0,0
0,0,0
