GestureName: tap_up
Duration(ms): 987
Handedness: right

SpeakerAngles: 6
55
-55
0
0
110
-110

SpeakerElevations: 6
-10
-10
-10
0
30
30

InterpretedPoints: 21
-3.24810032815972,-8.53760522160557,2.54188906600158
-3.26228112263527,-25.032375287574,8.32025990867247
-15.4621559456381,-35.3560741101681,4.40403804067563
-1.62759536269875,-34.2047932673572,4.07768621834256
4.05480761227132,-33.578885313812,1.40403804067563
-2.4484834412859,-32.0703609061935,-1.92231378165744
-3.24810032815972,-22.4856318736259,-2.33244373599367
2.42721224957257,-14.8916885381753,-1.72162915732911
-1.6134145682232,-6.22906559187891,1.04188906600158
0,0,0
-0.806707284111599,8.77873586635474,-1.38918542133544
0.813797681349374,6.68977108149352,1.2425736903299
1.62759536269875,5.48342275070569,3.22162915732911
-0.79252648963605,23.9115550492792,1.48514738065981
3.26937151987305,30.7054831626217,0.269610136991298
-1.6134145682232,27.1511055699094,6.2696101369913
-1.62050496546097,20.9280179221352,6.46420284765902
-0.799616886873824,27.4048872099099,-2.01485261934019
0.0212711917133257,13.4717433066267,1.72162915732911
0,1.98480775301221,-0.17364817766693
0,0,0

StrokePoints: 22
0,0,0
-3.24810032815972,-8.53760522160557,2.54188906600158
-6.51038145079499,-33.5699805091796,10.862148974674
-21.9725373964331,-68.9260546193477,15.2661870153497
-23.6001327591318,-103.130847886705,19.3438732336922
-19.5453251468605,-136.709733200517,20.7479112743679
-21.9938085881464,-168.78009410671,18.8255974927104
-25.2419089163061,-191.265725980336,16.4931537567168
-22.8146966667336,-206.157414518512,14.7715245993877
-24.4281112349568,-212.38648011039,15.8134136653892
-24.4281112349568,-212.38648011039,15.8134136653892
-25.2348185190684,-203.607744244036,14.4242282440538
-24.421020837719,-196.917973162542,15.6668019343837
-22.7934254750202,-191.434550411836,18.8884310917128
-23.5859519646563,-167.522995362557,20.3735784723726
-20.3165804447832,-136.817512199936,20.6431886093639
-21.9299950130064,-109.666406630026,26.9127987463552
-23.5504999784674,-88.738388707891,33.3770015940142
-24.3501168653412,-61.333501497981,31.362148974674
-24.3288456736279,-47.8617581913543,33.0837781320032
-24.3288456736279,-45.8769504383421,32.9101299543362
-24.3288456736279,-45.8769504383421,32.9101299543362

Velocities: 21
-2,-1,-3
-7,-8,-7
-11,-11,-12
-12,-12,-11
-10,-12,-12
-11,-12,-12
-8,-7,-9
-4,-6,-6
-3,-1,-2
0,0,0
2,3,3
6,6,1
8,8,0
7,10,9
10,12,11
10,12,11
10,11,8
7,9,10
4,7,5
0,0,1
0,0,0

InverseVelocities: 21
0,0,0
0,0,0
0,0,0
0,0,0
0,0,0
0,0,0
0,0,0
0,0,0
0,0,0
0,0,0
0,0,0
0,0,0
0,0,0
0,0,0
0,0,0
0,0,0
0,0,0
0,0,0
0,0,0
0,0,0
0,0,0
