GestureName: tap_front
Duration(ms): 987
Handedness: right

SpeakerAngles: 6
55
-55
0
0
110
-110

SpeakerElevations: 6
-10
-10
-10
0
30
30

InterpretedPoints: 21
-1.62050496546097,4.23827989476202,-0.0209445330007911
-5.65404138601897,3.09297699605572,-0.541889066001582
-5.64695098878119,21.8173074273552,-2.77837084267089
-5.63277019430564,21.1698436739263,-0.125667198004746
4.91114767704734,29.3011157868522,1.13785102532595
-1.62050496546097,19.3710990776865,2.85338826899446
-0.813797681349373,15.6917037602834,3.54798097966218
-0.806707284111599,9.52368360048601,2.08987004566377
-2.42721224957257,5.34047119370084,0.458110933998418
0,0,0
-1.62759536269875,-8.75120212236632,0.562833599002373
-2.42721224957257,-13.2246347177728,-1.41622186799684
-0.813797681349374,-16.8764962911875,-1.54798097966218
-0.799616886873824,-17.4138250686627,-2.20068462432832
-4.05480761227132,-18.0062213341147,-1.20068462432832
0.771255297922723,-15.8018387362371,-0.242573690329905
1.60632417098542,-15.2920437027503,1.2364817766693
3.2268291364464,-14.1682966039277,1.7364817766693
4.04771721503354,-11.0262300639999,0.389185421335443
1.62050496546097,-4.23827989476202,0.0209445330007911
0,0,0

StrokePoints: 22
0,0,0
-1.62050496546097,4.23827989476202,-0.0209445330007911
-7.27454635147994,7.33125689081773,-0.562833599002373
-12.9214973402611,29.148564318173,-3.34120444167326
-18.5542675345668,50.3184079920993,-3.466871639678
-13.6431198575194,79.6195237789515,-2.32902061435205
-15.2636248229804,98.990622856638,0.524367654642407
-16.0774225043298,114.682326616921,4.07234863430459
-16.8841297884414,124.206010217407,6.16221867996836
-19.3113420380139,129.546481411108,6.62032961396677
-19.3113420380139,129.546481411108,6.62032961396677
-20.9389374007127,120.795279288742,7.18316321296915
-23.3661496502853,107.570644570969,5.76694134497231
-24.1799473316346,90.6941482797816,4.21896036531013
-24.9795642185085,73.2803232111189,2.01827574098181
-29.0343718307798,55.2741018770042,0.817591116653483
-28.2631165328571,39.4722631407671,0.575017426323578
-26.6567923618716,24.1802194380168,1.81149920299288
-23.4299632254252,10.0119228340891,3.54798097966219
-19.3822460103917,-1.01430722991079,3.93716640099763
-17.7617410449307,-5.25258712467281,3.95811093399842
-17.7617410449307,-5.25258712467281,3.95811093399842

Velocities: 21
0,1,2
0,6,0
0,7,9
0,9,9
6,10,12
6,7,8
5,5,7
3,4,4
1,3,2
0,0,0
-3,-3,-3
-4,-2,-6
-5,-5,-7
-7,-5,-7
-7,-5,-7
0,-6,-7
0,-3,-7
0,-4,-6
0,-3,-5
0,-1,-2
0,0,0

InverseVelocities: 21
0,0,0
0,-5,0
0,-5,0
0,0,0
0,0,0
0,0,0
0,0,0
0,0,0
0,0,0
0,0,0
0,0,0
0,0,0
0,0,0
0,0,0
0,0,0
0,0,0
0,0,0
0,0,0
0,0,0
0,0,0
0,0,0
