GestureName: tap_back
Duration(ms): 1034
Handedness: right

SpeakerAngles: 6
55
-55
0
0
110
-110

SpeakerElevations: 6
-10
-10
-10
0
30
30

InterpretedPoints: 22
-2.4201218523348,1.69458756439087,-0.520944533000791
-2.37757946890815,12.5407324157231,-4.56283359900237
0.813797681349374,-14.3543597607001,-1.06892551266297
-2.43430264681035,-16.552764414473,-2.87433280199525
7.31708873490659,-24.821705247341,-0.00609191366060147
-1.62050496546097,-27.9697497313736,2.18850079700712
1.62759536269875,-31.4080144040275,4.03579715234098
-2.3917602633837,-18.6477071434389,0.604722665003955
0,-7.93923101204883,0.694592710667721
0,0,0
-0.813797681349374,-0.296198132726024,0.5
-3.2551907253975,-1.1847925309041,2
-1.62759536269875,4.38485341933655,5.30540728933228
1.62759536269875,11.5240692092773,2.78446275633149
0.813797681349374,-2.07338692908217,3.5
-5.69658376944562,23.0504943950895,2.15879555832674
-2.4484834412859,21.4444860067686,-0.646611731005537
0,15.1878866709013,1.22162915732911
0,13.2030789178891,1.39527733499604
-2.43430264681035,2.49460278649898,1.30540728933228
-0.813797681349374,1.68860962028618,0.32635182233307
0,0,0

StrokePoints: 23
0,0,0
-2.4201218523348,1.69458756439087,-0.520944533000791
-4.79770132124294,14.235319980114,-5.08377813200316
-3.98390363989357,-0.119039780586107,-6.15270364466614
-6.41820628670391,-16.6718041950591,-9.02703644666139
0.898882448202675,-41.4935094424001,-9.03312836032199
-0.721622517258297,-69.4632591737737,-6.84462756331487
0.905972845440451,-100.871273577801,-2.80883041097389
-1.48578741794324,-119.51898072124,-2.20410774596994
-1.48578741794324,-127.458211733289,-1.50951503530222
-1.48578741794324,-127.458211733289,-1.50951503530222
-2.29958509929262,-127.754409866015,-1.00951503530222
-5.55477582469011,-128.939202396919,0.990484964697782
-7.18237118738886,-124.554348977582,6.29589225403006
-5.55477582469011,-113.030279768305,9.08035501036155
-4.74097814334074,-115.103666697387,12.5803550103615
-10.4375619127864,-92.0531723022978,14.7391505686883
-12.8860453540723,-70.6086862955292,14.0925388376828
-12.8860453540723,-55.4207996246279,15.3141679950119
-12.8860453540723,-42.2177207067388,16.7094453300079
-15.3203480008826,-39.7231179202399,18.0148526193402
-16.134145682232,-38.0345082999537,18.3412044416733
-16.134145682232,-38.0345082999537,18.3412044416733

Velocities: 22
0,3,0
-2,7,4
-4,-4,-6
-6,-5,-7
-6,-7,-10
-9,-8,-10
-9,-9,-11
-7,0,-8
0,0,-4
0,0,0
0,0,0
0,0,0
0,0,4
0,0,7
0,0,0
8,8,9
7,6,8
5,5,6
5,5,5
1,2,1
0,0,1
0,0,0

InverseVelocities: 22
0,-2,0
0,-6,-3
0,0,0
0,2,0
0,0,0
0,0,0
0,0,0
0,0,0
0,0,0
0,0,0
0,0,0
0,0,0
0,0,0
0,0,0
0,0,0
0,0,0
0,0,0
0,0,0
0,0,0
0,0,0
0,0,0
0,0,0
