GestureName: tap_front
Duration(ms): 1081
Handedness: right

SpeakerAngles: 6
55
-55
0
0
110
-110

SpeakerElevations: 6
-10
-10
-10
0
30
30

InterpretedPoints: 23
-0.813797681349374,-0.296198132726024,0.5
2.3917602633837,-5.13883018114946,3.21553724366851
-0.806707284111599,0.564862521463623,-0.17364817766693
-3.2268291364464,2.25945008585449,-0.694592710667721
-5.66113178325674,2.23191634186607,0.131759111665348
3.2551907253975,5.59355772665939,-0.0837781320031643
1.62759536269875,16.0860809807537,1.43716640099763
4.88278608809624,23.4017600157924,0.00609191366060186
-0.813797681349374,18.3909986429107,-2.62566719800475
-4.06189800950909,14.5679566614608,3.04798097966218
0.00709039723777527,8.48253773362872,-0.889185421335443
0,-1.98480775301221,0.17364817766693
-0.806707284111599,-4.53447802748804,0.520944533000791
-0.806707284111599,-7.05661455797545,0.0418890660015821
0.00709039723777494,-11.267360708749,-0.763518223330696
1.6134145682232,-14.6505578934261,-0.568925512662975
-1.62050496546097,-17.4413588126511,-1.37433280199525
-6.46074867013056,-19.536301541617,2.10472266500395
-5.64695098878119,-17.8476919213308,2.43107448733702
-1.62759536269875,0.592396265452048,-1
1.60632417098542,-9.33762044371368,0.715537243668512
0,-5.95442325903662,0.520944533000791
0,0,0

StrokePoints: 24
0,0,0
-0.813797681349374,-0.296198132726024,0.5
1.57796258203432,-5.43502831387548,3.71553724366851
0.771255297922723,-4.87016579241186,3.54188906600158
-2.45557383852367,-2.61071570655737,2.84729635533386
-8.11670562178041,-0.378799364691297,2.97905546699921
-4.86151489638292,5.21475836196809,2.89527733499604
-3.23391953368417,21.3008393427218,4.33244373599367
1.64886655441207,44.7025993585142,4.33853564965427
0.835068873062699,63.0935980014249,1.71286845164953
-3.22682913644639,77.6615546628858,4.76084943131171
-3.21973873920862,86.1440923965145,3.87166400997627
-3.21973873920862,84.1592846435023,4.0453121876432
-4.02644602332022,79.6248066160142,4.56625672064399
-4.83315330743182,72.5681920580388,4.60814578664557
-4.82606291019404,61.3008313492898,3.84462756331488
-3.21264834197084,46.6502734558637,3.2757020506519
-4.83315330743182,29.2089146432126,1.90136924865665
-11.2939019775624,9.67261310159554,4.0060919136606
-16.9408529663436,-8.17507881973528,6.43716640099763
-18.5684483290423,-7.58268255428323,5.43716640099763
-16.9621241580569,-16.9203029979969,6.15270364466614
-16.9621241580569,-22.8747262570335,6.67364817766693
-16.9621241580569,-22.8747262570335,6.67364817766693

Velocities: 23
0,0,0
0,-7,0
0,1,0
0,4,0
0,5,0
6,6,0
0,0,9
7,7,9
6,6,6
5,6,6
2,3,3
0,0,-1
-1,0,-2
-2,-1,-3
-3,-2,-5
-3,-5,-6
-6,-5,-7
-7,0,-8
-7,0,-7
0,0,0
0,-3,-4
0,0,-3
0,0,0

InverseVelocities: 23
0,0,0
0,6,0
0,0,0
0,0,0
0,0,0
0,0,0
0,0,0
0,0,0
0,0,0
0,0,0
0,0,0
0,0,0
0,0,0
0,0,0
0,0,0
0,0,0
0,0,0
0,0,0
0,0,0
0,0,0
0,0,0
0,0,0
0,0,0
