GestureName: tap_up
Duration(ms): 1222
Handedness: right

SpeakerAngles: 6
55
-55
0
0
110
-110

SpeakerElevations: 6
-10
-10
-10
0
30
30

InterpretedPoints: 26
3.2835523143486,0.659419641638269,-4.34729635533386
-0.792526489636048,2.28698382984292,-1.52094453300079
0,0,0
0,0,0
0,0,0
-1.62759536269875,0.592396265452048,-1
-2.39885066062147,-13.169567229796,-3.06892551266297
-2.43430264681035,-25.8412953143145,-2.96420284765902
-0.820888078587149,-27.2337068018747,-3.79055466999209
1.62759536269875,-34.4124122240132,1.25133439600949
2.44139304404812,-32.131406338275,0.577686218342562
-8.13797681349374,-33.8200159585612,0.251334396009493
-1.62050496546097,-11.5659148180101,3.14661173100554
-2.4201218523348,-7.34321277902711,2.25742630967009
-1.6134145682232,-1.12972504292725,0.347296355333861
-0.806707284111599,2.82431260731812,-0.868240888334652
-1.6134145682232,6.77835025756348,-2.08377813200316
0.00709039723777583,24.1526856940284,2.63785102532595
1.62759536269875,28.4579889649766,-0.730389863008702
1.62759536269875,35.0048084894653,-2.25133439600949
0.813797681349374,34.7086103567393,-1.75133439600949
1.63468575993652,35.3285403661797,-3.57768621834256
-1.59923377374765,28.2384141201112,-1.86214897467405
-4.06189800950909,9.85339342130514,-0.0837781320031643
-0.806707284111599,5.66420307041529,-0.868240888334652
0,0,0

StrokePoints: 27
0,0,0
3.2835523143486,0.659419641638269,-4.34729635533386
2.49102582471255,2.94640347148119,-5.86824088833465
2.49102582471255,2.94640347148119,-5.86824088833465
2.49102582471255,2.94640347148119,-5.86824088833465
2.49102582471255,2.94640347148119,-5.86824088833465
0.863430462013799,3.53879973693324,-6.86824088833465
-1.53542019860767,-9.63076749286274,-9.93716640099763
-3.96972284541802,-35.4720628071773,-12.9013692486566
-4.79061092400517,-62.705769609052,-16.6919239186487
-3.16301556130642,-97.1181818330652,-15.4405895226392
-0.7216225172583,-129.24958817134,-14.8629033042967
-8.85959933075204,-163.069604129901,-14.6115689082872
-10.480104296213,-174.635518947911,-11.4649571772816
-12.9002261485478,-181.978731726939,-9.20753086761155
-14.513640716771,-183.108456769866,-8.86023451227769
-15.3203480008826,-180.284144162548,-9.72847540061235
-16.9337625691058,-173.505793904984,-11.8122535326155
-16.926672171868,-149.353108210956,-9.17440250728956
-15.2990768091693,-120.895119245979,-9.90479237029826
-13.6714814464705,-85.890310756514,-12.1561267663078
-12.8576837651212,-51.1817003997747,-13.9074611623172
-11.2229980051846,-15.853160033595,-17.4851473806598
-12.8222317789323,12.3852540865162,-19.3472963553339
-16.8841297884414,22.2386475078213,-19.431074487337
-17.690837072553,27.9028505782366,-20.2993153756717
-17.690837072553,27.9028505782366,-20.2993153756717

Velocities: 26
0,4,-2
0,3,0
0,0,0
0,0,0
0,0,0
0,0,0
-7,-1,-6
-10,-9,-10
-9,-10,-11
-12,-12,-12
-12,-12,-11
-12,-12,-12
-11,-10,0
-8,-5,0
-2,0,0
2,3,0
5,7,0
9,10,9
12,12,9
12,12,12
12,12,12
11,12,12
7,11,10
4,5,3
1,2,2
0,0,0

InverseVelocities: 26
0,-2,1
0,-1,0
0,0,0
0,0,0
0,0,0
0,0,0
0,0,0
0,0,0
0,0,0
0,0,0
0,0,0
0,0,0
0,0,0
0,0,0
0,0,0
0,0,0
0,0,0
0,0,0
0,0,0
0,0,0
0,0,0
0,0,0
0,0,0
0,0,0
0,0,0
0,0,0
