GestureName: tap_down
Duration(ms): 987
Handedness: right

SpeakerAngles: 6
55
-55
0
0
110
-110

SpeakerElevations: 6
-10
-10
-10
0
30
30

InterpretedPoints: 21
0,1.12972504292725,-0.347296355333861
6.48201986184389,10.6809423874017,0.916221867996835
11.3860771416535,14.7116033255076,-1.93107448733702
6.51038145079499,16.8125239985782,-6.25742630967009
4.89696688257179,3.49931010473544,-4.34729635533386
9.74430098447916,-1.28825445571115,-3.28446275633149
6.51038145079499,2.36958506180819,-4
5.69658376944562,2.07338692908217,-3.5
0,0,0
0,0,0
0,0,0
-3.23391953368417,1.39838943166485,-0.0209445330007911
-5.69658376944562,-2.07338692908217,3.5
-0.813797681349374,-5.03536825634241,8.5
-0.813797681349373,-5.62776452179445,9.5
-4.86151489638292,-4.95276702437713,6.02094453300079
-4.86151489638292,-9.9419725973751,3.41012995433623
-7.31708873490659,-22.7513694018358,7.64661173100554
-11.3648059499401,-13.9056101592948,2.91012995433623
-3.24810032815972,-8.53760522160557,2.54188906600158
0,0,0

StrokePoints: 22
0,0,0
0,1.12972504292725,-0.347296355333861
6.48201986184389,11.8106674303289,0.568925512662975
17.8680970034973,26.5222707558366,-1.36214897467405
24.3784784542923,43.3347947544148,-7.61957528434414
29.2754453368641,46.8341048591502,-11.966871639678
39.0197463213433,45.5458504034391,-15.2513343960095
45.5301277721383,47.9154354652472,-19.2513343960095
51.2267115415839,49.9888223943294,-22.7513343960095
51.2267115415839,49.9888223943294,-22.7513343960095
51.2267115415839,49.9888223943294,-22.7513343960095
51.2267115415839,49.9888223943294,-22.7513343960095
47.9927920078997,51.3872118259943,-22.7722789290103
42.2962082384541,49.3138248969121,-19.2722789290103
41.4824105571047,44.2784566405697,-10.7722789290103
40.6686128757554,38.6506921187752,-1.27227892901028
35.8070979793724,33.6979250943981,4.74866560399051
30.9455830829895,23.755952497023,8.15879555832674
23.6284943480829,1.00458309518721,15.8054072893323
12.2636883981428,-12.9010270641076,18.7155372436685
9.01558806998308,-21.4386322857132,21.2574263096701
9.01558806998308,-21.4386322857132,21.2574263096701

Velocities: 21
1,1,0
6,2,4
5,4,5
4,4,5
0,2,0
-2,-5,0
0,0,0
0,0,0
0,0,0
0,0,0
0,0,0
0,3,0
0,0,0
0,0,0
0,0,0
-3,0,0
-6,-3,-2
-8,-7,-6
-5,-1,-5
-2,-1,-3
0,0,0

InverseVelocities: 21
0,0,0
0,0,0
0,0,0
0,0,0
0,0,0
0,0,0
0,0,0
0,0,0
0,0,0
0,0,0
0,0,0
0,0,0
0,0,0
0,0,0
0,0,0
0,0,0
0,0,0
0,0,0
0,0,0
0,0,0
0,0,0
