GestureName: tap_down
Duration(ms): 1128
Handedness: right

SpeakerAngles: 6
55
-55
0
0
110
-110

SpeakerElevations: 6
-10
-10
-10
0
30
30

InterpretedPoints: 24
-1.6134145682232,0.537328777475199,0.652703644666139
0.00709039723777516,5.31293744971241,1.28446275633149
-1.62050496546097,10.7419878194832,-1.58377813200316
8.95886489208089,13.2976360380637,-2.77837084267089
13.02076290159,11.6030484736729,-2.25742630967009
7.30999833766881,7.76512374348588,-5.19459271066772
-1.63468575993652,3.28571320397469,-6.32635182233307
4.88278608809624,1.77718879635614,-3
4.88278608809624,1.77718879635614,-3
1.62759536269875,0.592396265452048,-1
0,0,0
0,0,0
1.62759536269875,-0.592396265452048,1
-4.06898840674687,-1.48099066363012,2.5
-3.2835523143486,3.27904015282804,2.2635182233307
-1.62759536269875,-1.88732377230984,6.30540728933228
-6.48911025908167,-2.15598816104744,5.97905546699921
-3.2268291364464,-6.22906559187891,1.04188906600158
-14.6270870725754,-14.1862304362418,4.27837084267088
-5.69658376944562,-15.6612431557672,5.93107448733702
-5.69658376944562,-13.084039137303,4.75742630967009
-2.42721224957257,-9.04740025509234,1.06283359900237
-1.62050496546097,-2.25347214174981,-0.152703644666139
0,0,0

StrokePoints: 25
0,0,0
-1.6134145682232,0.537328777475199,0.652703644666139
-1.60632417098542,5.85026622718761,1.93716640099763
-3.2268291364464,16.5922540466708,0.353388268994462
5.73203575563449,29.8898900847346,-2.42498257367642
18.7527986572245,41.4929385584074,-4.68240888334652
26.0627969948933,49.2580623018933,-9.87700159401424
24.4281112349568,52.543775505868,-16.2033534163473
29.310897323053,54.3209643022241,-19.2033534163473
34.1936834111492,56.0981530985803,-22.2033534163473
35.821278773848,56.6905493640323,-23.2033534163473
35.821278773848,56.6905493640323,-23.2033534163473
35.821278773848,56.6905493640323,-23.2033534163473
37.4488741365467,56.0981530985803,-22.2033534163473
33.3798857297999,54.6171624349501,-19.7033534163473
30.0963334154513,57.8962025877782,-17.4398351930166
28.4687380527525,56.0088788154684,-11.1344279036843
21.9796277936709,53.8528906544209,-5.15537243668512
18.7527986572245,47.623825062542,-4.11348337068354
4.12571158464906,33.4375946263002,0.164887471987344
-1.57087218479655,17.776351470533,6.09596195932437
-7.26745595424217,4.69231233322999,10.8533882689945
-9.69466820381474,-4.35508792186235,11.9162218679968
-11.3151731692757,-6.60856006361215,11.7635182233307
-11.3151731692757,-6.60856006361215,11.7635182233307

Velocities: 24
0,2,0
2,3,2
4,5,3
6,7,3
5,5,3
2,0,2
0,-1,0
0,0,0
0,0,0
0,0,0
0,0,0
0,0,0
0,0,0
0,0,0
7,3,0
2,2,0
0,3,0
-4,0,-2
-8,-5,-3
-5,-5,-4
-5,-5,-3
-4,-2,-3
-1,0,-1
0,0,0

InverseVelocities: 24
0,0,0
0,0,0
0,0,0
0,0,0
0,0,0
0,0,0
0,0,0
0,0,0
0,0,0
0,0,0
0,0,0
0,0,0
0,0,0
0,0,0
0,0,0
0,0,0
0,0,0
0,0,0
0,0,0
0,0,0
0,0,0
0,0,0
0,0,0
0,0,0
