GestureName: swipe_up
Duration(ms): 564
Handedness: right

SpeakerAngles: 2
55
-55

InterpretedPoints: 12
1.6134145682232,1.12972504292725
0.806707284111599,0.564862521463623
0.806707284111599,0.564862521463623
4.03353642055799,2.82431260731812
0,0
0.806707284111599,6.21348773609986
4.03353642055799,7.34321277902711
6.45365827289279,4.51890017170899
4.03353642055799,3.95403765024537
3.2268291364464,3.38917512878174
0.806707284111599,2.82431260731812
0,0

StrokePoints: 13
177.6,130.333333333333
175.986585431777,129.203608290406
175.179878147665,128.638745768942
174.373170863554,128.073883247479
170.339634442996,125.249570640161
170.339634442996,125.249570640161
169.532927158884,119.036082904061
165.499390738326,111.692870125034
159.045732465433,107.173969953325
155.012196044875,103.219932303079
151.785366908429,99.8307571742976
150.978659624317,97.0064445669795
150.978659624317,97.0064445669795

Velocities: 12
2,0
1,0
1,0
5,0
0,0
6,5
9,4
8,0
6,1
5,1
3,2
0,0

InverseVelocities: 12
0,0
0,0
0,0
0,0
0,0
0,0
0,0
0,0
0,0
0,0
0,0
0,0
