GestureName: swipe_up
Duration(ms): 564
Handedness: right

SpeakerAngles: 2
55
-55

InterpretedPoints: 12
0.806707284111599,0.564862521463623
0.806707284111599,0.564862521463623
1.6134145682232,1.12972504292725
5.64695098878119,3.95403765024536
2.4201218523348,1.69458756439087
0,0
3.2268291364464,2.25945008585449
-0.806707284111599,1.69458756439087
0,0
2.4201218523348,1.69458756439087
0.806707284111599,0.564862521463623
0,0

StrokePoints: 13
177.6,130.333333333333
176.793292715888,129.76847081187
175.986585431777,129.203608290406
174.373170863554,128.073883247479
168.726219874772,124.119845597233
166.306098022438,122.425258032843
166.306098022438,122.425258032843
163.079268885991,120.165807946988
163.885976170103,118.471220382597
163.885976170103,118.471220382597
161.465854317768,116.776632818206
160.659147033656,116.211770296743
160.659147033656,116.211770296743

Velocities: 12
1,0
1,0
2,0
7,0
3,0
0,0
4,0
1,2
0,0
3,0
1,0
0,0

InverseVelocities: 12
0,0
0,0
0,0
0,0
0,0
0,0
0,0
0,0
0,0
0,0
0,0
0,0
