GestureName: swipe_down
Duration(ms): 470
Handedness: right

SpeakerAngles: 2
55
-55

InterpretedPoints: 10
0,-1.12972504292725
0.806707284111599,-2.82431260731812
-0.806707284111599,-3.95403765024536
1.6134145682232,-4.51890017170899
4.03353642055799,-2.82431260731812
3.2268291364464,-2.25945008585449
0,0
0,0
4.03353642055799,-2.82431260731812
0,0

StrokePoints: 11
177.6,130.333333333333
177.6,131.463058376261
176.793292715888,134.287370983579
177.6,138.241408633824
175.986585431777,142.760308805533
171.953049011219,145.584621412851
168.726219874773,147.844071498706
168.726219874773,147.844071498706
168.726219874773,147.844071498706
164.692683454215,150.668384106024
164.692683454215,150.668384106024

Velocities: 10
-1,-1
-2,-3
-4,-3
-3,-5
0,-5
0,-4
0,0
0,0
0,-5
0,0

InverseVelocities: 10
0,0
0,0
0,0
0,0
0,0
0,0
0,0
0,0
0,0
0,0
