GestureName: swipe_right
Duration(ms): 564
Handedness: right

SpeakerAngles: 2
55
-55

InterpretedPoints: 12
1.6134145682232,1.12972504292725
-3.2268291364464,7.90807530049073
-7.26036555700439,7.34321277902711
-11.2939019775624,5.64862521463624
-12.100609261674,2.82431260731812
-13.7140238298972,-0.564862521463624
-10.4871946934508,-5.08376269317261
-8.87378012522759,-6.21348773609986
-8.87378012522759,-6.21348773609986
-6.45365827289279,-4.51890017170899
-3.2268291364464,-2.25945008585449
0,0

StrokePoints: 13
177.6,130.333333333333
175.986585431777,129.203608290406
179.213414568223,121.295532989915
186.473780125228,113.952320210888
197.76768210279,108.303694996252
209.868291364464,105.479382388934
223.582315194361,106.044244910398
234.069509887812,111.12800760357
242.94329001304,117.34149533967
251.817070138267,123.55498307577
258.27072841116,128.073883247479
261.497557547606,130.333333333333
261.497557547606,130.333333333333

Velocities: 12
2,0
5,9
2,11
-2,12
-5,10
-9,8
-11,2
-11,0
-11,0
-8,0
-4,0
0,0

InverseVelocities: 12
0,0
0,0
0,0
0,0
1,0
2,0
0,0
0,0
0,0
0,0
0,0
0,0
