GestureName: swipe_down
Duration(ms): 470
Handedness: right

SpeakerAngles: 2
55
-55

InterpretedPoints: 10
0,-1.12972504292725
1.6134145682232,-3.38917512878174
0.806707284111599,-2.82431260731812
0.806707284111599,-5.08376269317261
0,-5.64862521463624
2.4201218523348,-5.08376269317261
0.806707284111599,-6.21348773609986
0.806707284111599,-6.21348773609986
-0.806707284111599,-0.564862521463623
0,0

StrokePoints: 11
177.6,130.333333333333
177.6,131.463058376261
175.986585431777,134.852233505042
175.179878147665,137.67654611236
174.373170863554,142.760308805533
174.373170863554,148.408934020169
171.953049011219,153.492696713342
171.146341727107,159.706184449442
170.339634442996,165.919672185542
171.146341727107,166.484534707005
171.146341727107,166.484534707005

Velocities: 10
-1,-1
-2,-4
-2,-3
-4,-5
-5,-5
-3,-6
-5,-6
-5,-6
-1,0
0,0

InverseVelocities: 10
0,0
0,0
0,0
0,0
0,0
0,0
0,0
0,0
0,0
0,0
