GestureName: swipe_left
Duration(ms): 564
Handedness: right

SpeakerAngles: 2
55
-55

InterpretedPoints: 12
2.4201218523348,1.69458756439087
1.6134145682232,1.12972504292725
6.45365827289279,4.51890017170899
6.45365827289279,4.51890017170899
9.68048740933919,2.25945008585449
12.9073165457856,-1.12972504292725
13.7140238298972,-2.82431260731812
10.4871946934508,-6.21348773609986
9.68048740933918,-6.77835025756348
1.6134145682232,-4.51890017170899
4.03353642055799,-2.82431260731812
0,0

StrokePoints: 13
177.6,130.333333333333
175.179878147665,128.638745768942
173.566463579442,127.509020726015
167.112805306549,122.990120554306
160.659147033656,118.471220382597
150.978659624317,116.211770296743
138.071343078532,117.34149533967
124.357319248635,120.165807946988
113.870124555184,126.379295683088
104.189637145845,133.157645940651
102.576222577621,137.67654611236
98.5426861570634,140.500858719679
98.5426861570634,140.500858719679

Velocities: 12
3,0
2,0
8,0
8,0
8,-4
7,-9
6,-11
1,-12
0,-12
-3,-5
0,-5
0,0

InverseVelocities: 12
0,0
0,0
0,0
0,0
0,0
0,0
0,0
-1,0
0,0
0,0
0,0
0,0
