GestureName: swipe_right
Duration(ms): 846
Handedness: right

SpeakerAngles: 2
55
-55

InterpretedPoints: 18
-2.4201218523348,1.69458756439087
0,1.12972504292725
0,2.25945008585449
-0.806707284111599,2.82431260731812
-4.03353642055799,2.82431260731812
-4.03353642055799,2.82431260731812
0.806707284111599,5.08376269317261
-2.4201218523348,-0.564862521463623
-6.45365827289279,-1.12972504292725
-7.26036555700439,-2.82431260731812
-5.64695098878119,-3.95403765024536
-5.64695098878119,-3.95403765024536
-4.03353642055799,-2.82431260731812
-4.03353642055799,-2.82431260731812
-1.6134145682232,-3.38917512878174
-1.6134145682232,-1.12972504292725
-0.806707284111599,-0.564862521463623
0,0

StrokePoints: 19
177.6,130.333333333333
180.020121852335,128.638745768942
180.020121852335,127.509020726015
180.020121852335,125.249570640161
180.826829136446,122.425258032843
184.860365557004,119.600945425524
188.893901977562,116.776632818206
188.087194693451,111.692870125034
190.507316545786,112.257732646497
196.960974818678,113.387457689425
204.221340375683,116.211770296743
209.868291364464,120.165807946988
215.515242353245,124.119845597233
219.548778773803,126.944158204552
223.582315194361,129.76847081187
225.195729762584,133.157645940651
226.809144330808,134.287370983579
227.615851614919,134.852233505042
227.615851614919,134.852233505042

Velocities: 18
0,3
1,1
2,2
2,3
0,5
0,5
5,4
-2,1
-5,3
-7,2
-7,0
-7,0
-5,0
-5,0
-4,-2
-2,0
-1,0
0,0

InverseVelocities: 18
0,0
0,0
0,0
0,0
0,0
0,0
-3,-3
0,0
0,0
0,0
0,0
0,0
0,0
0,0
0,0
0,0
0,0
0,0
