GestureName: swipe_right
Duration(ms): 752
Handedness: right

SpeakerAngles: 2
55
-55

InterpretedPoints: 16
-0.806707284111599,0.564862521463623
-0.806707284111599,1.69458756439087
-3.2268291364464,3.38917512878174
-2.4201218523348,3.95403765024536
-1.6134145682232,9.03780034341798
-1.6134145682232,6.77835025756348
-0.806707284111599,5.08376269317261
-9.68048740933918,-3.38917512878174
-5.64695098878119,-2.82431260731812
-4.84024370466959,-3.38917512878174
-4.84024370466959,-3.38917512878174
-4.03353642055799,-2.82431260731812
-3.2268291364464,-2.25945008585449
-0.806707284111599,-0.564862521463623
-0.806707284111599,-0.564862521463623
0,0

StrokePoints: 17
177.6,130.333333333333
178.406707284112,129.76847081187
179.213414568223,128.073883247479
182.44024370467,124.684708118697
184.860365557004,120.730670468452
186.473780125228,111.692870125034
188.087194693451,104.91451986747
188.893901977562,99.8307571742976
198.574389386902,103.219932303079
204.221340375683,106.044244910398
209.061584080352,109.433420039179
213.901827785022,112.822595167961
217.93536420558,115.646907775279
221.162193342026,117.906357861134
221.968900626138,118.471220382597
222.77560791025,119.036082904061
222.77560791025,119.036082904061

Velocities: 16
0,1
1,2
1,5
2,5
7,9
5,7
4,5
-9,3
-6,1
-6,0
-6,0
-5,0
-4,0
-1,0
-1,0
0,0

InverseVelocities: 16
0,0
0,0
0,0
0,0
-1,0
0,-3
-5,-4
0,-4
0,-4
0,0
0,0
0,0
0,0
0,0
0,0
0,0
