GestureName: swipe_right
Duration(ms): 799
Handedness: right

SpeakerAngles: 2
55
-55

InterpretedPoints: 17
-0.806707284111599,0.564862521463623
-1.6134145682232,1.12972504292725
-1.6134145682232,2.25945008585449
-3.2268291364464,3.38917512878174
-4.84024370466959,3.38917512878174
-5.64695098878119,1.69458756439087
-5.64695098878119,0.564862521463623
-7.26036555700439,-1.69458756439087
-6.45365827289279,-2.25945008585449
-4.84024370466959,-3.38917512878174
-5.64695098878119,-3.95403765024536
-4.84024370466959,-3.38917512878174
-4.84024370466959,-3.38917512878174
-4.03353642055799,-2.82431260731812
-1.6134145682232,-2.25945008585449
-0.806707284111599,-1.69458756439087
0,0

StrokePoints: 18
177.6,130.333333333333
178.406707284112,129.76847081187
180.020121852335,128.638745768942
181.633536420558,126.379295683088
184.860365557004,122.990120554306
189.700609261674,119.600945425524
195.347560250455,117.906357861134
200.994511239236,117.34149533967
208.254876796241,119.036082904061
214.708535069134,121.295532989915
219.548778773803,124.684708118697
225.195729762584,128.638745768942
230.035973467254,132.027920897724
234.876217171924,135.417096026506
238.909753592482,138.241408633824
240.523168160705,140.500858719679
241.329875444816,142.195446284069
241.329875444816,142.195446284069

Velocities: 17
0,1
0,2
1,3
1,5
0,6
-2,5
-3,4
-6,3
-6,2
-6,0
-7,0
-6,0
-6,0
-5,0
-3,-1
-2,-1
0,0

InverseVelocities: 17
0,0
0,0
0,0
0,0
0,0
0,0
2,0
0,-4
0,-4
0,0
0,0
0,0
0,0
0,0
0,0
0,0
0,0
