GestureName: swipe_right
Duration(ms): 611
Handedness: right

SpeakerAngles: 2
55
-55

InterpretedPoints: 13
0.806707284111599,0.564862521463623
0,2.25945008585449
-2.4201218523348,2.82431260731812
-5.64695098878119,5.08376269317261
-3.2268291364464,6.77835025756348
-3.2268291364464,6.77835025756348
-11.2939019775624,-2.25945008585449
-8.87378012522759,-5.08376269317261
-7.26036555700439,-5.08376269317261
-6.45365827289279,-4.51890017170899
-6.45365827289279,-4.51890017170899
-2.4201218523348,-1.69458756439087
0,0

StrokePoints: 14
177.6,130.333333333333
176.793292715888,129.76847081187
176.793292715888,127.509020726015
179.213414568223,124.684708118697
184.860365557004,119.600945425524
188.087194693451,112.822595167961
191.314023829897,106.044244910398
202.60792580746,108.303694996252
211.481705932687,113.387457689425
218.742071489692,118.471220382597
225.195729762584,122.990120554306
231.649388035477,127.509020726015
234.069509887812,129.203608290406
234.069509887812,129.203608290406

Velocities: 13
1,0
2,2
1,4
1,8
4,8
4,8
-9,5
-10,1
-9,0
-8,0
-8,0
-3,0
0,0

InverseVelocities: 13
0,0
0,0
0,0
0,0
-1,0
-6,0
0,0
0,0
0,0
0,0
0,0
0,0
0,0
