GestureName: swipe_down
Duration(ms): 658
Handedness: right

SpeakerAngles: 2
55
-55

InterpretedPoints: 14
0.806707284111599,-0.564862521463623
0.806707284111599,-0.564862521463623
-0.806707284111599,-2.82431260731812
1.6134145682232,-3.38917512878174
0.806707284111599,-3.95403765024536
0.806707284111599,-0.564862521463623
4.03353642055799,-3.95403765024537
4.03353642055799,-2.82431260731812
1.6134145682232,-1.12972504292725
0,0
-0.806707284111599,-0.564862521463623
-0.806707284111599,-1.69458756439087
-0.806707284111599,-0.564862521463623
0,0

StrokePoints: 15
177.6,130.333333333333
176.793292715888,130.898195854797
175.986585431777,131.463058376261
176.793292715888,134.287370983579
175.179878147665,137.67654611236
174.373170863554,141.630583762606
173.566463579442,142.195446284069
169.532927158884,146.149483934315
165.499390738326,148.973796541633
163.885976170103,150.10352158456
163.885976170103,150.10352158456
164.692683454214,150.668384106024
165.499390738326,152.362971670415
166.306098022438,152.927834191878
166.306098022438,152.927834191878

Velocities: 14
0,-1
0,-1
-3,-2
-2,-4
-3,-4
0,-1
-1,-6
0,-5
0,-2
0,0
-1,0
-2,-1
-1,0
0,0

InverseVelocities: 14
0,0
0,0
0,0
0,0
0,0
0,0
0,0
0,0
0,0
0,0
0,0
0,0
0,0
0,0
