GestureName: swipe_left
Duration(ms): 564
Handedness: right

SpeakerAngles: 2
55
-55

InterpretedPoints: 12
2.4201218523348,1.69458756439087
5.64695098878119,3.95403765024536
7.26036555700439,5.08376269317261
8.87378012522759,5.08376269317261
13.7140238298972,0.564862521463624
12.9073165457856,-4.51890017170899
10.4871946934508,-6.21348773609986
7.26036555700439,-8.47293782195435
6.45365827289279,-6.77835025756348
3.2268291364464,-3.38917512878174
1.6134145682232,-1.12972504292725
0,0

StrokePoints: 13
177.6,130.333333333333
175.179878147665,128.638745768942
169.532927158884,124.684708118697
162.27256160188,119.600945425524
153.398781476652,114.517182732352
139.684757646755,113.952320210888
126.777441100969,118.471220382597
116.290246407519,124.684708118697
109.029880850514,133.157645940651
102.576222577621,139.935996198215
99.349393441175,143.325171326997
97.7359788729518,144.454896369924
97.7359788729518,144.454896369924

Velocities: 12
3,0
7,0
9,0
10,-1
9,-8
4,-12
1,-12
-3,-12
-2,-10
-1,-5
0,-2
0,0

InverseVelocities: 12
0,0
0,0
0,0
0,0
0,0
0,0
-3,0
0,0
0,0
0,0
0,0
0,0
