GestureName: swipe_right
Duration(ms): 658
Handedness: right

SpeakerAngles: 2
55
-55

InterpretedPoints: 14
0,1.12972504292725
0.806707284111599,0.564862521463623
0,4.51890017170899
0,6.77835025756348
-2.4201218523348,8.47293782195435
0,12.4269754721997
-10.4871946934508,0.564862521463623
-8.06707284111599,-4.51890017170899
-7.26036555700439,-5.08376269317261
-7.26036555700439,-5.08376269317261
-5.64695098878119,-3.95403765024536
-4.03353642055799,-2.82431260731812
-1.6134145682232,-1.12972504292725
0,0

StrokePoints: 15
177.6,130.333333333333
177.6,129.203608290406
176.793292715888,128.638745768942
176.793292715888,124.119845597233
176.793292715888,117.34149533967
179.213414568223,108.868557517716
179.213414568223,96.4415820455159
189.700609261674,95.8767195240523
197.76768210279,100.395619695761
205.028047659794,105.479382388934
212.288413216799,110.563145082107
217.93536420558,114.517182732352
221.968900626138,117.34149533967
223.582315194361,118.471220382597
223.582315194361,118.471220382597

Velocities: 14
1,1
1,0
4,4
6,6
6,9
11,11
-6,7
-9,1
-9,0
-9,0
-7,0
-5,0
-2,0
0,0

InverseVelocities: 14
0,0
0,0
0,0
0,0
-4,0
-6,0
0,0
0,0
0,0
0,0
0,0
0,0
0,0
0,0
