GestureName: swipe_up
Duration(ms): 235
Handedness: right

SpeakerAngles: 2
55
-55

InterpretedPoints: 5
4.84024370466959,4.51890017170899
4.03353642055799,2.82431260731812
3.2268291364464,2.25945008585449
1.6134145682232,1.12972504292725
0,0

StrokePoints: 6
177.6,130.333333333333
172.75975629533,125.814433161624
168.726219874772,122.990120554306
165.499390738326,120.730670468452
163.885976170103,119.600945425524
163.885976170103,119.600945425524

Velocities: 5
7,1
5,0
4,0
2,0
0,0

InverseVelocities: 5
0,0
0,0
0,0
0,0
0,0
