GestureName: swipe_down
Duration(ms): 611
Handedness: right

SpeakerAngles: 2
55
-55

InterpretedPoints: 13
0,-1.12972504292725
0,-3.38917512878174
-0.806707284111599,-5.08376269317261
0.806707284111599,-5.08376269317261
4.84024370466959,-3.38917512878174
4.84024370466959,-3.38917512878174
4.03353642055799,-2.82431260731812
-2.4201218523348,-1.69458756439087
-3.2268291364464,-2.25945008585449
-3.2268291364464,-2.25945008585449
0,0
0.806707284111599,-0.564862521463623
0,0

StrokePoints: 14
177.6,130.333333333333
177.6,131.463058376261
177.6,134.852233505042
178.406707284112,139.935996198215
177.6,145.019758891388
172.75975629533,148.408934020169
167.919512590661,151.798109148951
163.885976170103,154.622421756269
166.306098022438,156.31700932066
169.532927158884,158.576459406515
172.75975629533,160.835909492369
172.75975629533,160.835909492369
171.953049011219,161.400772013833
171.953049011219,161.400772013833

Velocities: 13
-1,-1
-3,-3
-5,-4
-4,-5
0,-6
0,-6
0,-5
-3,0
-4,0
-4,0
0,0
0,-1
0,0

InverseVelocities: 13
0,0
0,0
0,0
0,0
0,0
0,0
0,0
0,0
0,0
0,0
0,0
0,0
0,0
