GestureName: swipe_up
Duration(ms): 658
Handedness: right

SpeakerAngles: 2
55
-55

InterpretedPoints: 14
-0.806707284111599,0.564862521463623
-1.6134145682232,1.12972504292725
0,0
0,0
3.2268291364464,2.25945008585449
3.2268291364464,2.25945008585449
1.6134145682232,1.12972504292725
0.806707284111599,0.564862521463623
0.806707284111599,0.564862521463623
0,0
0,0
0,0
0.806707284111599,0.564862521463623
0,0

StrokePoints: 15
177.6,130.333333333333
178.406707284112,129.76847081187
180.020121852335,128.638745768942
180.020121852335,128.638745768942
180.020121852335,128.638745768942
176.793292715888,126.379295683088
173.566463579442,124.119845597233
171.953049011219,122.990120554306
171.146341727107,122.425258032843
170.339634442996,121.860395511379
170.339634442996,121.860395511379
170.339634442996,121.860395511379
170.339634442996,121.860395511379
169.532927158884,121.295532989915
169.532927158884,121.295532989915

Velocities: 14
0,1
0,2
0,0
0,0
4,0
4,0
2,0
1,0
1,0
0,0
0,0
0,0
1,0
0,0

InverseVelocities: 14
0,0
0,0
0,0
0,0
0,0
0,0
0,0
-1,0
0,0
0,0
0,0
0,0
0,0
0,0
