GestureName: swipe_right
Duration(ms): 752
Handedness: right

SpeakerAngles: 2
55
-55

InterpretedPoints: 16
-0.806707284111599,1.69458756439087
0,2.25945008585449
-2.4201218523348,5.08376269317261
-4.03353642055799,3.95403765024537
-1.6134145682232,6.77835025756348
-2.4201218523348,6.21348773609986
-1.6134145682232,4.51890017170899
-6.45365827289279,-1.12972504292725
-4.84024370466959,-2.25945008585449
-1.6134145682232,-9.03780034341798
-5.64695098878119,-3.95403765024536
-5.64695098878119,-3.95403765024536
-4.03353642055799,-2.82431260731812
-1.6134145682232,-1.12972504292725
-1.6134145682232,-1.12972504292725
0,0

StrokePoints: 17
177.6,130.333333333333
178.406707284112,128.638745768942
178.406707284112,126.379295683088
180.826829136446,121.295532989915
184.860365557004,117.34149533967
186.473780125228,110.563145082107
188.893901977562,104.349657346007
190.507316545786,99.8307571742976
196.960974818678,100.960482217225
201.801218523348,103.219932303079
203.414633091571,112.257732646497
209.061584080352,116.211770296743
214.708535069134,120.165807946988
218.742071489692,122.990120554306
220.355486057915,124.119845597233
221.968900626138,125.249570640161
221.968900626138,125.249570640161

Velocities: 16
1,2
2,2
3,6
1,6
5,7
4,7
3,5
-5,3
-5,1
-9,-7
-7,0
-7,0
-5,0
-2,0
-2,0
0,0

InverseVelocities: 16
0,0
0,0
0,0
0,0
0,0
-3,0
-4,-4
0,0
0,0
0,0
0,0
0,0
0,0
0,0
0,0
0,0
