GestureName: swipe_up
Duration(ms): 564
Handedness: right

SpeakerAngles: 2
55
-55

InterpretedPoints: 12
0.806707284111599,0.564862521463623
1.6134145682232,2.25945008585449
2.4201218523348,2.82431260731812
0,0
0,0
4.03353642055799,2.82431260731812
3.2268291364464,3.38917512878174
3.2268291364464,2.25945008585449
3.2268291364464,2.25945008585449
1.6134145682232,1.12972504292725
0.806707284111599,0.564862521463623
0,0

StrokePoints: 13
177.6,130.333333333333
176.793292715888,129.76847081187
175.179878147665,127.509020726015
172.75975629533,124.684708118697
172.75975629533,124.684708118697
172.75975629533,124.684708118697
168.726219874772,121.860395511379
165.499390738326,118.471220382597
162.27256160188,116.211770296743
159.045732465433,113.952320210888
157.43231789721,112.822595167961
156.625610613099,112.257732646497
156.625610613099,112.257732646497

Velocities: 12
1,0
3,1
4,1
0,0
0,0
5,0
5,1
4,0
4,0
2,0
1,0
0,0

InverseVelocities: 12
0,0
0,0
0,0
0,0
0,0
0,0
0,0
0,0
0,0
0,0
0,0
0,0
