GestureName: swipe_up
Duration(ms): 517
Handedness: right

SpeakerAngles: 2
55
-55

InterpretedPoints: 11
0.806707284111599,0.564862521463623
1.6134145682232,3.38917512878174
4.84024370466959,3.38917512878174
4.03353642055799,2.82431260731812
5.64695098878119,3.95403765024536
4.03353642055799,3.95403765024537
3.2268291364464,2.25945008585449
3.2268291364464,2.25945008585449
0.806707284111599,0.564862521463623
0.806707284111599,0.564862521463623
0,0

StrokePoints: 12
177.6,130.333333333333
176.793292715888,129.76847081187
175.179878147665,126.379295683088
170.339634442996,122.990120554306
166.306098022438,120.165807946988
160.659147033656,116.211770296743
156.625610613099,112.257732646497
153.398781476652,109.998282560643
150.171952340206,107.738832474788
149.365245056094,107.173969953325
148.558537771983,106.609107431861
148.558537771983,106.609107431861

Velocities: 11
1,0
4,2
6,0
5,0
7,0
6,1
4,0
4,0
1,0
1,0
0,0

InverseVelocities: 11
0,0
0,0
0,0
0,0
0,0
0,0
0,0
0,0
0,0
0,0
0,0
