GestureName: swipe_left
Duration(ms): 752
Handedness: right

SpeakerAngles: 2
55
-55

InterpretedPoints: 16
0.806707284111599,0.564862521463623
1.6134145682232,1.12972504292725
3.2268291364464,2.25945008585449
5.64695098878119,3.95403765024536
5.64695098878119,3.95403765024536
7.26036555700439,2.82431260731812
10.4871946934508,-0.564862521463623
10.4871946934508,-2.82431260731812
11.2939019775624,-5.64862521463624
5.64695098878119,-9.6026628648816
5.64695098878119,-8.47293782195435
1.6134145682232,-7.90807530049073
3.2268291364464,-2.25945008585449
3.2268291364464,-2.25945008585449
1.6134145682232,-1.12972504292725
0,0

StrokePoints: 17
177.6,130.333333333333
176.793292715888,129.76847081187
175.179878147665,128.638745768942
171.953049011219,126.379295683088
166.306098022438,122.425258032843
160.659147033657,118.471220382597
153.398781476652,115.646907775279
142.911586783201,116.211770296743
132.424392089751,119.036082904061
121.130490112188,124.684708118697
115.483539123407,134.287370983579
109.836588134626,142.760308805533
108.223173566403,150.668384106024
104.996344429956,152.927834191878
101.76951529351,155.187284277733
100.156100725287,156.31700932066
100.156100725287,156.31700932066

Velocities: 16
1,0
2,0
4,0
7,0
7,0
7,-2
6,-7
4,-9
2,-12
-5,-12
-4,-11
-6,-8
0,-4
0,-4
0,-2
0,0

InverseVelocities: 16
0,0
0,0
0,0
0,0
0,0
0,0
0,0
0,3
-9,0
0,0
0,0
0,0
0,0
0,0
0,0
0,0
