GestureName: swipe_left
Duration(ms): 705
Handedness: right

SpeakerAngles: 2
55
-55

InterpretedPoints: 15
0.806707284111599,-0.564862521463623
1.6134145682232,1.12972504292725
2.4201218523348,1.69458756439087
3.2268291364464,2.25945008585449
7.26036555700439,5.08376269317261
10.4871946934508,6.21348773609986
16.134145682232,2.2594500858545
12.100609261674,-2.82431260731812
12.100609261674,-5.08376269317261
9.68048740933918,-6.77835025756348
10.4871946934508,-0.564862521463623
5.64695098878119,-6.21348773609986
3.2268291364464,-2.25945008585449
4.84024370466959,-3.38917512878174
0,0

StrokePoints: 16
177.6,130.333333333333
176.793292715888,130.898195854797
175.179878147665,129.76847081187
172.75975629533,128.073883247479
169.532927158884,125.814433161624
162.27256160188,120.730670468452
151.785366908429,114.517182732352
135.651221226197,112.257732646497
123.550611964523,115.082045253815
111.450002702849,120.165807946988
101.76951529351,126.944158204552
91.282320600059,127.509020726015
85.6353696112778,133.722508462115
82.4085404748314,135.98195854797
77.5682967701619,139.371133676751
77.5682967701619,139.371133676751

Velocities: 15
0,-1
2,0
3,0
4,0
9,0
12,-1
12,-8
5,-10
3,-12
0,-12
6,-7
-2,-9
0,-4
0,-6
0,0

InverseVelocities: 15
0,0
0,0
0,0
0,0
0,0
0,0
0,0
-6,0
-6,0
0,0
-4,0
0,0
0,0
0,0
0,0
