GestureName: swipe_left
Duration(ms): 564
Handedness: right

SpeakerAngles: 2
55
-55

InterpretedPoints: 12
1.6134145682232,1.12972504292725
4.84024370466959,3.38917512878174
8.06707284111599,5.64862521463624
8.87378012522759,6.21348773609986
10.4871946934508,1.69458756439087
13.7140238298972,-2.82431260731812
14.5207311140088,-3.38917512878174
14.5207311140088,-3.38917512878174
4.84024370466959,-9.03780034341798
2.4201218523348,-3.95403765024536
3.2268291364464,-2.25945008585449
0,0

StrokePoints: 13
177.6,130.333333333333
175.986585431777,129.203608290406
171.146341727107,125.814433161624
163.079268885991,120.165807946988
154.205488760764,113.952320210888
143.718294067313,112.257732646497
130.004270237416,115.082045253815
115.483539123407,118.471220382597
100.962808009398,121.860395511379
96.1225643047286,130.898195854797
93.7024424523938,134.852233505042
90.4756133159474,137.111683590897
90.4756133159474,137.111683590897

Velocities: 12
2,0
6,0
10,0
11,0
8,-5
6,-11
6,-12
6,-12
-5,-11
-2,-5
0,-4
0,0

InverseVelocities: 12
0,0
0,0
0,0
0,0
0,0
0,0
0,0
-4,0
0,0
0,0
0,0
0,0
