GestureName: swipe_right
Duration(ms): 611
Handedness: right

SpeakerAngles: 2
55
-55

InterpretedPoints: 13
0.806707284111599,1.69458756439087
-0.806707284111599,2.82431260731812
-4.84024370466959,6.77835025756348
-5.64695098878119,7.34321277902711
-3.2268291364464,7.90807530049073
-15.3274383981204,-0.564862521463623
-12.100609261674,-3.95403765024536
-8.87378012522759,-6.21348773609986
-8.87378012522759,-6.21348773609986
-6.45365827289279,-4.51890017170899
-4.03353642055799,-2.82431260731812
0,-2.25945008585449
0,0

StrokePoints: 14
177.6,130.333333333333
176.793292715888,128.638745768942
177.6,125.814433161624
182.44024370467,119.036082904061
188.087194693451,111.692870125034
191.314023829897,103.784794824543
206.641462228018,104.349657346007
218.742071489692,108.303694996252
227.615851614919,114.517182732352
236.489631740147,120.730670468452
242.94329001304,125.249570640161
246.976826433598,128.073883247479
246.976826433598,130.333333333333
246.976826433598,130.333333333333

Velocities: 13
2,1
2,3
3,9
3,10
5,9
-10,9
-11,4
-11,0
-11,0
-8,0
-5,0
-2,-2
0,0

InverseVelocities: 13
0,0
0,0
0,0
-1,0
-6,0
0,-4
0,0
0,0
0,0
0,0
0,0
0,0
0,0
