GestureName: tap_up
Duration(ms): 799
Handedness: right

SpeakerAngles: 2
55
-55

InterpretedPoints: 17
0.806707284111599,0.564862521463623
-2.4201218523348,2.82431260731812
-4.03353642055799,5.08376269317261
0,0
0.806707284111599,8.47293782195435
2.4201218523348,8.47293782195435
4.03353642055799,7.34321277902711
0,0
0,0
0,0
-0.806707284111599,-0.564862521463623
-2.4201218523348,-2.82431260731812
-4.03353642055799,-6.21348773609986
-1.6134145682232,-10.1675253863452
0.806707284111599,-8.47293782195435
-4.84024370466959,-3.38917512878174
0,0

StrokePoints: 18
177.6,130.333333333333
176.793292715888,129.76847081187
179.213414568223,126.944158204552
183.246950988781,121.860395511379
183.246950988781,121.860395511379
182.44024370467,113.387457689425
180.020121852335,104.91451986747
175.986585431777,97.5713070884431
175.986585431777,97.5713070884431
175.986585431777,97.5713070884431
175.986585431777,97.5713070884431
176.793292715888,98.1361696099068
179.213414568223,100.960482217225
183.246950988781,107.173969953325
184.860365557004,117.34149533967
184.053658272893,125.814433161624
188.893901977562,129.203608290406
188.893901977562,129.203608290406

Velocities: 17
1,0
1,4
2,7
0,0
8,7
9,6
9,4
0,0
0,0
0,0
-1,0
-4,-1
-8,-3
-10,-8
-7,-8
-6,0
0,0

InverseVelocities: 17
0,0
0,0
0,0
0,0
0,0
0,0
0,0
0,0
0,0
0,0
0,0
0,0
0,0
0,0
0,0
0,0
0,0
