GestureName: tap_down
Duration(ms): 1410
Handedness: right

SpeakerAngles: 2
55
-55

InterpretedPoints: 30
-8.06707284111599,5.64862521463624
0,0
0,0
0,0
0,-1.12972504292725
-0.806707284111599,-1.69458756439087
-1.6134145682232,-2.25945008585449
-2.4201218523348,-1.69458756439087
0.806707284111599,-5.08376269317261
0,0
0,0
-2.4201218523348,-1.69458756439087
0,0
0,0
0,0
-7.26036555700439,5.08376269317261
0,0
0,0
0,0
2.4201218523348,1.69458756439087
4.03353642055799,2.82431260731812
2.4201218523348,1.69458756439087
1.6134145682232,1.12972504292725
2.4201218523348,2.82431260731812
0.806707284111599,2.82431260731812
1.6134145682232,1.12972504292725
0,0
2.4201218523348,1.69458756439087
0.806707284111599,0.564862521463623
0,0

StrokePoints: 31
177.6,130.333333333333
185.667072841116,124.684708118697
185.667072841116,124.684708118697
185.667072841116,124.684708118697
185.667072841116,124.684708118697
185.667072841116,125.814433161624
186.473780125228,127.509020726015
188.087194693451,129.76847081187
190.507316545786,131.463058376261
189.700609261674,136.546821069433
189.700609261674,136.546821069433
189.700609261674,136.546821069433
192.120731114009,138.241408633824
192.120731114009,138.241408633824
192.120731114009,138.241408633824
192.120731114009,138.241408633824
199.381096671013,133.157645940651
199.381096671013,133.157645940651
199.381096671013,133.157645940651
199.381096671013,133.157645940651
196.960974818678,131.463058376261
192.92743839812,128.638745768942
190.507316545786,126.944158204552
188.893901977562,125.814433161624
186.473780125228,122.990120554306
185.667072841116,120.165807946988
184.053658272893,119.036082904061
184.053658272893,119.036082904061
181.633536420558,117.34149533967
180.826829136446,116.776632818206
180.826829136446,116.776632818206

Velocities: 30
0,10
0,0
0,0
0,0
-1,-1
-2,-1
-3,-1
-3,0
-4,-5
0,0
0,0
-3,0
0,0
0,0
0,0
0,9
0,0
0,0
0,0
3,0
5,0
3,0
2,0
4,1
3,2
2,0
0,0
3,0
1,0
0,0

InverseVelocities: 30
0,0
0,0
0,0
0,0
0,0
0,0
1,0
0,0
0,0
0,0
0,0
0,0
0,0
0,0
0,0
0,0
0,0
0,0
0,0
0,0
0,0
0,0
0,0
0,0
0,0
0,0
0,0
0,0
0,0
0,0
