GestureName: tap_right
Duration(ms): 1457
Handedness: right

SpeakerAngles: 2
55
-55

InterpretedPoints: 31
-0.806707284111599,0.564862521463623
-3.2268291364464,2.25945008585449
-3.2268291364464,3.38917512878174
-2.4201218523348,7.34321277902711
-4.03353642055799,7.34321277902711
-4.03353642055799,7.34321277902711
-14.5207311140088,-3.38917512878174
-9.68048740933918,-6.77835025756348
-9.68048740933918,-6.77835025756348
-3.22682913644639,-11.2972504292725
-1.6134145682232,-10.1675253863452
-3.2268291364464,-2.25945008585449
-3.2268291364464,-2.25945008585449
0,0
0,0
0,0
3.2268291364464,2.25945008585449
1.6134145682232,5.64862521463624
1.6134145682232,7.90807530049073
4.84024370466959,10.1675253863452
9.68048740933918,6.77835025756348
8.87378012522758,7.34321277902711
11.2939019775624,5.64862521463624
15.3274383981204,2.82431260731812
15.3274383981204,-0.564862521463623
19.3609748186784,0
5.64695098878119,-8.47293782195435
4.84024370466959,-6.77835025756348
3.2268291364464,-2.25945008585449
0.806707284111599,-0.564862521463623
0,0

StrokePoints: 32
177.6,130.333333333333
178.406707284112,129.76847081187
181.633536420558,127.509020726015
184.860365557004,124.119845597233
187.280487409339,116.776632818206
191.314023829897,109.433420039179
195.347560250455,102.090207260152
209.868291364464,105.479382388934
219.548778773803,112.257732646497
229.229266183142,119.036082904061
232.456095319589,130.333333333333
234.069509887812,140.500858719679
237.296339024258,142.760308805533
240.523168160705,145.019758891388
240.523168160705,145.019758891388
240.523168160705,145.019758891388
240.523168160705,145.019758891388
237.296339024258,142.760308805533
235.682924456035,137.111683590897
234.069509887812,129.203608290406
229.229266183142,119.036082904061
219.548778773803,112.257732646497
210.674998648576,104.91451986747
199.381096671013,99.265894652834
184.053658272893,96.4415820455159
168.726219874772,97.0064445669795
149.365245056094,97.0064445669795
143.718294067313,105.479382388934
138.878050362643,112.257732646497
135.651221226197,114.517182732352
134.844513942085,115.082045253815
134.844513942085,115.082045253815

Velocities: 31
0,1
0,4
1,5
5,8
4,9
4,9
-12,6
-12,0
-12,0
-12,-8
-10,-8
-4,0
-4,0
0,0
0,0
0,0
4,0
6,4
8,6
12,6
12,0
12,1
12,-2
12,-7
9,-10
12,-12
-4,-11
-3,-9
0,-4
0,-1
0,0

InverseVelocities: 31
0,0
0,0
0,0
-1,0
-3,0
-8,0
0,0
0,0
0,0
0,0
0,0
0,0
0,0
0,0
0,0
0,0
0,0
0,0
0,0
0,0
0,0
0,0
0,0
0,8
0,0
-9,0
0,0
0,0
0,0
0,0
0,0
