GestureName: tap_right
Duration(ms): 1316
Handedness: right

SpeakerAngles: 2
55
-55

InterpretedPoints: 28
-2.4201218523348,1.69458756439087
-0.806707284111599,2.82431260731812
-6.45365827289279,7.90807530049073
-7.26036555700439,7.34321277902711
-14.5207311140088,-1.12972504292725
-13.7140238298972,-3.95403765024537
-9.68048740933918,-6.77835025756348
-8.06707284111599,-7.90807530049073
-2.4201218523348,-9.6026628648816
-6.45365827289279,-4.51890017170899
-2.4201218523348,-5.08376269317261
0,-2.25945008585449
0,0
0.806707284111599,0.564862521463623
3.2268291364464,2.25945008585449
1.6134145682232,7.90807530049073
0,0
9.68048740933918,6.77835025756348
9.68048740933918,6.77835025756348
9.68048740933918,6.77835025756348
14.5207311140088,3.38917512878174
12.9073165457856,0
12.100609261674,-2.82431260731812
11.2939019775624,-5.64862521463624
4.84024370466959,-6.77835025756348
0.806707284111599,-2.82431260731812
1.6134145682232,-1.12972504292725
0,0

StrokePoints: 29
177.6,130.333333333333
180.020121852335,128.638745768942
180.826829136446,125.814433161624
187.280487409339,117.906357861134
194.540852966344,110.563145082107
209.061584080352,111.692870125034
222.77560791025,115.646907775279
232.456095319589,122.425258032843
240.523168160705,130.333333333333
242.94329001304,139.935996198215
249.396948285932,144.454896369924
251.817070138267,149.538659063097
251.817070138267,151.798109148951
251.817070138267,151.798109148951
251.010362854156,151.233246627487
247.783533717709,148.973796541633
246.170119149486,141.065721241142
246.170119149486,141.065721241142
236.489631740147,134.287370983579
226.809144330808,127.509020726015
217.128656921468,120.730670468452
202.60792580746,117.34149533967
189.700609261674,117.34149533967
177.6,120.165807946988
166.306098022438,125.814433161624
161.465854317768,132.592783419188
160.659147033657,135.417096026506
159.045732465433,136.546821069433
159.045732465433,136.546821069433

Velocities: 28
0,3
2,3
3,11
2,11
-10,8
-12,5
-12,0
-12,-2
-10,-7
-8,0
-6,-3
-2,-2
0,0
1,0
4,0
8,6
0,0
12,0
12,0
12,0
12,-6
8,-8
5,-10
2,-12
-3,-9
-2,-3
0,-2
0,0

InverseVelocities: 28
0,0
0,0
0,0
-5,0
0,0
0,0
0,0
0,0
0,0
0,0
0,0
0,0
0,0
0,0
0,0
0,0
0,0
0,0
0,0
0,0
0,0
0,0
-5,0
-3,0
0,0
0,0
0,0
0,0
