GestureName: tap_up
Duration(ms): 846
Handedness: right

SpeakerAngles: 2
55
-55

InterpretedPoints: 18
1.6134145682232,1.12972504292725
1.6134145682232,1.12972504292725
2.4201218523348,1.69458756439087
4.84024370466959,3.38917512878174
-0.806707284111599,6.21348773609986
0,3.38917512878174
0.806707284111599,2.82431260731812
0.806707284111599,0.564862521463623
0,0
0,0
0,0
0.806707284111599,-0.564862521463623
-4.03353642055799,-3.95403765024537
-7.26036555700439,-5.08376269317261
-4.03353642055799,-2.82431260731812
0,0
0,-7.90807530049073
0,0

StrokePoints: 19
177.6,130.333333333333
175.986585431777,129.203608290406
174.373170863554,128.073883247479
171.953049011219,126.379295683088
167.112805306549,122.990120554306
167.919512590661,116.776632818206
167.919512590661,113.387457689425
167.112805306549,110.563145082107
166.306098022438,109.998282560643
166.306098022438,109.998282560643
166.306098022438,109.998282560643
166.306098022438,109.998282560643
165.499390738326,110.563145082107
169.532927158884,114.517182732352
176.793292715888,119.600945425524
180.826829136446,122.425258032843
180.826829136446,122.425258032843
180.826829136446,130.333333333333
180.826829136446,130.333333333333

Velocities: 18
2,0
2,0
3,0
6,0
5,6
3,3
3,2
1,0
0,0
0,0
0,0
0,-1
-6,-1
-9,0
-5,0
0,0
-7,-7
0,0

InverseVelocities: 18
0,0
0,0
0,0
0,0
0,0
0,0
0,0
0,0
0,0
0,0
0,0
0,0
0,0
0,0
0,0
0,0
0,0
0,0
