GestureName: tap_down
Duration(ms): 799
Handedness: right

SpeakerAngles: 2
55
-55

InterpretedPoints: 17
0,-1.12972504292725
0.806707284111599,-3.95403765024536
0.806707284111599,-6.21348773609986
8.87378012522759,-6.21348773609986
0,0
-1.6134145682232,-1.12972504292725
-3.2268291364464,-2.25945008585449
0,0
0,0
1.6134145682232,1.12972504292725
0,0
0,0
0.806707284111599,0.564862521463623
4.84024370466959,9.03780034341798
1.6134145682232,2.25945008585449
1.6134145682232,1.12972504292725
0,0

StrokePoints: 18
177.6,130.333333333333
177.6,131.463058376261
176.793292715888,135.417096026506
175.986585431777,141.630583762606
167.112805306549,147.844071498706
167.112805306549,147.844071498706
168.726219874772,148.973796541633
171.953049011219,151.233246627487
171.953049011219,151.233246627487
171.953049011219,151.233246627487
170.339634442996,150.10352158456
170.339634442996,150.10352158456
170.339634442996,150.10352158456
169.532927158884,149.538659063097
164.692683454214,140.500858719679
163.079268885991,138.241408633824
161.465854317768,137.111683590897
161.465854317768,137.111683590897

Velocities: 17
-1,-1
-3,-4
-5,-6
0,-11
0,0
-2,0
-4,0
0,0
0,0
2,0
0,0
0,0
1,0
11,5
3,1
2,0
0,0

InverseVelocities: 17
0,0
0,0
0,0
0,0
0,0
0,0
0,0
0,0
0,0
0,0
0,0
0,0
0,0
0,0
0,0
0,0
0,0
