GestureName: tap_left
Duration(ms): 1128
Handedness: right

SpeakerAngles: 2
55
-55

InterpretedPoints: 24
1.6134145682232,1.12972504292725
4.84024370466959,3.38917512878174
7.26036555700439,5.08376269317261
9.68048740933918,6.77835025756348
-1.6134145682232,1.12972504292725
12.100609261674,5.08376269317261
19.3609748186784,0
13.7140238298972,-3.95403765024537
6.45365827289279,-7.90807530049073
5.64695098878119,-7.34321277902711
4.84024370466959,-3.38917512878174
0,0
-4.03353642055799,2.82431260731812
-4.03353642055799,9.6026628648816
-4.84024370466959,10.1675253863452
-4.03353642055799,10.7323879078088
-7.26036555700439,6.21348773609986
-9.68048740933918,-6.77835025756348
-9.68048740933918,-6.77835025756348
-9.68048740933918,-6.77835025756348
-0.806707284111599,-9.6026628648816
4.03353642055799,-2.82431260731812
-1.6134145682232,-1.12972504292725
0,0

StrokePoints: 25
177.6,130.333333333333
175.986585431777,129.203608290406
171.146341727107,125.814433161624
163.885976170103,120.730670468452
154.205488760764,113.952320210888
155.818903328987,112.822595167961
143.718294067313,107.738832474788
124.357319248635,107.738832474788
110.643295418737,111.692870125034
104.189637145845,119.600945425524
98.5426861570634,126.944158204552
93.7024424523938,130.333333333333
93.7024424523938,130.333333333333
97.7359788729518,127.509020726015
101.76951529351,117.906357861134
106.609758998179,107.738832474788
110.643295418737,97.0064445669796
117.903660975742,90.7929568308797
127.584148385081,97.5713070884432
137.26463579442,104.349657346007
146.945123203759,111.12800760357
147.751830487871,120.730670468452
143.718294067313,123.55498307577
145.331708635536,124.684708118697
145.331708635536,124.684708118697

Velocities: 24
2,0
6,0
9,0
12,0
0,2
12,-3
12,-12
5,-12
-3,-11
-3,-10
0,-6
0,0
0,5
6,11
6,12
7,12
1,10
-12,0
-12,0
-12,0
-9,-8
0,-5
-2,0
0,0

InverseVelocities: 24
0,0
0,0
0,0
0,0
0,0
0,0
-11,0
-6,0
0,0
0,0
0,0
0,0
0,0
0,0
-1,0
-4,0
-12,-11
0,0
0,0
0,0
0,0
0,0
0,0
0,0
