GestureName: tap_left
Duration(ms): 1551
Handedness: right

SpeakerAngles: 2
55
-55

InterpretedPoints: 33
0.806707284111599,0.564862521463623
1.6134145682232,1.12972504292725
0,0
0,0
-1.6134145682232,-1.12972504292725
-1.6134145682232,-1.12972504292725
1.6134145682232,-2.25945008585449
2.4201218523348,-1.69458756439087
0,0
0,0
0,0
4.84024370466959,3.38917512878174
7.26036555700439,5.08376269317261
8.06707284111599,7.90807530049073
12.100609261674,5.08376269317261
18.5542675345668,0.564862521463625
16.134145682232,-2.2594500858545
8.06707284111599,-4.51890017170899
5.64695098878119,-9.6026628648816
3.2268291364464,-6.77835025756348
0.806707284111599,-0.564862521463623
0,0
0.806707284111599,5.08376269317261
-2.4201218523348,7.34321277902711
-1.6134145682232,11.2972504292725
-2.4201218523348,11.8621129507361
-17.7475602504552,-1.12972504292725
-9.68048740933918,-6.77835025756348
-9.68048740933918,-6.77835025756348
-7.26036555700439,-5.08376269317261
0,-5.64862521463624
-1.6134145682232,-1.12972504292725
0,0

StrokePoints: 34
177.6,130.333333333333
176.793292715888,129.76847081187
175.179878147665,128.638745768942
175.179878147665,128.638745768942
175.179878147665,128.638745768942
176.793292715888,129.76847081187
178.406707284112,130.898195854797
176.793292715888,133.157645940651
174.373170863554,134.852233505042
174.373170863554,134.852233505042
174.373170863554,134.852233505042
174.373170863554,134.852233505042
169.532927158884,131.463058376261
162.27256160188,126.379295683088
154.205488760764,118.471220382597
142.10487949909,113.387457689425
123.550611964523,112.822595167961
107.416466282291,115.082045253815
99.349393441175,119.600945425524
93.7024424523938,129.203608290406
90.4756133159474,135.98195854797
89.6689060318358,136.546821069433
89.6689060318358,136.546821069433
88.8621987477242,131.463058376261
91.282320600059,124.119845597233
92.8957351682822,112.822595167961
95.315857020617,100.960482217225
113.063417271072,102.090207260152
122.743904680411,108.868557517716
132.424392089751,115.646907775279
139.684757646755,120.730670468452
139.684757646755,126.379295683088
141.298172214978,127.509020726015
141.298172214978,127.509020726015

Velocities: 33
1,0
2,0
0,0
0,0
-2,0
-2,0
-1,-3
0,-3
0,0
0,0
0,0
6,0
9,0
12,2
12,-3
12,-11
8,-12
1,-9
-5,-12
-4,-8
0,-1
0,0
5,4
5,8
9,11
9,12
-12,10
-12,0
-12,0
-9,0
-5,-5
-2,0
0,0

InverseVelocities: 33
0,0
0,0
0,0
0,0
0,0
0,0
0,0
0,0
0,0
0,0
0,0
0,0
0,0
0,0
0,0
0,0
-1,0
-7,0
0,0
0,0
0,0
0,0
-1,0
-6,0
0,0
-8,0
0,-1
0,0
0,0
0,0
0,0
0,0
0,0
