GestureName: tap_right
Duration(ms): 1269
Handedness: right

SpeakerAngles: 2
55
-55

InterpretedPoints: 27
-0.806707284111599,0.564862521463623
-4.03353642055799,3.95403765024537
-4.84024370466959,4.51890017170899
-2.4201218523348,7.34321277902711
-3.2268291364464,6.77835025756348
-12.100609261674,-3.95403765024536
-9.68048740933918,-6.77835025756348
-9.68048740933918,-6.77835025756348
-6.45365827289279,-4.51890017170899
-4.03353642055799,-2.82431260731812
-0.806707284111599,-1.69458756439087
0.806707284111599,-0.564862521463623
0,0
0.806707284111599,0.564862521463623
0.806707284111599,5.08376269317261
4.84024370466959,7.90807530049073
8.06707284111599,5.64862521463624
1.6134145682232,5.64862521463624
8.06707284111599,7.90807530049073
16.134145682232,2.2594500858545
17.7475602504552,-1.12972504292725
13.7140238298972,-3.95403765024537
8.06707284111599,-6.77835025756348
4.03353642055799,-2.82431260731812
1.6134145682232,-4.51890017170899
0.806707284111599,-0.564862521463623
0,0

StrokePoints: 28
177.6,130.333333333333
178.406707284112,129.76847081187
182.44024370467,125.814433161624
187.280487409339,121.295532989915
189.700609261674,113.952320210888
192.92743839812,107.173969953325
205.028047659794,111.12800760357
214.708535069134,117.906357861134
224.389022478473,124.684708118697
230.842680751366,129.203608290406
234.876217171924,132.027920897724
235.682924456035,133.722508462115
234.876217171924,134.287370983579
234.876217171924,134.287370983579
234.069509887812,133.722508462115
233.2628026037,128.638745768942
228.422558899031,120.730670468452
220.355486057915,115.082045253815
218.742071489692,109.433420039179
210.674998648576,101.525344738689
194.540852966344,99.265894652834
176.793292715888,100.395619695761
163.079268885991,104.349657346007
155.012196044875,111.12800760357
150.978659624317,113.952320210888
149.365245056094,118.471220382597
148.558537771983,119.036082904061
148.558537771983,119.036082904061

Velocities: 27
0,1
1,6
1,7
5,8
4,8
-11,4
-12,0
-12,0
-8,0
-5,0
-2,-1
0,-1
0,0
1,0
5,4
10,4
10,0
6,4
12,2
12,-8
10,-12
5,-12
-1,-11
0,-5
-3,-5
0,-1
0,0

InverseVelocities: 27
0,0
0,0
0,0
-6,0
-10,0
0,0
0,0
0,0
0,0
0,0
0,0
0,0
0,0
0,0
0,0
0,0
0,0
0,0
0,0
0,0
-7,0
-5,4
0,0
0,0
0,0
0,0
0,0
