GestureName: tap_left
Duration(ms): 1269
Handedness: right

SpeakerAngles: 2
55
-55

InterpretedPoints: 27
1.6134145682232,1.12972504292725
-1.6134145682232,2.25945008585449
0.806707284111599,8.47293782195435
8.87378012522759,6.21348773609986
9.68048740933918,6.77835025756348
12.9073165457856,4.51890017170899
17.7475602504552,1.12972504292725
16.134145682232,-2.2594500858545
12.100609261674,-5.08376269317261
4.84024370466959,-5.64862521463624
4.84024370466959,-5.64862521463624
2.4201218523348,-2.82431260731812
0,0
0,0
0.806707284111599,0.564862521463623
0.806707284111599,3.95403765024536
0,6.77835025756348
-4.03353642055799,7.34321277902711
-2.4201218523348,11.8621129507361
-18.5542675345668,-0.564862521463625
-10.4871946934508,-6.21348773609986
-9.68048740933918,-6.77835025756348
-9.68048740933918,-6.77835025756348
-9.68048740933918,-6.77835025756348
-4.84024370466959,-3.38917512878174
-0.806707284111599,-3.95403765024536
0,0

StrokePoints: 28
177.6,130.333333333333
175.986585431777,129.203608290406
177.6,126.944158204552
176.793292715888,118.471220382597
167.919512590661,112.257732646497
158.239025181322,105.479382388934
145.331708635536,100.960482217225
127.584148385081,99.8307571742976
111.450002702849,102.090207260152
99.349393441175,107.173969953325
94.5091497365054,112.822595167961
89.6689060318358,118.471220382597
87.248784179501,121.295532989915
87.248784179501,121.295532989915
87.248784179501,121.295532989915
86.4420768953894,120.730670468452
85.6353696112778,116.776632818206
85.6353696112778,109.998282560643
89.6689060318358,102.655069781616
92.0890278841706,90.7929568308797
110.643295418737,91.3578193523433
121.130490112188,97.5713070884432
130.810977521527,104.349657346007
140.491464930867,111.12800760357
150.171952340206,117.906357861134
155.012196044875,121.295532989915
155.818903328987,125.249570640161
155.818903328987,125.249570640161

Velocities: 27
2,0
1,3
8,7
11,0
12,0
12,-4
12,-10
8,-12
3,-12
-2,-8
-2,-8
-1,-4
0,0
0,0
1,0
4,3
6,6
4,9
9,12
-12,11
-12,1
-12,0
-12,0
-12,0
-6,0
-4,-3
0,0

InverseVelocities: 27
0,0
0,0
-9,0
0,0
0,0
0,0
0,0
-11,0
-11,0
0,0
0,0
0,0
0,0
0,0
0,0
0,0
0,0
-6,0
-5,0
0,0
0,0
0,0
0,0
0,0
0,0
0,0
0,0
