GestureName: tap_down
Duration(ms): 893
Handedness: right

SpeakerAngles: 2
55
-55

InterpretedPoints: 19
0.806707284111599,-1.69458756439087
0,-3.38917512878174
-1.6134145682232,-1.12972504292725
0,0
0,0
8.06707284111599,-7.90807530049073
0,0
-1.6134145682232,-1.12972504292725
0,0
0,0
2.4201218523348,1.69458756439087
3.2268291364464,2.25945008585449
0,0
0,0
-0.806707284111599,6.21348773609986
1.6134145682232,4.51890017170899
2.4201218523348,3.95403765024536
0.806707284111599,0.564862521463623
0,0

StrokePoints: 20
177.6,130.333333333333
176.793292715888,132.027920897724
176.793292715888,135.417096026506
178.406707284112,136.546821069433
178.406707284112,136.546821069433
178.406707284112,136.546821069433
170.339634442996,144.454896369924
170.339634442996,144.454896369924
171.953049011219,145.584621412851
171.953049011219,145.584621412851
171.953049011219,145.584621412851
169.532927158884,143.89003384846
166.306098022438,141.630583762606
166.306098022438,141.630583762606
166.306098022438,141.630583762606
167.112805306549,135.417096026506
165.499390738326,130.898195854797
163.079268885991,126.944158204552
162.27256160188,126.379295683088
162.27256160188,126.379295683088

Velocities: 19
-1,-2
-3,-3
-2,0
0,0
0,0
-2,-12
0,0
-2,0
0,0
0,0
3,0
4,0
0,0
0,0
5,6
5,3
5,2
1,0
0,0

InverseVelocities: 19
0,0
0,0
0,0
0,0
0,0
0,0
0,0
0,0
0,0
0,0
0,0
0,0
0,0
0,0
0,0
0,0
0,0
0,0
0,0
