GestureName: tap_up
Duration(ms): 940
Handedness: right

SpeakerAngles: 2
55
-55

InterpretedPoints: 20
1.6134145682232,1.12972504292725
4.84024370466959,3.38917512878174
0.806707284111599,0.564862521463623
0.806707284111599,0.564862521463623
2.4201218523348,1.69458756439087
4.84024370466959,5.64862521463624
3.2268291364464,3.38917512878174
-0.806707284111599,0.564862521463623
0,0
0,0
0,0
0.806707284111599,-0.564862521463623
3.2268291364464,-2.25945008585449
-3.22682913644639,-4.51890017170899
4.84024370466959,-7.90807530049073
-4.84024370466959,-3.38917512878174
-0.806707284111599,-6.21348773609986
0,0
-0.806707284111599,-0.564862521463623
0,0

StrokePoints: 21
177.6,130.333333333333
175.986585431777,129.203608290406
171.146341727107,125.814433161624
170.339634442996,125.249570640161
169.532927158884,124.684708118697
167.112805306549,122.990120554306
162.27256160188,117.34149533967
159.045732465433,113.952320210888
159.852439749545,113.387457689425
159.852439749545,113.387457689425
159.852439749545,113.387457689425
159.852439749545,113.387457689425
159.045732465433,113.952320210888
155.818903328987,116.211770296743
159.045732465433,120.730670468452
154.205488760764,128.638745768942
159.045732465433,132.027920897724
159.852439749545,138.241408633824
159.852439749545,138.241408633824
160.659147033656,138.806271155288
160.659147033656,138.806271155288

Velocities: 20
2,0
6,0
1,0
1,0
3,0
8,2
5,1
0,1
0,0
0,0
0,0
0,-1
0,-4
-6,-2
-4,-10
-6,0
-6,-5
0,0
-1,0
0,0

InverseVelocities: 20
0,0
0,0
0,0
0,0
0,0
-2,0
0,0
0,0
0,0
0,0
0,0
0,0
0,0
0,0
0,0
0,0
0,0
0,0
0,0
0,0
