GestureName: tap_up
Duration(ms): 1034
Handedness: right

SpeakerAngles: 2
55
-55

InterpretedPoints: 22
0.806707284111599,0.564862521463623
4.84024370466959,3.38917512878174
5.64695098878119,3.95403765024536
0,0
2.4201218523348,8.47293782195435
7.26036555700439,5.08376269317261
0.806707284111599,0.564862521463623
1.6134145682232,4.51890017170899
0.806707284111599,0.564862521463623
0.806707284111599,0.564862521463623
0,0
0,0
0.806707284111599,-0.564862521463623
0,-1.12972504292725
0.806707284111599,-0.564862521463623
1.6134145682232,-2.25945008585449
0.806707284111599,-6.21348773609986
0.806707284111599,-9.6026628648816
0,-10.1675253863452
0,0
-5.64695098878119,-3.95403765024536
0,0

StrokePoints: 23
177.6,130.333333333333
176.793292715888,129.76847081187
171.953049011219,126.379295683088
166.306098022438,122.425258032843
166.306098022438,122.425258032843
163.885976170103,113.952320210888
156.625610613099,108.868557517716
155.818903328987,108.303694996252
154.205488760764,103.784794824543
153.398781476652,103.219932303079
152.59207419254,102.655069781616
152.59207419254,102.655069781616
152.59207419254,102.655069781616
151.785366908429,103.219932303079
151.785366908429,104.349657346007
150.978659624317,104.91451986747
149.365245056094,107.173969953325
148.558537771982,113.387457689425
147.751830487871,122.990120554306
147.751830487871,133.157645940651
147.751830487871,133.157645940651
153.398781476652,137.111683590897
153.398781476652,137.111683590897

Velocities: 22
1,0
6,0
7,0
0,0
9,6
9,0
1,0
5,3
1,0
1,0
0,0
0,0
0,-1
-1,-1
0,-1
-1,-3
-5,-6
-8,-9
-9,-9
0,0
-7,0
0,0

InverseVelocities: 22
0,0
0,0
0,0
0,0
0,0
0,0
0,0
0,0
0,0
0,0
0,0
0,0
0,0
0,0
0,0
0,0
0,0
0,0
0,0
0,0
0,0
0,0
