GestureName: tap_right
Duration(ms): 1034
Handedness: right

SpeakerAngles: 2
55
-55

InterpretedPoints: 22
-0.806707284111599,0.564862521463623
-4.84024370466959,5.64862521463624
-2.4201218523348,10.7323879078088
-2.4201218523348,10.7323879078088
-2.4201218523348,6.21348773609986
-9.68048740933918,-6.77835025756348
-8.06707284111599,-7.90807530049073
-9.68048740933918,-6.77835025756348
-5.64695098878119,-3.95403765024536
-4.84024370466959,-3.38917512878174
0,0
2.4201218523348,1.69458756439087
9.68048740933918,6.77835025756348
0,0
-1.6134145682232,1.12972504292725
8.87378012522758,7.34321277902711
17.7475602504552,-1.12972504292725
12.9073165457856,-4.51890017170899
8.06707284111599,-7.90807530049073
2.4201218523348,-5.08376269317261
1.6134145682232,-1.12972504292725
0,0

StrokePoints: 23
177.6,130.333333333333
178.406707284112,129.76847081187
183.246950988781,124.119845597233
185.667072841116,113.387457689425
188.087194693451,102.655069781616
190.507316545786,96.4415820455159
200.187803955125,103.219932303079
208.254876796241,111.12800760357
217.93536420558,117.906357861134
223.582315194361,121.860395511379
228.422558899031,125.249570640161
228.422558899031,125.249570640161
226.002437046696,123.55498307577
216.321949637357,116.776632818206
216.321949637357,116.776632818206
217.93536420558,115.646907775279
209.061584080352,108.303694996252
191.314023829897,109.433420039179
178.406707284112,113.952320210888
170.339634442996,121.860395511379
167.919512590661,126.944158204552
166.306098022438,128.073883247479
166.306098022438,128.073883247479

Velocities: 22
0,1
2,8
8,11
8,11
4,7
-12,0
-12,-2
-12,0
-7,0
-6,0
0,0
3,0
12,0
0,0
0,2
12,1
10,-12
4,-12
-2,-12
-3,-6
0,-2
0,0

InverseVelocities: 22
0,0
0,0
0,0
-6,-1
-11,0
0,0
2,0
0,0
0,0
0,0
0,0
0,0
0,0
0,0
0,0
0,-10
-1,0
-2,0
0,0
0,0
0,0
0,0
