GestureName: tap_right
Duration(ms): 1410
Handedness: right

SpeakerAngles: 2
55
-55

InterpretedPoints: 30
0,1.12972504292725
-1.6134145682232,1.12972504292725
-4.84024370466959,5.64862521463624
-6.45365827289279,4.51890017170899
-15.3274383981204,1.69458756439087
-14.5207311140088,-3.38917512878174
-9.68048740933918,-6.77835025756348
-9.68048740933918,-6.77835025756348
-3.22682913644639,-11.2972504292725
-2.4201218523348,-11.8621129507361
-2.4201218523348,-9.6026628648816
-2.4201218523348,-2.82431260731812
-1.6134145682232,-1.12972504292725
0,0
0.806707284111599,0.564862521463623
-0.806707284111599,3.95403765024536
0,0
2.4201218523348,11.8621129507361
1.6134145682232,11.2972504292725
-0.806707284111599,0.564862521463623
9.68048740933918,6.77835025756348
15.3274383981204,2.82431260731812
17.7475602504552,0
12.100609261674,-5.08376269317261
5.64695098878119,-8.47293782195435
2.4201218523348,-3.95403765024536
0,-2.25945008585449
0.806707284111599,-0.564862521463623
0.806707284111599,-0.564862521463623
0,0

StrokePoints: 31
177.6,130.333333333333
177.6,129.203608290406
179.213414568223,128.073883247479
184.053658272893,122.425258032843
190.507316545786,117.906357861134
205.834754943906,116.211770296743
220.355486057915,119.600945425524
230.035973467254,126.379295683088
239.716460876593,133.157645940651
242.94329001304,144.454896369924
245.363411865374,156.31700932066
247.783533717709,165.919672185542
250.203655570044,168.74398479286
251.817070138267,169.873709835787
251.817070138267,169.873709835787
251.010362854156,169.308847314323
251.817070138267,165.354809664078
251.817070138267,165.354809664078
249.396948285932,153.492696713342
247.783533717709,142.195446284069
248.590241001821,141.630583762606
238.909753592482,134.852233505042
223.582315194361,132.027920897724
205.834754943906,132.027920897724
193.734145682232,137.111683590897
188.087194693451,145.584621412851
185.667072841116,149.538659063097
185.667072841116,151.798109148951
184.860365557004,152.362971670415
184.053658272893,152.927834191878
184.053658272893,152.927834191878

Velocities: 30
1,1
0,2
2,8
0,8
-8,11
-12,6
-12,0
-12,0
-12,-8
-12,-9
-10,-7
-4,-1
-2,0
0,0
1,0
3,4
0,0
12,9
11,9
0,1
12,0
12,-7
11,-11
3,-12
-4,-11
-2,-5
-2,-2
0,-1
0,-1
0,0

InverseVelocities: 30
0,0
0,0
0,0
0,0
6,-6
0,0
0,0
0,0
0,0
0,0
0,0
0,0
0,0
0,0
0,0
0,0
0,0
0,0
0,0
0,0
0,0
0,0
0,0
-6,0
0,0
0,0
0,0
0,0
0,0
0,0
