GestureName: tap_up
Duration(ms): 893
Handedness: right

SpeakerAngles: 2
55
-55

InterpretedPoints: 19
-4.03353642055799,3.95403765024537
0,0
6.45365827289279,4.51890017170899
-0.806707284111599,7.34321277902711
4.84024370466959,9.03780034341798
1.6134145682232,4.51890017170899
1.6134145682232,1.12972504292725
0,0
0,0
0.806707284111599,-0.564862521463623
0,0
0,-1.12972504292725
-3.22682913644639,-5.64862521463624
-4.03353642055799,-2.82431260731812
-4.03353642055799,-2.82431260731812
0,0
-2.4201218523348,-1.69458756439087
0,-3.38917512878174
0,0

StrokePoints: 20
177.6,130.333333333333
181.633536420558,126.379295683088
181.633536420558,126.379295683088
175.179878147665,121.860395511379
175.986585431777,114.517182732352
171.146341727107,105.479382388934
169.532927158884,100.960482217225
167.919512590661,99.8307571742977
167.919512590661,99.8307571742977
167.919512590661,99.8307571742977
167.112805306549,100.395619695761
167.112805306549,100.395619695761
167.112805306549,101.525344738689
170.339634442996,107.173969953325
174.373170863554,109.998282560643
178.406707284112,112.822595167961
178.406707284112,112.822595167961
180.826829136446,114.517182732352
180.826829136446,117.906357861134
180.826829136446,117.906357861134

Velocities: 19
1,6
0,0
8,0
6,7
11,5
5,3
2,0
0,0
0,0
0,-1
0,0
-1,-1
-7,-3
-5,0
-5,0
0,0
-3,0
-3,-3
0,0

InverseVelocities: 19
0,0
0,0
0,0
0,0
0,0
0,0
0,0
0,0
0,0
0,0
0,0
0,0
0,0
0,0
0,0
0,0
0,0
0,0
0,0
