GestureName: tap_down
Duration(ms): 846
Handedness: right

SpeakerAngles: 2
55
-55

InterpretedPoints: 18
1.6134145682232,-1.12972504292725
1.6134145682232,-4.51890017170899
0,-5.64862521463624
0,0
5.64695098878119,-7.34321277902711
-6.45365827289279,-4.51890017170899
0,0
0,0
1.6134145682232,1.12972504292725
0,0
0,0
-5.64695098878119,5.08376269317261
0,0
5.64695098878119,3.95403765024536
2.4201218523348,3.95403765024536
2.4201218523348,1.69458756439087
0.806707284111599,1.69458756439087
0,0

StrokePoints: 19
177.6,130.333333333333
175.986585431777,131.463058376261
174.373170863554,135.98195854797
174.373170863554,141.630583762606
174.373170863554,141.630583762606
168.726219874773,148.973796541633
175.179878147665,153.492696713342
175.179878147665,153.492696713342
175.179878147665,153.492696713342
173.566463579442,152.362971670415
173.566463579442,152.362971670415
173.566463579442,152.362971670415
179.213414568223,147.279208977242
179.213414568223,147.279208977242
173.566463579442,143.325171326997
171.146341727107,139.371133676751
168.726219874773,137.67654611236
167.919512590661,135.98195854797
167.919512590661,135.98195854797

Velocities: 18
0,-2
-3,-5
-5,-5
0,0
-3,-10
-8,0
0,0
0,0
2,0
0,0
0,0
1,8
0,0
7,0
5,2
3,0
2,1
0,0

InverseVelocities: 18
0,0
0,0
0,0
0,0
0,0
0,0
0,0
0,0
0,0
0,0
0,0
0,0
0,0
0,0
0,0
0,0
0,0
0,0
