GestureName: tap_right
Duration(ms): 1269
Handedness: right

SpeakerAngles: 2
55
-55

InterpretedPoints: 27
0,1.12972504292725
-1.6134145682232,3.38917512878174
-6.45365827289279,5.64862521463624
-8.87378012522759,3.95403765024536
-15.3274383981204,0.564862521463623
-14.5207311140088,-3.38917512878174
-9.68048740933918,-6.77835025756348
-9.68048740933918,-6.77835025756348
-3.2268291364464,-9.03780034341798
-1.6134145682232,-10.1675253863452
2.4201218523348,-5.08376269317261
-2.4201218523348,-1.69458756439087
0,0
0,0
0.806707284111599,0.564862521463623
2.4201218523348,6.21348773609986
0,9.03780034341798
2.4201218523348,11.8621129507361
4.84024370466959,10.1675253863452
5.64695098878119,3.95403765024536
16.134145682232,2.2594500858545
17.7475602504552,0
14.5207311140088,-2.25945008585449
12.9073165457856,-3.38917512878174
5.64695098878119,-6.21348773609986
1.6134145682232,-2.25945008585449
0,0

StrokePoints: 28
177.6,130.333333333333
177.6,129.203608290406
179.213414568223,125.814433161624
185.667072841116,120.165807946988
194.540852966344,116.211770296743
209.868291364464,115.646907775279
224.389022478473,119.036082904061
234.069509887812,125.814433161624
243.749997297151,132.592783419188
246.976826433598,141.630583762606
248.590241001821,151.798109148951
246.170119149486,156.881871842124
248.590241001821,158.576459406515
248.590241001821,158.576459406515
248.590241001821,158.576459406515
247.783533717709,158.011596885051
245.363411865374,151.798109148951
245.363411865374,142.760308805533
242.94329001304,130.898195854797
238.10304630837,120.730670468452
232.456095319589,116.776632818206
216.321949637357,114.517182732352
198.574389386902,114.517182732352
184.053658272893,116.776632818206
171.146341727107,120.165807946988
165.499390738326,126.379295683088
163.885976170103,128.638745768942
163.885976170103,128.638745768942

Velocities: 27
1,1
2,4
1,9
-2,9
-9,10
-12,6
-12,0
-12,0
-10,-6
-10,-8
-3,-6
-3,0
0,0
0,0
1,0
7,4
8,8
12,9
12,6
7,0
12,-8
11,-11
7,-11
5,-11
-2,-9
-1,-3
0,0

InverseVelocities: 27
0,0
0,0
0,0
0,0
6,-5
0,0
0,0
0,0
0,0
0,0
0,0
0,0
0,0
0,0
0,0
0,0
0,0
0,0
0,0
0,0
0,0
0,0
0,0
-3,0
0,0
0,0
0,0
