GestureName: tap_up
Duration(ms): 752
Handedness: right

SpeakerAngles: 2
55
-55

InterpretedPoints: 16
1.6134145682232,7.90807530049073
1.6134145682232,4.51890017170899
4.84024370466959,5.64862521463624
1.6134145682232,2.25945008585449
0,0
0,0
0,0
-0.806707284111599,-0.564862521463623
0,0
0,0
-3.2268291364464,-3.38917512878174
-4.03353642055799,-5.08376269317261
-4.03353642055799,-2.82431260731812
-3.2268291364464,-2.25945008585449
-4.03353642055799,-2.82431260731812
0,0

StrokePoints: 17
177.6,130.333333333333
175.986585431777,122.425258032843
174.373170863554,117.906357861134
169.532927158884,112.257732646497
167.919512590661,109.998282560643
167.919512590661,109.998282560643
167.919512590661,109.998282560643
167.919512590661,109.998282560643
168.726219874773,110.563145082107
168.726219874773,110.563145082107
168.726219874773,110.563145082107
171.953049011219,113.952320210888
175.986585431777,119.036082904061
180.020121852335,121.860395511379
183.246950988781,124.119845597233
187.280487409339,126.944158204552
187.280487409339,126.944158204552

Velocities: 16
8,6
5,3
8,2
3,1
0,0
0,0
0,0
-1,0
0,0
0,0
-5,-1
-7,-2
-5,0
-4,0
-5,0
0,0

InverseVelocities: 16
0,0
0,0
0,-2
0,0
0,0
0,0
0,0
0,0
0,0
0,0
0,0
0,0
0,0
0,0
0,0
0,0
