GestureName: tap_down
Duration(ms): 987
Handedness: right

SpeakerAngles: 2
55
-55

InterpretedPoints: 21
0,-1.12972504292725
1.6134145682232,-3.38917512878174
-1.6134145682232,-3.38917512878174
0,0
2.4201218523348,-5.08376269317261
0,0
0,0
-0.806707284111599,-0.564862521463623
0,0
0,0
0.806707284111599,0.564862521463623
0.806707284111599,0.564862521463623
0.806707284111599,5.08376269317261
0.806707284111599,0.564862521463623
0,0
6.45365827289279,4.51890017170899
0.806707284111599,2.82431260731812
-1.6134145682232,1.12972504292725
1.6134145682232,1.12972504292725
0.806707284111599,0.564862521463623
0,0

StrokePoints: 22
177.6,130.333333333333
177.6,131.463058376261
175.986585431777,134.852233505042
177.6,138.241408633824
177.6,138.241408633824
175.179878147665,143.325171326997
175.179878147665,143.325171326997
175.179878147665,143.325171326997
175.986585431777,143.89003384846
175.986585431777,143.89003384846
175.986585431777,143.89003384846
175.179878147665,143.325171326997
174.373170863554,142.760308805533
173.566463579442,137.67654611236
172.75975629533,137.111683590897
172.75975629533,137.111683590897
166.306098022438,132.592783419188
165.499390738326,129.76847081187
167.112805306549,128.638745768942
165.499390738326,127.509020726015
164.692683454214,126.944158204552
164.692683454214,126.944158204552

Velocities: 21
-1,-1
-2,-4
-4,-2
0,0
-3,-6
0,0
0,0
-1,0
0,0
0,0
1,0
1,0
5,4
1,0
0,0
8,0
3,2
0,2
2,0
1,0
0,0

InverseVelocities: 21
0,0
0,0
0,0
0,0
0,0
0,0
0,0
0,0
0,0
0,0
0,0
0,0
0,0
0,0
0,0
0,0
0,0
0,0
0,0
0,0
0,0
