GestureName: tap_left
Duration(ms): 1222
Handedness: right

SpeakerAngles: 2
55
-55

InterpretedPoints: 26
1.6134145682232,4.51890017170899
6.45365827289279,4.51890017170899
7.26036555700439,5.08376269317261
-2.4201218523348,1.69458756439087
0,0
13.7140238298972,3.95403765024537
19.3609748186784,0
12.9073165457856,-4.51890017170899
1.6134145682232,-11.2972504292725
5.64695098878119,-9.6026628648816
0.806707284111599,-0.564862521463623
0.806707284111599,0.564862521463623
1.6134145682232,1.12972504292725
-0.806707284111599,7.34321277902711
-1.6134145682232,9.03780034341798
-5.64695098878119,9.6026628648816
-7.26036555700439,8.47293782195435
-17.7475602504552,-1.12972504292725
-2.4201218523348,-11.8621129507361
-9.68048740933918,-6.77835025756348
-9.68048740933918,-6.77835025756348
6.45365827289279,-4.51890017170899
0.806707284111599,-6.21348773609986
-0.806707284111599,-3.95403765024536
0.806707284111599,-0.564862521463623
0,0

StrokePoints: 27
177.6,130.333333333333
175.986585431777,125.814433161624
169.532927158884,121.295532989915
162.27256160188,116.211770296743
164.692683454215,114.517182732352
164.692683454215,114.517182732352
150.978659624317,110.563145082107
131.617684805639,110.563145082107
118.710368259853,115.082045253815
117.09695369163,126.379295683088
111.450002702849,135.98195854797
110.643295418737,136.546821069433
109.836588134626,135.98195854797
108.223173566403,134.852233505042
109.029880850514,127.509020726015
110.643295418737,118.471220382597
116.290246407519,108.868557517716
123.550611964523,100.395619695761
141.298172214978,101.525344738688
143.718294067313,113.387457689425
153.398781476652,120.165807946988
163.079268885991,126.944158204552
156.625610613099,131.463058376261
155.818903328987,137.67654611236
156.625610613099,141.630583762606
155.818903328987,142.195446284069
155.818903328987,142.195446284069

Velocities: 26
5,3
8,0
9,0
0,3
0,0
12,-5
12,-12
4,-12
-9,-11
-5,-12
0,-1
1,0
2,0
6,7
7,9
5,12
3,12
-12,10
-12,-9
-12,0
-12,0
0,-8
-5,-6
-4,-3
0,-1
0,0

InverseVelocities: 26
0,0
0,0
0,0
0,0
0,0
0,0
-12,0
-10,0
0,0
0,0
0,0
0,0
0,0
-6,0
0,0
-1,0
-8,0
0,-10
0,0
0,0
0,0
0,0
0,0
0,0
0,0
0,0
