GestureName: tap_left
Duration(ms): 1410
Handedness: right

SpeakerAngles: 2
55
-55

InterpretedPoints: 30
1.6134145682232,1.12972504292725
1.6134145682232,3.38917512878174
1.6134145682232,3.38917512878174
1.6134145682232,5.64862521463624
5.64695098878119,7.34321277902711
9.68048740933918,6.77835025756348
9.68048740933918,6.77835025756348
19.3609748186784,0
16.9408529663436,-1.69458756439087
11.2939019775624,-5.64862521463624
8.06707284111599,-4.51890017170899
6.45365827289279,-7.90807530049073
2.4201218523348,-5.08376269317261
-0.806707284111599,-0.564862521463623
0,0
0.806707284111599,0.564862521463623
0,1.12972504292725
1.6134145682232,4.51890017170899
-2.4201218523348,6.21348773609986
-6.45365827289279,9.03780034341798
-0.806707284111598,12.9918379936633
-0.806707284111599,11.8621129507361
-14.5207311140088,-3.38917512878174
-9.68048740933918,-6.77835025756348
-5.64695098878119,-9.6026628648816
-2.4201218523348,-9.6026628648816
-0.806707284111599,-6.21348773609986
-3.2268291364464,-2.25945008585449
-1.6134145682232,-2.25945008585449
0,0

StrokePoints: 31
177.6,130.333333333333
175.986585431777,129.203608290406
174.373170863554,125.814433161624
172.759756295331,122.425258032843
171.146341727107,116.776632818206
165.499390738326,109.433420039179
155.818903328987,102.655069781616
146.138415919648,95.8767195240523
126.777441100969,95.8767195240523
109.836588134626,97.5713070884431
98.5426861570634,103.219932303079
90.4756133159475,107.738832474788
84.0219550430547,115.646907775279
81.6018331907199,120.730670468452
82.4085404748315,121.295532989915
82.4085404748315,121.295532989915
81.6018331907199,120.730670468452
81.6018331907199,119.600945425524
79.9884186224967,115.082045253815
82.4085404748315,108.868557517716
88.8621987477243,99.8307571742976
89.6689060318359,86.8389191806343
90.4756133159475,74.9768062298982
104.996344429956,78.36598135868
114.676831839295,85.1443316162434
120.323782828077,94.7469944811251
122.743904680411,104.349657346007
123.550611964523,110.563145082107
126.777441100969,112.822595167961
128.390855669193,115.082045253816
128.390855669193,115.082045253816

Velocities: 30
2,0
4,2
4,2
6,4
10,3
12,0
12,0
12,-12
9,-12
2,-12
1,-9
-3,-11
-3,-6
-1,0
0,0
1,0
1,1
5,3
4,7
4,12
11,12
10,11
-12,6
-12,0
-12,-5
-10,-7
-6,-5
-4,0
-3,-1
0,0

InverseVelocities: 30
0,0
0,0
0,0
0,0
0,0
0,0
0,0
0,0
-1,0
-1,0
-8,0
0,0
0,0
0,0
0,0
0,0
0,0
0,0
0,0
0,0
-5,0
-10,-1
0,0
0,0
0,0
0,0
0,0
0,0
0,0
0,0
