GestureName: swipe_front
Duration(ms): 564
Handedness: right

SpeakerAngles: 6
55
-55
0
0
110
-110

SpeakerElevations: 6
-10
-10
-10
0
30
30

InterpretedPoints: 12
0.806707284111599,0.564862521463623,-0.17364817766693
1.62050496546097,0.2686643887376,0.32635182233307
0.813797681349374,-0.888594398178072,1.5
1.59923377374765,0.482261289498351,2.30540728933228
6.48201986184389,1.0746575549504,1.30540728933228
7.28163674871771,1.90818446515162,1.45811093399842
-0.813797681349374,-0.296198132726024,0.5
9.70884899829029,10.6809423874017,0.916221867996835
9.71593939552806,7.03505875809171,-0.0628335990023731
2.44139304404812,-0.888594398178072,1.5
0.799616886873824,1.42592317565327,-0.847296355333861
0,0,0

StrokePoints: 13
0,0,0
0.806707284111599,0.564862521463623,-0.17364817766693
2.42721224957257,0.833526910201223,0.152703644666139
3.24100993092195,-0.0550674879768485,1.65270364466614
4.84024370466959,0.427193801521502,3.95811093399842
11.3222635665135,1.5018513564719,5.2635182233307
18.6039003152312,3.41003582162352,6.72162915732911
17.7901026338818,3.1138376888975,7.22162915732911
27.4989516321721,13.7947800762992,8.13785102532595
37.2148910277002,20.8298388343909,8.07501742632358
39.6562840717483,19.9412444362128,9.57501742632358
40.4559009586221,21.3671676118661,8.72772107098972
40.4559009586221,21.3671676118661,8.72772107098972

Velocities: 12
1,0,0
1,0,0
0,0,0
4,0,0
4,0,0
6,0,0
0,0,0
8,0,4
7,0,2
0,0,0
2,0,0
0,0,0

InverseVelocities: 12
0,0,0
0,0,0
0,0,0
0,0,0
0,0,0
0,0,0
0,0,0
0,0,0
0,0,0
0,0,0
0,0,0
0,0,0
