GestureName: swipe_down
Duration(ms): 893
Handedness: right

SpeakerAngles: 6
55
-55
0
0
110
-110

SpeakerElevations: 6
-10
-10
-10
0
30
30

InterpretedPoints: 19
3.23391953368417,3.38319718467706,-0.194592710667721
2.42721224957257,0.833526910201223,0.152703644666139
4.04062681779577,1.96325195312847,-0.194592710667721
3.23391953368417,3.65783951751934,-0.715537243668512
0.806707284111599,15.0078014582337,-2.43107448733702
0.820888078587149,4.49136642772056,-0.562833599002373
2.42721224957257,3.09297699605572,-0.541889066001582
3.2268291364464,11.3284061408306,-1.7364817766693
4.05480761227132,3.63030577353092,0.110814578664557
3.23391953368417,3.65783951751934,-0.715537243668512
0.806707284111599,13.0229937052214,-2.25742630967009
2.45557383852367,9.04740025509234,-1.06283359900237
0.0141807944755501,5.69173681440371,-1.69459271066772
4.88278608809624,0.592396265452048,-1
3.2551907253975,1.1847925309041,-2
4.88278608809624,1.77718879635614,-3
1.62759536269875,2.36958506180819,-4
1.62759536269875,0.592396265452048,-1
0,0,0

StrokePoints: 20
0,0,0
3.23391953368417,3.38319718467706,-0.194592710667721
5.66113178325674,4.21672409487828,-0.0418890660015821
9.70175860105251,6.17997604800675,-0.236481776669303
12.9356781347367,9.83781556552609,-0.952019020337816
13.7423854188483,24.8456170237597,-3.38309350767484
14.5632734974354,29.3369834514803,-3.94592710667721
16.990485747008,32.429960447536,-4.4878161726788
20.2173148834544,43.7583665883666,-6.2242979493481
24.2721224957257,47.3886723618975,-6.11348337068354
27.5060420294099,51.0465118794168,-6.82902061435205
28.3127493135215,64.0695055846383,-9.08644692402215
30.7683231520452,73.1169058397306,-10.1492805230245
30.7825039465207,78.8086426541343,-11.8438732336922
35.6652900346169,79.4010389195864,-12.8438732336922
38.9204807600144,80.5858314504905,-14.8438732336922
43.8032668481107,82.3630202468466,-17.8438732336922
45.4308622108094,84.7326053086548,-21.8438732336922
47.0584575735082,85.3250015741069,-22.8438732336922
47.0584575735082,85.3250015741069,-22.8438732336922

Velocities: 19
3,0,1
2,0,0
4,0,0
5,2,0
5,4,5
4,5,0
4,2,0
5,1,4
5,3,0
5,2,0
5,4,4
2,4,3
0,2,2
0,0,0
0,0,0
0,0,0
0,0,0
0,0,0
0,0,0

InverseVelocities: 19
0,0,0
0,0,0
0,0,0
0,0,0
0,0,0
0,0,0
0,0,0
0,0,0
0,0,0
0,0,0
0,0,0
0,0,0
0,0,0
0,0,0
0,0,0
0,0,0
0,0,0
0,0,0
0,0,0
