GestureName: swipe_up
Duration(ms): 752
Handedness: right

SpeakerAngles: 6
55
-55
0
0
110
-110

SpeakerElevations: 6
-10
-10
-10
0
30
30

InterpretedPoints: 16
1.62759536269875,-0.592396265452048,1
2.44139304404812,-0.888594398178072,1.5
-3.2268291364464,0.482261289498351,2.30540728933228
3.24810032815972,2.4179794986384,2.93716640099763
5.66113178325674,-0.730064985394169,5.13175911166535
-0.806707284111599,2.70222174315505,4.13175911166535
1.62050496546097,-1.50852440761854,3.32635182233307
-4.04771721503354,-3.41670887277017,1.86824088833465
3.2268291364464,-9.03780034341798,2.77837084267089
5.66822218049452,-15.2028936426876,11.6256671980047
-0.835068873062699,-24.4488838267544,-2.13785102532595
2.4201218523348,-7.34321277902711,2.25742630967009
8.11670562178041,-6.39955089287219,-0.895277334996045
4.83315330743182,-2.47304698661525,-1.28446275633149
1.62759536269875,-0.537328777475199,-0.652703644666139
0,0,0

StrokePoints: 17
0,0,0
1.62759536269875,-0.592396265452048,1
4.06898840674687,-1.48099066363012,2.5
0.842159270300474,-0.998729374131769,4.80540728933228
4.09025959846019,1.41925012450663,7.7425736903299
9.75139138171694,0.689185139112459,12.8743328019953
8.94468409760534,3.39140688226751,17.0060919136606
10.5651890630663,1.88288247464896,20.3324437359937
6.51747184803277,-1.5338263981212,22.2006846243283
9.74430098447916,-10.5716267415392,24.9790554669992
15.4125231649737,-25.7745203842268,36.6047226650039
14.577454291911,-50.2234042109812,34.466871639678
16.9975761442458,-57.5666169900083,36.7242979493481
25.1142817660262,-63.9661678828805,35.829020614352
29.947435073458,-66.4392148694957,34.5445578580206
31.5750304361568,-66.9765436469709,33.8918542133544
31.5750304361568,-66.9765436469709,33.8918542133544

Velocities: 16
0,0,0
0,0,0
0,4,0
5,4,0
5,0,0
1,2,2
1,0,0
-4,-1,0
-6,-10,0
-7,-11,0
-8,-11,-9
-5,-8,0
-6,-9,0
0,-7,0
-1,-1,0
0,0,0

InverseVelocities: 16
0,0,0
0,0,0
0,0,0
0,0,0
0,0,0
0,0,0
0,0,0
0,0,0
0,0,0
0,0,0
0,0,0
0,0,0
0,0,0
0,0,0
0,0,0
0,0,0
