GestureName: swipe_up
Duration(ms): 611
Handedness: right

SpeakerAngles: 6
55
-55
0
0
110
-110

SpeakerElevations: 6
-10
-10
-10
0
30
30

InterpretedPoints: 13
0.813797681349374,-2.07338692908217,3.5
-0.813797681349374,-2.66578319453421,4.5
-5.65404138601897,17.4018691804533,3.89527733499604
0,1.00763417876418,4.65270364466614
1.62759536269875,-1.77718879635614,3
2.44139304404812,-0.888594398178072,1.5
-2.40594105785925,-3.41670887277017,1.86824088833465
1.6134145682232,-12.4269754721997,3.82025990867247
1.6134145682232,-11.2972504292725,3.47296355333861
-3.26228112263527,-14.0760954602881,0.972963553338607
-1.6417761571743,-4.46383268373214,-0.263518223330696
1.6134145682232,-1.12972504292725,0.347296355333861
0,0,0

StrokePoints: 14
0,0,0
0.813797681349374,-2.07338692908217,3.5
0,-4.73917012361638,8
-5.65404138601897,12.6626990568369,11.895277334996
-5.65404138601897,13.6703332356011,16.5479809796622
-4.02644602332022,11.893144439245,19.5479809796622
-1.5850529792721,11.0045500410669,21.0479809796622
-3.99099403713134,7.58784116829672,22.9162218679968
-2.37757946890815,-4.839134303903,26.7364817766693
-0.764164900684947,-16.1363847331755,30.2094453300079
-4.02644602332022,-30.2124801934636,31.1824088833465
-5.66822218049452,-34.6763128771957,30.9188906600158
-4.05480761227132,-35.806037920123,31.2661870153497
-4.05480761227132,-35.806037920123,31.2661870153497

Velocities: 13
0,0,0
0,0,0
0,6,9
0,0,2
0,0,0
0,0,0
-5,0,0
-10,-12,0
-9,-11,0
-8,-9,-3
-4,-6,0
0,-2,0
0,0,0

InverseVelocities: 13
0,0,0
0,0,0
0,0,0
0,0,0
0,0,0
0,0,0
0,0,0
0,0,0
0,0,0
0,0,0
0,0,0
0,0,0
0,0,0
