GestureName: swipe_down
Duration(ms): 940
Handedness: right

SpeakerAngles: 6
55
-55
0
0
110
-110

SpeakerElevations: 6
-10
-10
-10
0
30
30

InterpretedPoints: 20
0.806707284111599,0.564862521463623,-0.17364817766693
0,0,0
0.799616886873824,0.833526910201223,0.152703644666139
0,1.98480775301221,-0.17364817766693
2.42721224957257,0.833526910201223,0.152703644666139
0.806707284111599,0.564862521463623,-0.17364817766693
2.42721224957257,2.81833466321343,-0.0209445330007911
0.806707284111599,4.80912036033033,-1.04188906600158
3.23391953368417,4.78756456044659,-1.06283359900237
3.24100993092194,6.18595399211143,-1.08377813200316
2.43430264681035,7.88054155650231,-1.60472266500395
6.51038145079499,17.6244951088957,-6.12566719800475
1.6134145682232,11.6030484736729,-2.25742630967009
0,0,0
1.62759536269875,1.1847925309041,-2
3.2551907253975,1.1847925309041,-2
2.44139304404812,2.66578319453421,-4.5
3.2551907253975,1.1847925309041,-2
1.62759536269875,0.592396265452048,-1
0,0,0

StrokePoints: 21
0,0,0
0.806707284111599,0.564862521463623,-0.17364817766693
0.806707284111599,0.564862521463623,-0.17364817766693
1.60632417098542,1.39838943166485,-0.020944533000791
1.60632417098542,3.38319718467705,-0.194592710667721
4.03353642055799,4.21672409487828,-0.0418890660015821
4.84024370466959,4.7815866163419,-0.215537243668512
7.26745595424216,7.59992127955533,-0.236481776669304
8.07416323835376,12.4090416398857,-1.27837084267089
11.3080827720379,17.1966062003322,-2.34120444167326
14.5490927029599,23.3825601924437,-3.42498257367642
16.9833953497702,31.263101748946,-5.02970523868038
23.4937768005652,48.8875968578417,-11.1553724366851
25.1071913687884,60.4906453315146,-13.4127987463552
25.1071913687884,60.4906453315146,-13.4127987463552
26.7347867314872,61.6754378624186,-15.4127987463552
29.9899774568847,62.8602303933227,-17.4127987463552
32.4313705009328,65.526013587857,-21.9127987463552
35.6865612263303,66.7108061187611,-23.9127987463552
37.314156589029,67.3032023842131,-24.9127987463552
37.314156589029,67.3032023842131,-24.9127987463552

Velocities: 20
1,0,0
0,0,0
2,0,0
0,0,1
2,0,0
1,0,0
2,0,1
3,2,1
6,3,0
7,5,0
8,7,0
7,7,4
6,4,3
0,0,0
0,0,0
0,0,0
0,0,0
0,0,0
0,0,0
0,0,0

InverseVelocities: 20
0,0,0
0,0,0
0,0,0
0,0,0
0,0,0
0,0,0
0,0,0
0,0,0
0,0,0
0,0,0
0,0,0
0,0,0
0,0,0
0,0,0
0,0,0
0,0,0
0,0,0
0,0,0
0,0,0
0,0,0
