GestureName: swipe_down
Duration(ms): 846
Handedness: right

SpeakerAngles: 6
55
-55
0
0
110
-110

SpeakerElevations: 6
-10
-10
-10
0
30
30

InterpretedPoints: 18
1.6134145682232,1.12972504292725,-0.347296355333861
1.6134145682232,1.12972504292725,-0.347296355333861
2.4201218523348,1.69458756439087,-0.520944533000791
2.43430264681035,3.36164138479332,-0.215537243668512
2.42721224957257,5.35242708191021,-1.2364817766693
-1.6417761571743,20.02454077522,-0.646611731005537
0.785436092398274,6.96441341433581,0.721629157329114
0,18.6871967756367,-3.12566719800475
5.69658376944562,8.2593409211936,-4.58377813200316
0.806707284111599,13.0229937052214,-2.25742630967009
2.42721224957257,10.7695215634716,-2.41012995433623
0,0,0
4.88278608809624,2.36958506180819,-4
3.2551907253975,1.1847925309041,-2
0.813797681349374,1.48099066363012,-2.5
0.813797681349374,0.296198132726024,-0.5
0.813797681349374,0.296198132726024,-0.5
0,0,0

StrokePoints: 19
0,0,0
1.6134145682232,1.12972504292725,-0.347296355333861
3.2268291364464,2.25945008585449,-0.694592710667721
5.64695098878119,3.95403765024536,-1.21553724366851
8.08125363559154,7.31567903503868,-1.43107448733702
10.5084658851641,12.6681061169489,-2.66755626400633
8.86668972798981,32.6926468921689,-3.31416799501187
9.65212582038809,39.6570603065047,-2.59253883768275
9.65212582038809,58.3442570821415,-5.7182060356875
15.3487095898337,66.6035980033351,-10.3019841676907
16.1554168739453,79.6265917085565,-12.5594104773608
18.5826291235179,90.3961132720282,-14.969540431697
18.5826291235179,90.3961132720282,-14.969540431697
23.4654152116141,92.7656983338364,-18.969540431697
26.7206059370116,93.9504908647404,-20.969540431697
27.534403618361,95.4314815283706,-23.469540431697
28.3482012997104,95.7276796610966,-23.969540431697
29.1619989810597,96.0238777938226,-24.469540431697
29.1619989810597,96.0238777938226,-24.469540431697

Velocities: 18
2,0,0
2,0,0
3,0,0
4,3,0
6,4,0
8,6,7
10,6,0
6,6,6
6,6,0
5,4,4
5,3,3
0,0,0
0,0,0
0,0,0
0,0,0
0,0,0
0,0,0
0,0,0

InverseVelocities: 18
0,0,0
0,0,0
0,0,0
0,0,0
0,0,0
0,0,0
0,0,0
0,0,0
0,0,0
0,0,0
0,0,0
0,0,0
0,0,0
0,0,0
0,0,0
0,0,0
0,0,0
0,0,0
