GestureName: swipe_front
Duration(ms): 611
Handedness: right

SpeakerAngles: 6
55
-55
0
0
110
-110

SpeakerElevations: 6
-10
-10
-10
0
30
30

InterpretedPoints: 13
0.806707284111599,0.564862521463623,-0.17364817766693
0.813797681349374,-0.296198132726024,0.5
2.42721224957257,6.78795016923785,-0.368240888334652
1.62759536269875,-0.592396265452048,1
-0.792526489636049,0.509795033486775,1.47905546699921
0.01418079447555,-0.0550674879768485,1.65270364466614
3.23391953368417,8.15282791280958,1.28446275633149
5.65404138601897,7.2702114587362,1.93716640099763
9.72302979276584,8.54358316571025,-3.38918542133544
4.03353642055799,2.23191634186607,0.131759111665348
0.813797681349374,-0.296198132726024,0.5
0.813797681349374,-0.296198132726024,0.5
0,0,0

StrokePoints: 14
0,0,0
0.806707284111599,0.564862521463623,-0.17364817766693
1.62050496546097,0.2686643887376,0.32635182233307
4.04771721503354,7.05661455797545,-0.0418890660015822
5.67531257773229,6.4642182925234,0.958110933998418
4.88278608809624,6.97401332601017,2.43716640099763
4.89696688257179,6.91894583803333,4.08987004566377
8.13088641625596,15.0717737508429,5.37433280199525
13.7849278022749,22.3419852095791,7.31149920299288
23.5079575950408,30.8855683752894,3.92231378165744
27.5414940155988,33.1174847171554,4.05407289332279
28.3552916969481,32.8212865844294,4.55407289332279
29.1690893782975,32.5250884517034,5.05407289332279
29.1690893782975,32.5250884517034,5.05407289332279

Velocities: 13
1,0,0
0,0,0
2,0,3
0,0,0
0,3,0
0,2,0
3,0,4
6,0,3
6,0,2
5,0,0
0,0,0
0,0,0
0,0,0

InverseVelocities: 13
0,0,0
0,0,0
0,0,0
0,0,0
0,0,0
0,0,0
0,0,0
0,0,0
0,0,0
0,0,0
0,0,0
0,0,0
0,0,0
