GestureName: swipe_back
Duration(ms): 470
Handedness: right

SpeakerAngles: 6
55
-55
0
0
110
-110

SpeakerElevations: 6
-10
-10
-10
0
30
30

InterpretedPoints: 10
0.00709039723777505,-4.83067616021406,1.02094453300079
-2.43430264681035,-0.564862521463623,0.17364817766693
-6.48201986184389,-2.25945008585449,0.694592710667721
-3.23391953368417,-0.805993166212799,-0.979055466999209
-6.46783906736834,-2.20438259787765,-0.958110933998418
-1.62050496546097,-5.91728960337384,1.41012995433623
0,-15.3955056275574,-4.04798097966218
2.44139304404812,-3.57523828555407,-1.7635182233307
0.0212711917133253,-0.213596900760751,-1.97905546699921
0,0,0

StrokePoints: 11
0,0,0
0.00709039723777505,-4.83067616021406,1.02094453300079
-2.42721224957257,-5.39553868167769,1.19459271066772
-8.90923211141646,-7.65498876753218,1.88918542133544
-12.1431516451006,-8.46098193374498,0.910129954336234
-18.610990712469,-10.6653645316226,-0.0479809796621842
-20.2314956779299,-16.5826541349965,1.36214897467405
-20.2314956779299,-31.9781597625538,-2.68583200498813
-17.7901026338818,-35.5533980481079,-4.44935022831883
-17.7688314421685,-35.7669949488686,-6.42840569531804
-17.7688314421685,-35.7669949488686,-6.42840569531804

Velocities: 10
-1,0,-2
-1,0,0
-4,0,0
-3,0,0
-6,0,0
-6,-5,0
-5,-5,-7
-5,-5,0
-3,0,0
0,0,0

InverseVelocities: 10
0,0,0
0,0,0
0,0,0
0,0,0
0,0,0
0,0,0
0,0,0
0,0,0
0,0,0
0,0,0
