GestureName: swipe_back
Duration(ms): 470
Handedness: right

SpeakerAngles: 6
55
-55
0
0
110
-110

SpeakerElevations: 6
-10
-10
-10
0
30
30

InterpretedPoints: 10
-2.42721224957257,-1.42592317565327,0.847296355333861
-4.85442449914514,-2.25945008585449,0.694592710667721
-5.66113178325674,-2.23191634186607,-0.131759111665348
-1.6134145682232,-4.51890017170899,1.38918542133544
-3.2551907253975,-5.70369270261308,3.38918542133544
-9.72302979276584,-1.6119863324256,-1.95811093399842
-4.03353642055799,0.730064985394169,-5.13175911166535
3.2551907253975,-3.33410764080489,-0.610814578664557
-3.2268291364464,-2.25945008585449,0.694592710667721
0,0,0

StrokePoints: 11
0,0,0
-2.42721224957257,-1.42592317565327,0.847296355333861
-7.28163674871771,-3.68537326150777,1.54188906600158
-12.9427685319745,-5.91728960337383,1.41012995433623
-14.5561831001977,-10.4361897750828,2.79931537567168
-17.8113738255951,-16.1398824776959,6.18850079700712
-27.534403618361,-17.7518688101215,4.2303898630087
-31.567940038919,-17.0218038247273,-0.901369248656647
-28.3127493135215,-20.3559114655322,-1.5121838273212
-31.5395784499679,-22.6153615513867,-0.817591116653483
-31.5395784499679,-22.6153615513867,-0.817591116653483

Velocities: 10
-2,0,0
-4,0,0
-5,0,0
-5,-3,0
-4,-4,0
-6,0,0
-5,0,0
-4,-4,0
-4,0,0
0,0,0

InverseVelocities: 10
0,0,0
0,0,0
0,0,0
0,0,0
0,0,0
0,0,0
0,0,0
0,0,0
0,0,0
0,0,0
