GestureName: swipe_back
Duration(ms): 470
Handedness: right

SpeakerAngles: 6
55
-55
0
0
110
-110

SpeakerElevations: 6
-10
-10
-10
0
30
30

InterpretedPoints: 10
-0.806707284111599,-2.54967027447583,0.347296355333861
-1.6134145682232,-1.12972504292725,0.347296355333861
-2.4201218523348,-1.10219129893882,-0.479055466999209
0.0141807944755499,-13.8385867831086,-0.437166400997627
2.4484834412859,0.619930009440472,-1.82635182233307
2.48393542747477,-15.209442470785,-1.2425736903299
1.66304734888762,0.433866852668145,-4.63175911166535
1.64886655441207,-0.213596900760752,-1.97905546699921
-4.86151489638292,-0.805993166212799,-0.979055466999209
0,0,0

StrokePoints: 11
0,0,0
-0.806707284111599,-2.54967027447583,0.347296355333861
-2.4201218523348,-3.67939531740308,0.694592710667721
-4.84024370466959,-4.7815866163419,0.215537243668512
-4.82606291019404,-18.6201733994505,-0.221629157329114
-2.37757946890815,-18.00024339001,-2.04798097966218
0.106355958566625,-33.2096858607951,-3.29055466999209
1.76940330745425,-32.7758190081269,-7.92231378165744
3.41826986186632,-32.9894159088877,-9.90136924865664
-1.4432450345166,-33.7954090751005,-10.8804247156559
-1.4432450345166,-33.7954090751005,-10.8804247156559

Velocities: 10
-1,0,-1
-2,0,0
-3,0,0
-2,0,-7
-1,0,0
-6,0,-7
-5,0,0
-3,0,0
-3,0,0
0,0,0

InverseVelocities: 10
0,0,0
0,0,0
0,0,0
0,0,0
0,0,0
0,0,0
0,0,0
0,0,0
0,0,0
0,0,0
