GestureName: swipe_right
Duration(ms): 1128
Handedness: right

SpeakerAngles: 6
55
-55
0
0
110
-110

SpeakerElevations: 6
-10
-10
-10
0
30
30

InterpretedPoints: 24
0.806707284111599,0.564862521463623,-0.17364817766693
2.42721224957257,0.833526910201223,0.152703644666139
1.6134145682232,0.537328777475199,0.652703644666139
0.813797681349374,3.08102110784634,1.15270364466614
-0.799616886873824,8.18036165679801,0.458110933998418
4.86151489638292,12.9894820171283,-0.583778132003164
4.03353642055799,2.23191634186607,0.131759111665348
1.62759536269875,14.5954904054492,2.22162915732911
-8.10252482730486,11.267360708749,0.763518223330696
0.00709039723777494,9.22748546775998,2.58987004566377
-1.62050496546097,7.29774520272462,1.11081457866456
-9.71593939552806,-0.805993166212799,-0.979055466999209
-7.29581754319326,-0.778459422224375,-1.80540728933228
-10.5297370768774,-2.17684885388922,-1.78446275633149
-4.06898840674687,1.48099066363012,-2.5
-10.5297370768774,-3.30657389681647,-1.43716640099763
-6.46074867013057,-1.28825445571115,-3.28446275633149
-2.43430264681035,-0.454727545509927,-3.13175911166535
-2.4484834412859,-0.509795033486775,-1.47905546699921
0,-3.32215175259552,-2.30540728933228
0.806707284111599,-1.95727400902378,-0.652703644666139
1.62050496546097,-0.2686643887376,-0.32635182233307
0.813797681349374,0.296198132726024,-0.5
0,0,0

StrokePoints: 25
0,0,0
0.806707284111599,0.564862521463623,-0.17364817766693
3.23391953368417,1.39838943166485,-0.020944533000791
4.84733410190737,1.93571820914005,0.631759111665348
5.66113178325674,5.01673931698639,1.78446275633149
4.86151489638292,13.1971009737844,2.2425736903299
9.72302979276584,26.1865829909127,1.65879555832674
13.7565662133238,28.4184993327788,1.79055466999209
15.3841615760226,43.013989738228,4.0121838273212
7.28163674871771,54.2813504469771,4.7757020506519
7.28872714595549,63.5088359147371,7.36557209631567
5.66822218049452,70.8065811174617,8.47638667498022
-4.04771721503354,70.0005879512489,7.49733120798101
-11.3435347582268,69.2221285290245,5.69192391864873
-21.8732718351042,67.0452796751353,3.90746116231725
-25.9422602418511,68.5262703387654,1.40746116231725
-36.4719973187285,65.2196964419489,-0.0297052386803784
-42.9327459888591,63.9314419862378,-3.31416799501187
-45.3670486356694,63.4767144407279,-6.44592710667721
-47.8155320769553,62.9669194072411,-7.92498257367642
-47.8155320769553,59.6447676546456,-10.2303898630087
-47.0088247928437,57.6874936456218,-10.8830935076748
-45.3883198273828,57.4188292568842,-11.2094453300079
-44.5745221460334,57.7150273896102,-11.7094453300079
-44.5745221460334,57.7150273896102,-11.7094453300079

Velocities: 24
1,0,0
2,0,0
2,0,0
0,0,2
0,2,4
5,2,5
5,0,0
5,5,6
0,5,5
3,4,4
2,3,3
-5,2,0
-4,0,0
-7,0,0
0,0,0
-8,-1,0
-7,0,0
-3,-2,0
-1,-2,0
-1,-1,-2
0,-1,-1
0,-1,0
0,0,0
0,0,0

InverseVelocities: 24
0,0,0
0,0,0
0,0,0
0,0,0
0,0,0
0,0,0
0,0,0
0,0,0
0,0,0
-2,0,0
-3,-4,0
0,0,0
0,0,0
0,0,0
0,0,0
0,0,0
0,0,0
0,0,0
0,0,0
0,0,0
0,0,0
0,0,0
0,0,0
0,0,0
