GestureName: swipe_left
Duration(ms): 893
Handedness: right

SpeakerAngles: 6
55
-55
0
0
110
-110

SpeakerElevations: 6
-10
-10
-10
0
30
30

InterpretedPoints: 19
0.813797681349374,-0.296198132726024,0.5
2.44139304404812,0.241130644749175,1.15270364466614
4.05480761227132,0.241130644749175,1.15270364466614
8.91632250865424,1.04712381096197,2.13175911166535
5.68240297497007,1.79804948919792,4.7635182233307
7.29581754319326,-0.461400596656569,5.45811093399842
15.3841615760226,3.84390267429167,2.08987004566377
17.0046665414835,23.9606445931514,0.679740091327532
15.3912519732604,2.98284202010202,2.7635182233307
27.5273132211232,-1.77718879635614,3
29.9757966624091,-19.5027898535239,0.431074487337026
20.2811284585944,-26.5438265557203,1.34120444167326
14.5632734974354,-6.77835025756348,2.08377813200316
3.27646191711082,-16.0489473250909,-0.547980979662184
1.6134145682232,-5.09934054895166,0.694592710667721
0,-1.98480775301221,0.17364817766693
-0.813797681349374,0.296198132726024,-0.5
-0.813797681349374,0.296198132726024,-0.5
0,0,0

StrokePoints: 20
0,0,0
0.813797681349374,-0.296198132726024,0.5
3.2551907253975,-0.0550674879768485,1.65270364466614
7.30999833766881,0.186063156772327,2.80540728933228
16.226320846323,1.2331869677343,4.93716640099763
21.9087238212931,3.03123645693223,9.70068462432832
29.2045413644864,2.56983586027566,15.1587955583267
44.588702940509,6.41373853456732,17.2486656039905
61.5933694819925,30.3743831277187,17.928405695318
76.9846214552529,33.3572251478207,20.6919239186487
104.511934676376,31.5800363514646,23.6919239186487
134.487731338785,12.0772464979407,24.1229984059858
154.76885979738,-14.4665800577796,25.464202847659
169.332133294815,-21.2449303153431,27.5479809796622
172.608595211926,-37.2938776404341,27
174.222009780149,-42.3932181893857,27.6945927106677
174.222009780149,-44.3780259423979,27.8682408883346
173.4082120988,-44.0818278096719,27.3682408883346
172.59441441745,-43.7856296769459,26.8682408883346
172.59441441745,-43.7856296769459,26.8682408883346

Velocities: 19
0,0,0
1,1,0
2,0,0
5,0,0
6,4,0
5,1,0
11,0,0
12,0,10
10,0,0
10,-10,0
7,-12,-9
-3,-12,-10
0,-12,0
-7,-4,-6
0,-2,-2
0,0,-1
0,0,0
0,0,0
0,0,0

InverseVelocities: 19
0,0,0
0,0,0
0,0,0
0,0,0
0,0,0
0,0,0
0,0,0
0,0,0
0,0,0
0,0,0
-1,0,0
0,0,0
0,0,0
0,0,0
0,0,0
0,0,0
0,0,0
0,0,0
0,0,0
