GestureName: swipe_down
Duration(ms): 846
Handedness: right

SpeakerAngles: 6
55
-55
0
0
110
-110

SpeakerElevations: 6
-10
-10
-10
0
30
30

InterpretedPoints: 18
0.813797681349374,-0.296198132726024,0.5
2.4201218523348,1.69458756439087,-0.520944533000791
1.60632417098542,2.47304698661525,1.28446275633149
3.22682913644639,3.92650390625694,-0.389185421335443
3.24100993092195,3.76130144232639,4.56892551266297
-2.44139304404812,21.4504639508733,-1.4939080863394
0.00709039723777527,7.04701464630108,-1.75742630967009
4.86860529362069,5.70369270261308,-3.38918542133544
-0.827978475824924,15.3315333349481,-3.75742630967009
-0.806707284111599,6.79392811334253,-1.21553724366851
3.26937151987305,11.1207871841745,-4.56283359900237
1.62759536269875,4.56201177147646,-1.34729635533386
0.813797681349374,0.888594398178072,-1.5
0.813797681349374,0.888594398178072,-1.5
2.44139304404812,0.888594398178072,-1.5
0.813797681349374,0.296198132726024,-0.5
0.813797681349374,0.296198132726024,-0.5
0,0,0

StrokePoints: 19
0,0,0
0.813797681349374,-0.296198132726024,0.5
3.23391953368417,1.39838943166485,-0.0209445330007911
4.84024370466959,3.87143641828009,1.2635182233307
8.06707284111599,7.79794032453703,0.874332801995253
11.3080827720379,11.5592417668634,5.44325831465823
8.86668972798981,33.0097057177367,3.94935022831883
8.87378012522759,40.0567203640378,2.19192391864873
13.7423854188483,45.7604130666509,-1.19726150268671
12.9144069430234,61.091946401599,-4.9546878123568
12.1076996589118,67.8858745149415,-6.17022505602531
15.3770711787848,79.0066616991161,-10.7330586550277
17.0046665414835,83.5686734705925,-12.0803550103615
17.8184642228329,84.4572678687706,-13.5803550103615
18.6322619041823,85.3458622669487,-15.0803550103615
21.0736549482304,86.2344566651267,-16.5803550103615
21.8874526295798,86.5306547978527,-17.0803550103615
22.7012503109292,86.8268529305788,-17.5803550103615
22.7012503109292,86.8268529305788,-17.5803550103615

Velocities: 18
0,0,0
3,0,0
5,2,0
6,2,0
8,6,0
8,8,7
6,7,0
5,3,0
5,3,5
2,3,2
2,4,3
0,0,2
0,0,0
0,0,0
0,0,0
0,0,0
0,0,0
0,0,0

InverseVelocities: 18
0,0,0
0,0,0
0,0,0
0,0,0
0,0,0
0,0,0
0,0,0
0,0,0
0,0,0
0,0,0
0,0,0
0,0,0
0,0,0
0,0,0
0,0,0
0,0,0
0,0,0
0,0,0
