GestureName: swipe_down
Duration(ms): 1222
Handedness: right

SpeakerAngles: 6
55
-55
0
0
110
-110

SpeakerElevations: 6
-10
-10
-10
0
30
30

InterpretedPoints: 26
0.813797681349374,-0.296198132726024,0.5
-0.813797681349374,-0.296198132726024,0.5
1.62759536269875,-0.592396265452048,1
0.813797681349374,-0.296198132726024,0.5
0.813797681349374,-0.296198132726024,0.5
0.813797681349374,-0.296198132726024,0.5
0,0,0
0,0,0
1.62050496546097,0.2686643887376,0.32635182233307
0.813797681349374,-0.296198132726024,0.5
0.806707284111599,0.564862521463623,-0.17364817766693
0,0,0
1.60632417098542,1.39838943166485,-0.0209445330007911
2.42721224957257,1.96325195312847,-0.194592710667721
3.23391953368417,2.52811447459209,-0.368240888334652
3.2551907253975,14.3878714487932,-0.604722665003955
0.79252648963605,13.4501875067429,1.70068462432832
5.66822218049452,7.01948090231266,-0.931074487337025
4.03353642055799,9.54759537690475,-1.29931537567168
2.41303145509702,10.4086560310944,-1.97296355333861
-5.70367416668339,22.2691081123374,-9.95201902033781
2.43430264681035,2.93444758327181,-4.17364817766693
0.813797681349374,2.07338692908217,-3.5
0,1.77718879635614,-3
1.62759536269875,0.592396265452048,-1
0,0,0

StrokePoints: 27
0,0,0
0.813797681349374,-0.296198132726024,0.5
0,-0.592396265452048,1
1.62759536269875,-1.1847925309041,2
2.44139304404812,-1.48099066363012,2.5
3.2551907253975,-1.77718879635614,3
4.06898840674687,-2.07338692908217,3.5
4.06898840674687,-2.07338692908217,3.5
4.06898840674687,-2.07338692908217,3.5
5.68949337220784,-1.80472254034457,3.82635182233307
6.50329105355722,-2.10092067307059,4.32635182233307
7.30999833766881,-1.53605815160697,4.15270364466614
7.30999833766881,-1.53605815160697,4.15270364466614
8.91632250865424,-0.137668719942121,4.13175911166535
11.3435347582268,1.82558323318635,3.93716640099763
14.577454291911,4.35369770777844,3.56892551266297
17.8326450173085,18.7415691565716,2.96420284765902
18.6251715069445,32.1917566633146,4.66488747198734
24.293393687439,39.2112375656272,3.73381298465032
28.326930107997,48.758832942532,2.43449760897864
30.7399615630941,59.1674889736264,0.461534055640035
25.0362873964107,81.4365970859638,-9.49048496469778
27.470590043221,84.3710446692356,-13.6641331423647
28.2843877245704,86.4444315983178,-17.1641331423647
28.2843877245704,88.2216203946739,-20.1641331423647
29.9119830872691,88.814016660126,-21.1641331423647
29.9119830872691,88.814016660126,-21.1641331423647

Velocities: 26
0,0,0
0,0,0
0,0,0
0,0,0
0,0,0
0,0,0
0,0,0
0,0,0
1,0,0
0,0,0
1,0,0
0,0,0
3,0,0
3,1,0
4,1,0
5,5,5
9,6,4
9,5,0
12,7,0
12,8,0
6,5,6
1,0,0
0,0,0
0,0,0
0,0,0
0,0,0

InverseVelocities: 26
0,0,0
0,0,0
0,0,0
0,0,0
0,0,0
0,0,0
0,0,0
0,0,0
0,0,0
0,0,0
0,0,0
0,0,0
0,0,0
0,0,0
0,0,0
0,0,0
0,0,0
0,0,0
0,0,0
0,0,0
0,0,0
0,0,0
0,0,0
0,0,0
0,0,0
0,0,0
