GestureName: swipe_left
Duration(ms): 799
Handedness: right

SpeakerAngles: 6
55
-55
0
0
110
-110

SpeakerElevations: 6
-10
-10
-10
0
30
30

InterpretedPoints: 17
1.62050496546097,0.2686643887376,0.32635182233307
2.43430264681035,-0.0275337439884242,0.82635182233307
3.24810032815972,-0.323731876714448,1.32635182233307
5.66822218049452,1.37085568767642,0.805407289332278
4.04771721503354,-1.26739376286937,4.47905546699921
11.3435347582268,1.28825445571115,3.28446275633149
7.32417913214436,11.2278710765512,3.28446275633149
17.0117569387213,17.1451606799251,1.87433280199525
16.2121400518475,12.3420182636994,2.06892551266297
24.3004840846768,-1.1847925309041,2
19.4460595855317,-14.1682966039277,1.7364817766693
12.9853109154011,-28.5621459968256,3.18850079700712
8.90214171417869,-20.6325148964511,0.778370842670886
9.70884899829029,-3.33410764080489,-0.610814578664557
4.04062681779577,-6.732882681261,-1.28446275633149
1.6134145682232,-2.52213653048741,-0.479055466999209
0,0,0

StrokePoints: 18
0,0,0
1.62050496546097,0.2686643887376,0.32635182233307
4.05480761227132,0.241130644749175,1.15270364466614
7.30290794043104,-0.0826012319652727,2.47905546699921
12.9711301209256,1.28825445571115,3.28446275633149
17.0188473359591,0.0208606928417816,7.7635182233307
28.3623820941859,1.30911514855293,11.0479809796622
35.6865612263303,12.5369862251042,14.3324437359937
52.6983181650516,29.6821469050292,16.2067765379889
68.9104582168991,42.0241651687287,18.2757020506519
93.2109423015759,40.8393726378246,20.2757020506519
112.657001887108,26.6710760338968,22.0121838273212
125.642312802509,-1.89106996292876,25.2006846243283
134.544454516687,-22.5235848593799,25.9790554669992
144.253303514978,-25.8576925001848,25.3682408883347
148.293930332773,-32.5905751814458,24.0837781320032
149.907344900997,-35.1127117119332,23.604722665004
149.907344900997,-35.1127117119332,23.604722665004

Velocities: 17
1,0,0
1,0,0
1,0,0
4,0,0
3,0,0
7,0,0
0,0,7
11,0,7
9,0,5
8,-8,0
4,-8,-6
-6,-11,-10
0,-7,-9
0,-8,0
0,-4,-3
0,-2,-1
0,0,0

InverseVelocities: 17
0,0,0
0,0,0
0,0,0
0,0,0
0,0,0
0,0,0
0,0,0
0,0,0
0,0,0
0,0,0
-6,0,0
0,0,0
0,0,0
0,0,0
0,0,0
0,0,0
0,0,0
