GestureName: swipe_down
Duration(ms): 658
Handedness: right

SpeakerAngles: 6
55
-55
0
0
110
-110

SpeakerElevations: 6
-10
-10
-10
0
30
30

InterpretedPoints: 14
2.4201218523348,5.07180680496324,0.131759111665348
3.2268291364464,6.22906559187891,-1.04188906600158
1.62050496546097,13.8565206154227,-2.10472266500395
3.23391953368417,20.9406689173865,-2.97296355333861
2.42721224957257,7.61187716776471,-1.93107448733702
3.23391953368417,5.91728960337384,-1.41012995433623
0,0,0
7.30999833766881,15.3866008229249,-5.41012995433623
2.43430264681035,2.28698382984292,-1.52094453300079
6.46783906736834,1.23986001888094,-3.65270364466614
4.88278608809624,3.55437759271229,-6
2.44139304404812,3.25817945998626,-5.5
4.88278608809624,1.77718879635614,-3
0,0,0

StrokePoints: 15
0,0,0
2.4201218523348,5.07180680496324,0.131759111665348
5.64695098878119,11.3008723968421,-0.910129954336234
7.26745595424216,25.1573930122648,-3.01485261934019
10.5013754879263,46.0980619296514,-5.9878161726788
12.9285877374989,53.7099390974161,-7.91889066001582
16.1625072711831,59.6272287007899,-9.32902061435205
16.1625072711831,59.6272287007899,-9.32902061435205
23.4725056088519,75.0138295237148,-14.7391505686883
25.9068082556622,77.3008133535578,-16.2600951016891
32.3746473230306,78.5406733724387,-19.9127987463552
37.2574334111268,82.095050965151,-25.9127987463552
39.6988264551749,85.3532304251373,-31.4127987463552
44.5816125432712,87.1304192214934,-34.4127987463552
44.5816125432712,87.1304192214934,-34.4127987463552

Velocities: 14
3,0,2
4,0,2
6,5,4
8,5,7
8,6,0
7,4,0
0,0,0
4,2,5
2,1,0
2,-4,0
0,0,0
0,0,0
0,0,0
0,0,0

InverseVelocities: 14
0,0,0
0,0,0
0,0,0
0,0,0
0,0,0
0,0,0
0,0,0
0,0,0
0,0,0
-1,0,0
0,0,0
0,0,0
0,0,0
0,0,0
