GestureName: swipe_back
Duration(ms): 470
Handedness: right

SpeakerAngles: 6
55
-55
0
0
110
-110

SpeakerElevations: 6
-10
-10
-10
0
30
30

InterpretedPoints: 10
0.00709039723777505,-6.81548391322627,1.19459271066772
0.813797681349374,-0.296198132726024,0.5
-0.792526489636048,-1.69458756439087,0.520944533000791
2.43430264681035,-9.31606464382994,0.736481776669304
3.24810032815972,-17.1786723680182,-0.200684624328323
0,-22.6568122816611,3.47296355333861
4.01935562608244,-19.240103408891,1.60472266500395
-3.24100993092194,-2.79677886332969,0.0418890660015822
-0.813797681349374,-0.833526910201223,-0.152703644666139
0,0,0

StrokePoints: 11
0,0,0
0.00709039723777505,-6.81548391322627,1.19459271066772
0.820888078587149,-7.11168204595229,1.69459271066772
0.0283615889511005,-8.80626961034316,2.21553724366851
2.46266423576145,-18.1223342541731,2.95201902033782
5.71076456392117,-35.3010066221913,2.75133439600949
5.71076456392117,-57.9578189038524,6.2242979493481
9.73012019000361,-77.1979223127434,7.82902061435206
6.48911025908167,-79.9947011760731,7.87090968035364
5.67531257773229,-80.8282280862743,7.7182060356875
5.67531257773229,-80.8282280862743,7.7182060356875

Velocities: 10
-1,0,-3
0,0,0
-3,0,0
-3,-4,-3
-6,-7,-6
-6,-6,-8
0,-7,-8
-4,-2,0
-1,-1,0
0,0,0

InverseVelocities: 10
0,0,0
0,0,0
0,0,0
0,0,0
0,0,0
0,0,0
0,0,0
0,0,0
0,0,0
0,0,0
