GestureName: swipe_up
Duration(ms): 752
Handedness: right

SpeakerAngles: 6
55
-55
0
0
110
-110

SpeakerElevations: 6
-10
-10
-10
0
30
30

InterpretedPoints: 16
0.813797681349374,-0.296198132726024,0.5
0,-0.592396265452048,1
0,-0.592396265452048,1
0.813797681349374,-0.888594398178072,1.5
3.24100993092194,-0.0550674879768485,1.65270364466614
1.62759536269875,-2.36958506180819,4
2.42721224957257,4.41836510742966,3.63175911166535
-2.42721224957257,7.53289790336911,3.11081457866456
-0.0141807944755503,-2.85184635130654,1.69459271066772
8.93759370036756,-16.277551197638,10.3202599086725
-0.813797681349374,-33.7009761779751,6.40403804067563
0.799616886873823,-12.1307773394737,3.32025990867247
4.05480761227132,-8.14920594523991,1.27837084267089
4.86860529362069,0.0550674879768485,-1.65270364466614
-2.44139304404812,0.888594398178072,-1.5
0,0,0

StrokePoints: 17
0,0,0
0.813797681349374,-0.296198132726024,0.5
0.813797681349374,-0.888594398178072,1.5
0.813797681349374,-1.48099066363012,2.5
1.62759536269875,-2.36958506180819,4
4.86860529362069,-2.42465254978504,5.65270364466614
6.49620065631944,-4.79423761159323,9.65270364466614
8.92341290589201,-0.375872504163574,13.2844627563315
6.49620065631944,7.15702539920554,16.395277334996
6.48201986184389,4.305179047899,18.0898700456638
15.4196135622115,-11.972372149739,28.4101299543362
14.6058158808621,-45.6733483277141,34.8141679950119
15.4054327677359,-57.8041256671878,38.1344279036843
19.4602403800072,-65.9533316124277,39.4127987463552
24.3288456736279,-65.8982641244509,37.7600951016891
21.8874526295798,-65.0096697262728,36.2600951016891
21.8874526295798,-65.0096697262728,36.2600951016891

Velocities: 16
0,0,0
0,0,0
0,0,0
0,0,0
2,0,0
0,0,0
2,0,3
1,3,4
-1,-3,0
-10,-12,0
-12,-12,-10
-10,-12,0
-7,-9,0
0,-2,0
0,0,0
0,0,0

InverseVelocities: 16
0,0,0
0,0,0
0,0,0
0,0,0
0,0,0
0,0,0
0,0,0
0,0,0
0,0,0
0,0,0
0,0,0
0,0,0
0,0,0
0,0,0
0,0,0
0,0,0
