GestureName: swipe_back
Duration(ms): 376
Handedness: right

SpeakerAngles: 6
55
-55
0
0
110
-110

SpeakerElevations: 6
-10
-10
-10
0
30
30

InterpretedPoints: 8
-0.806707284111599,-0.564862521463623,0.17364817766693
-4.84024370466959,-3.38917512878174,1.04188906600158
-2.44139304404812,-20.0580524633132,2.32025990867247
-1.62050496546097,-5.86222211539699,-0.242573690329905
-6.50329105355722,-20.5558916085906,-0.853388268994463
-4.84733410190737,-2.52811447459209,0.368240888334652
-3.22682913644639,-1.66705382040245,-0.305407289332279
0,0,0

StrokePoints: 9
0,0,0
-0.806707284111599,-0.564862521463623,0.17364817766693
-5.64695098878119,-3.95403765024537,1.21553724366851
-8.08834403282931,-24.0120901135585,3.53579715234098
-9.70884899829028,-29.8743122289555,3.29322346201107
-16.2121400518475,-50.4302038375461,2.43983519301661
-21.0594741537549,-52.9583183121382,2.80807608135126
-24.2863032902013,-54.6253721325406,2.50266879201899
-24.2863032902013,-54.6253721325406,2.50266879201899

Velocities: 8
-1,0,0
-6,0,0
-8,-8,-6
-7,-6,0
-7,-6,-8
-5,0,0
-4,0,0
0,0,0

InverseVelocities: 8
0,0,0
0,0,0
0,0,0
0,0,0
0,0,0
0,0,0
0,0,0
0,0,0
