GestureName: swipe_right
Duration(ms): 1128
Handedness: right

SpeakerAngles: 6
55
-55
0
0
110
-110

SpeakerElevations: 6
-10
-10
-10
0
30
30

InterpretedPoints: 24
4.05480761227132,0.241130644749175,1.15270364466614
3.22682913644639,3.65186157341465,0.131759111665348
4.84733410190737,9.61226277655596,-1.2364817766693
4.04771721503354,13.2856801498544,-1.08377813200316
4.03353642055799,19.5147457417333,-2.12566719800475
0,20.3422947078298,-1.12566719800475
-4.05480761227132,16.2841000257354,2.54798097966218
-0.799616886873824,14.2992922727232,2.72162915732911
0.00709039723777494,9.76481424523518,3.2425736903299
-0.799616886873824,4.74807492824879,1.45811093399842
-4.86151489638292,-0.805993166212799,-0.979055466999209
-8.90923211141646,-3.89299221816383,-1.28446275633149
-7.29581754319326,-6.732882681261,-1.28446275633149
-10.5297370768774,-12.1008876189503,-0.916221867996835
-8.08834403282931,-11.8046894862242,-1.41622186799684
-8.10961522454264,-9.81390378910734,-2.43716640099763
-3.2268291364464,0.702531241405744,-4.30540728933228
-3.24810032815972,0.916128142166496,-2.32635182233307
-1.63468575993652,-1.93571820914005,-0.631759111665348
-0.0212711917133253,-2.79080091922501,-0.805407289332278
0.792526489636048,-1.10219129893882,-0.479055466999209
1.6134145682232,-1.12972504292725,0.347296355333861
0.806707284111599,-0.564862521463623,0.17364817766693
0,0,0

StrokePoints: 25
0,0,0
4.05480761227132,0.241130644749175,1.15270364466614
7.28163674871771,3.89299221816383,1.28446275633149
12.1289708506251,13.5052549947198,0.047980979662184
16.1766880656586,26.7909351445741,-1.03579715234098
20.2102244862166,46.3056808863074,-3.16146435034573
20.2102244862166,66.6479755941372,-4.28713154835047
16.1554168739453,82.9320756198726,-1.73915056868829
15.3557999870715,97.2313678925959,0.982478588640824
15.3628903843092,106.996182137831,4.22505227897073
14.5632734974354,111.74425706608,5.68316321296915
9.70175860105251,110.938263899867,4.70410774596994
0.792526489636046,107.045271681703,3.41964498963845
-6.50329105355722,100.312389000442,2.13518223330696
-17.0330281304347,88.211501381492,1.21896036531013
-25.121372163264,76.4068118952677,-0.197261502686708
-33.2309873878066,66.5929081061604,-2.63442790368433
-36.457816524253,67.2954393475661,-6.93983519301661
-39.7059168524127,68.2115674897326,-9.26618701534968
-41.3406026123492,66.2758492805926,-9.89794612701503
-41.3618738040626,63.4850483613676,-10.7033534163473
-40.5693473144265,62.3828570624288,-11.1824088833465
-38.9559327462033,61.2531320195015,-10.8351125280127
-38.1492254620917,60.6882694980379,-10.6614643503457
-38.1492254620917,60.6882694980379,-10.6614643503457

Velocities: 24
2,0,0
4,0,1
6,1,3
5,2,5
8,3,7
5,5,8
4,6,7
4,6,6
4,5,4
1,3,2
-3,0,0
-6,0,-1
-4,0,-3
-7,0,-5
-7,0,-5
-4,0,-5
-4,0,0
-1,0,0
-2,-3,0
0,-3,-1
0,-3,0
0,-2,0
0,-1,0
0,0,0

InverseVelocities: 24
0,0,0
0,0,0
0,0,0
0,0,0
0,0,0
0,0,0
0,0,0
0,0,0
0,0,0
-3,-3,0
0,0,0
0,0,0
0,0,0
0,0,0
0,0,0
0,0,0
0,0,0
0,0,0
0,0,0
0,0,0
0,0,0
0,0,0
0,0,0
0,0,0
