GestureName: swipe_left
Duration(ms): 1363
Handedness: right

SpeakerAngles: 6
55
-55
0
0
110
-110

SpeakerElevations: 6
-10
-10
-10
0
30
30

InterpretedPoints: 29
-1.62759536269875,-0.592396265452048,1
-0.813797681349374,-0.296198132726024,0.5
0.813797681349374,-0.296198132726024,0.5
1.62759536269875,0.537328777475199,0.652703644666139
0.806707284111599,-0.0275337439884242,0.826351822333069
0,0,0
1.62050496546097,0.2686643887376,0.32635182233307
0.827978475824924,2.22593839776138,0.979055466999209
-0.799616886873824,4.74807492824879,1.45811093399842
1.63468575993652,1.93571820914005,0.631759111665348
7.28872714595549,1.63952007641402,1.13175911166535
12.1573324395762,0.936988835008277,5.43716640099763
10.5580986658285,14.6110682612283,3.08987004566377
13.7778374050372,17.7315790012724,1.72162915732911
13.7636566105616,15.4840848036273,0.721629157329114
19.4318787910561,0.482261289498351,2.30540728933228
19.4389691882939,-12.50722072763,2.88918542133544
9.70884899829028,-19.5422794857217,2.95201902033782
11.3577155527024,-19.1634801210304,-0.027036446661393
1.59214337650987,-5.86222211539699,-0.242573690329906
-3.26228112263527,-8.42747024565187,-0.763518223330696
0.806707284111599,-0.564862521463623,0.17364817766693
-0.813797681349374,-3.67341737329839,-0.152703644666139
-0.806707284111599,-0.564862521463623,0.17364817766693
0,0,0
0,0,0
0,0,0
-0.813797681349374,0.296198132726024,-0.5
0,0,0

StrokePoints: 30
0,0,0
-1.62759536269875,-0.592396265452048,1
-2.44139304404812,-0.888594398178072,1.5
-1.62759536269875,-1.1847925309041,2
2.22044604925031E-16,-0.647463753428896,2.65270364466614
0.806707284111599,-0.67499749741732,3.47905546699921
0.806707284111599,-0.67499749741732,3.47905546699921
2.42721224957257,-0.406333108679721,3.80540728933228
3.2551907253975,1.81960528908166,4.78446275633149
2.45557383852367,6.56768021733045,6.2425736903299
4.09025959846019,8.5033984264705,6.87433280199525
11.3789867444157,10.1429185028845,8.0060919136606
23.5363191839919,11.0799073378928,13.4432583146582
34.0944178498204,25.6909755991211,16.533128360322
47.8722552548576,43.4225546003935,18.2547575176511
61.6359118654192,58.9066394040209,18.9763866749802
81.0677906564753,59.3889006935192,21.2817939643125
100.506759844769,46.8816799658892,24.1709793856479
110.215608843059,27.3394004801675,27.1229984059858
121.573324395762,8.17592035913713,27.0959619593244
123.165467772272,2.31369824374015,26.8533882689945
119.903186649636,-6.11377200191172,26.0898700456638
120.709893933748,-6.67863452337534,26.2635182233307
119.896096252399,-10.3520518966737,26.1108145786646
119.089388968287,-10.9169144181374,26.2844627563315
119.089388968287,-10.9169144181374,26.2844627563315
119.089388968287,-10.9169144181374,26.2844627563315
119.089388968287,-10.9169144181374,26.2844627563315
118.275591286938,-10.6207162854113,25.7844627563315
118.275591286938,-10.6207162854113,25.7844627563315

Velocities: 29
0,0,0
0,0,0
0,0,0
1,1,0
1,0,0
0,0,0
1,0,0
0,2,1
1,3,2
2,3,0
5,0,0
8,1,0
3,0,8
8,0,8
10,0,6
9,-5,0
5,-8,-5
-1,-9,-7
-4,-9,-7
-4,-9,0
-3,-4,-3
0,-1,0
0,0,-2
-1,0,0
0,0,0
0,0,0
0,0,0
0,0,0
0,0,0

InverseVelocities: 29
0,0,0
0,0,0
0,0,0
0,0,0
0,0,0
0,0,0
0,0,0
0,0,0
0,0,0
0,0,0
0,0,0
0,0,0
0,0,0
0,0,0
0,0,0
0,0,0
-5,0,0
0,0,0
0,0,0
0,0,0
0,0,0
0,0,0
0,0,0
0,0,0
0,0,0
0,0,0
0,0,0
0,0,0
0,0,0
