GestureName: swipe_up
Duration(ms): 705
Handedness: right

SpeakerAngles: 6
55
-55
0
0
110
-110

SpeakerElevations: 6
-10
-10
-10
0
30
30

InterpretedPoints: 15
0,-0.592396265452048,1
1.6134145682232,-0.647463753428896,2.65270364466614
1.62050496546097,8.4155143574425,2.45811093399842
0.00709039723777538,7.82311809199045,3.45811093399842
0.813797681349374,5.5480901503569,3.28446275633149
0,0,0
-4.09025959846019,-12.9679262172446,0.604722665003955
-8.98722648103199,-8.4178703339775,0.952019020337816
-6.52456224527054,-30.1681543851465,0.383093507674841
-4.09734999569797,-14.3112481609326,-1.02703644666139
-3.26937151987305,-14.3447598490257,0.646611731005537
3.2268291364464,-6.77835025756348,2.08377813200316
0.813797681349374,-1.37085568767642,-0.805407289332279
0.806707284111599,-0.564862521463623,0.17364817766693
0,0,0

StrokePoints: 16
0,0,0
0,-0.592396265452048,1
1.6134145682232,-1.23986001888094,3.65270364466614
3.23391953368417,7.17565433856155,6.11081457866456
3.24100993092195,14.998772430552,9.56892551266297
4.05480761227132,20.5468625809089,12.8533882689945
4.05480761227132,20.5468625809089,12.8533882689945
-0.0354519861888756,7.5789363636643,13.4581109339984
-9.02267846722086,-0.8389339703132,14.4101299543362
-15.5472407124914,-31.0070883554597,14.7932234620111
-19.6445907081894,-45.3183365163923,13.7661870153497
-22.9139622280624,-59.663096365418,14.4127987463552
-19.687133091616,-66.4414466229815,16.4965768783584
-18.8733354102666,-67.8123023106579,15.6911695890261
-18.066628126155,-68.3771648321215,15.864817766693
-18.066628126155,-68.3771648321215,15.864817766693

Velocities: 15
0,0,0
2,0,0
1,0,5
0,1,5
2,2,3
0,0,0
-4,-7,-4
-6,-11,0
-9,-11,-11
-6,-10,-4
-8,-10,-3
-4,-8,0
-2,-2,0
0,-1,0
0,0,0

InverseVelocities: 15
0,0,0
0,0,0
0,0,0
0,0,0
0,0,0
0,0,0
0,0,0
0,0,0
0,0,0
0,0,0
0,0,0
0,0,0
0,0,0
0,0,0
0,0,0
