GestureName: swipe_front
Duration(ms): 705
Handedness: right

SpeakerAngles: 6
55
-55
0
0
110
-110

SpeakerElevations: 6
-10
-10
-10
0
30
30

InterpretedPoints: 15
0.813797681349374,-0.296198132726024,0.5
2.42721224957257,0.833526910201223,0.152703644666139
2.43430264681035,-0.0275337439884242,0.82635182233307
6.48201986184389,1.0746575549504,1.30540728933228
7.28872714595549,9.57875108846285,0.437166400997627
2.4201218523348,0.509795033486775,1.47905546699921
6.46783906736834,5.05622894918419,-0.736481776669303
7.28163674871771,3.63030577353092,0.110814578664557
4.04062681779577,1.96325195312847,-0.194592710667721
2.43430264681035,-0.0275337439884242,0.82635182233307
0,0,0
0,0,0
0,0,0
4.84024370466959,3.38917512878174,-1.04188906600158
0,0,0

StrokePoints: 16
0,0,0
0.813797681349374,-0.296198132726024,0.5
3.24100993092195,0.537328777475199,0.652703644666139
5.67531257773229,0.509795033486775,1.47905546699921
12.1573324395762,1.58445258843717,2.78446275633149
19.4460595855317,11.1632036769,3.22162915732911
21.8661814378665,11.6729987103868,4.70068462432832
28.3340205052348,16.729227659571,3.96420284765902
35.6156572539525,20.3595334331019,4.07501742632358
39.6562840717483,22.3227853862304,3.88042471565586
42.0905867185586,22.295251642242,4.70677653798893
42.0905867185586,22.295251642242,4.70677653798893
42.0905867185586,22.295251642242,4.70677653798893
42.0905867185586,22.295251642242,4.70677653798893
46.9308304232282,25.6844267710237,3.66488747198734
46.9308304232282,25.6844267710237,3.66488747198734

Velocities: 15
0,0,0
2,0,0
1,0,0
4,0,0
5,0,4
3,0,0
8,2,0
7,1,0
4,0,0
1,0,0
0,0,0
0,0,0
0,0,0
6,0,0
0,0,0

InverseVelocities: 15
0,0,0
0,0,0
0,0,0
0,0,0
0,0,0
0,0,0
0,0,0
0,0,0
0,0,0
0,0,0
0,0,0
0,0,0
0,0,0
0,0,0
0,0,0
