GestureName: swipe_up
Duration(ms): 799
Handedness: right

SpeakerAngles: 6
55
-55
0
0
110
-110

SpeakerElevations: 6
-10
-10
-10
0
30
30

InterpretedPoints: 17
0,-0.592396265452048,1
0,-1.1847925309041,2
0.813797681349374,-1.48099066363012,2.5
4.86151489638292,0.213596900760751,1.97905546699921
4.85442449914514,-0.110134975953697,3.30540728933228
3.24810032815972,13.7344297512596,2.89527733499604
3.24100993092195,8.68417874618009,2.78446275633149
4.86151489638292,-0.916128142166496,2.32635182233307
0,-20.3973621958067,2.77837084267089
6.49620065631944,-28.0978185396413,8.03579715234098
-8.15215760796929,-28.1833466321343,0.20944533000791
-4.88987648533402,-8.65900097872668,-0.200684624328324
8.93759370036756,-6.37201714888376,-1.72162915732911
-0.764164900684948,-2.17684885388922,-1.78446275633149
-1.6134145682232,-3.38917512878174,1.04188906600158
1.6134145682232,-1.12972504292725,0.347296355333861
0,0,0

StrokePoints: 18
0,0,0
0,-0.592396265452048,1
0,-1.77718879635614,3
0.813797681349374,-3.25817945998626,5.5
5.67531257773229,-3.04458255922551,7.47905546699921
10.5297370768774,-3.15471753517921,10.7844627563315
13.7778374050372,10.5797122160804,13.6797400913275
17.0188473359591,19.2638909622605,16.464202847659
21.880362232342,18.347762820094,18.7905546699921
21.880362232342,-2.04959937571266,21.568925512663
28.3765628886615,-30.147417915354,29.604722665004
20.2244052806922,-58.3307645474883,29.8141679950119
15.3345287953582,-66.989765526215,29.6134833706835
24.2721224957257,-73.3617826750987,27.8918542133544
23.5079575950408,-75.5386315289879,26.1073914570229
21.8945430268176,-78.9278066577697,27.1492805230245
23.5079575950408,-80.0575317006969,27.4965768783584
23.5079575950408,-80.0575317006969,27.4965768783584

Velocities: 17
0,0,0
0,0,0
0,0,0
3,0,0
4,0,0
5,4,6
2,0,5
2,-1,0
-4,-4,-8
-10,-12,-7
-9,-11,-10
-9,-10,0
-7,-9,0
-7,0,0
-4,-2,0
0,-2,0
0,0,0

InverseVelocities: 17
0,0,0
0,0,0
0,0,0
0,0,0
0,0,0
0,0,0
0,0,0
0,0,0
0,0,0
0,0,0
0,0,0
0,0,0
0,0,0
0,0,0
0,0,0
0,0,0
0,0,0
