GestureName: swipe_front
Duration(ms): 611
Handedness: right

SpeakerAngles: 6
55
-55
0
0
110
-110

SpeakerElevations: 6
-10
-10
-10
0
30
30

InterpretedPoints: 13
0.806707284111599,0.564862521463623,-0.17364817766693
1.62050496546097,0.2686643887376,0.32635182233307
1.62759536269875,-0.592396265452048,1
3.24100993092194,1.66705382040245,0.305407289332279
4.85442449914514,1.66705382040245,0.305407289332279
5.66113178325674,2.23191634186607,0.131759111665348
2.43430264681035,0.509795033486775,1.47905546699921
0.820888078587149,16.8824742352922,0.700684624328322
6.47492946460611,9.81988173321203,1.58987004566377
1.62050496546097,2.25347214174981,0.152703644666139
4.85442449914514,1.0746575549504,1.30540728933228
4.05480761227132,0.241130644749175,1.15270364466614
0,0,0

StrokePoints: 14
0,0,0
0.806707284111599,0.564862521463623,-0.17364817766693
2.42721224957257,0.833526910201223,0.152703644666139
4.05480761227132,0.241130644749175,1.15270364466614
7.29581754319326,1.90818446515162,1.45811093399842
12.1502420423384,3.57523828555407,1.7635182233307
17.8113738255951,5.80715462742014,1.89527733499604
20.2456764724055,6.31694966090691,3.37433280199525
21.0665645509926,23.1994238961991,4.07501742632358
27.5414940155988,33.0193056294111,5.66488747198734
29.1619989810597,35.2727777711609,5.81759111665348
34.0164234802049,36.3474353261113,7.12299840598576
38.0712310924762,36.5885659708605,8.2757020506519
38.0712310924762,36.5885659708605,8.2757020506519

Velocities: 13
1,0,0
1,0,0
0,0,0
3,1,0
4,0,0
5,0,0
2,1,0
6,7,6
6,1,4
1,0,1
4,0,0
2,0,0
0,0,0

InverseVelocities: 13
0,0,0
0,0,0
0,0,0
0,0,0
0,0,0
0,0,0
0,0,0
0,0,0
0,0,0
0,0,0
0,0,0
0,0,0
0,0,0
