GestureName: swipe_down
Duration(ms): 658
Handedness: right

SpeakerAngles: 6
55
-55
0
0
110
-110

SpeakerElevations: 6
-10
-10
-10
0
30
30

InterpretedPoints: 14
0.806707284111599,0.564862521463623,-0.17364817766693
0.813797681349374,0.833526910201223,0.152703644666139
1.62050496546097,2.47304698661525,1.28446275633149
4.05480761227132,2.44551324262682,2.11081457866456
5.66822218049452,14.8916885381753,1.72162915732911
0.799616886873824,9.7611922776655,0.679740091327532
16.2759536269875,36.1896010203694,-4.25133439600949
6.47492946460612,33.1241577683021,-4.53579715234098
2.44139304404812,2.66578319453421,-4.5
0.813797681349373,3.25817945998626,-5.5
0,2.36958506180819,-4
1.62759536269875,0.592396265452048,-1
0.813797681349374,0.296198132726024,-0.5
0,0,0

StrokePoints: 15
0,0,0
0.806707284111599,0.564862521463623,-0.17364817766693
1.62050496546097,1.39838943166485,-0.020944533000791
3.24100993092194,3.87143641828009,1.2635182233307
7.29581754319326,6.31694966090691,3.37433280199525
12.9640397236878,21.2086381990822,5.09596195932437
13.7636566105616,30.9698304767477,5.7757020506519
30.0396102375491,67.1594314971171,1.52436765464241
36.5145397021552,100.283589265419,-3.01142949769857
38.9559327462033,102.949372459953,-7.51142949769857
39.7697304275527,106.20755191994,-13.0114294976986
39.7697304275527,108.577136981748,-17.0114294976986
41.3973257902514,109.1695332472,-18.0114294976986
42.2111234716008,109.465731379926,-18.5114294976986
42.2111234716008,109.465731379926,-18.5114294976986

Velocities: 14
1,0,0
1,1,0
4,3,0
5,3,0
7,3,6
12,10,0
12,12,12
11,6,12
0,0,0
0,0,0
0,0,0
0,0,0
0,0,0
0,0,0

InverseVelocities: 14
0,0,0
0,0,0
0,0,0
0,0,0
0,0,0
0,0,0
0,0,0
0,0,0
0,0,0
0,0,0
0,0,0
0,0,0
0,0,0
0,0,0
