GestureName: swipe_right
Duration(ms): 1269
Handedness: right

SpeakerAngles: 6
55
-55
0
0
110
-110

SpeakerElevations: 6
-10
-10
-10
0
30
30

InterpretedPoints: 27
0.813797681349374,-0.296198132726024,0.5
2.43430264681035,-0.0275337439884242,0.82635182233307
2.42721224957257,0.833526910201223,0.152703644666139
6.48201986184389,1.0746575549504,1.30540728933228
4.85442449914514,1.66705382040245,0.305407289332279
4.85442449914514,10.7360098753785,-0.736481776669304
4.04771721503354,14.4154051927816,-1.43107448733702
4.84024370466959,6.77835025756348,-2.08377813200316
-2.43430264681035,18.9223494762812,-1.12566719800475
-7.30290794043104,17.2002281679019,0.221629157329114
-0.806707284111599,14.5679566614608,3.04798097966218
0.0141807944755499,11.4809576095098,2.74257369032991
0.820888078587149,5.60913558243844,0.784462756331487
-5.67531257773229,-0.509795033486775,-1.47905546699921
-5.69658376944562,-5.0107613728817,-2.63175911166535
-8.10252482730486,-11.267360708749,-0.763518223330696
-9.71593939552806,-14.3818935046885,-0.242573690329905
-9.72302979276584,-2.74171137535284,-1.61081457866456
-6.48201986184389,-1.0746575549504,-1.30540728933228
-7.30290794043104,-7.85662978008356,-1.78446275633149
-2.4484834412859,-1.63952007641402,-1.13175911166535
0.799616886873824,0.94366188615492,-3.15270364466614
-0.0141807944755501,-0.537328777475199,-0.652703644666139
0.806707284111599,-0.564862521463623,0.17364817766693
0.806707284111599,-0.564862521463623,0.17364817766693
0.806707284111599,-0.564862521463623,0.17364817766693
0,0,0

StrokePoints: 28
0,0,0
0.813797681349374,-0.296198132726024,0.5
3.24810032815972,-0.323731876714448,1.32635182233307
5.67531257773229,0.509795033486775,1.47905546699921
12.1573324395762,1.58445258843717,2.78446275633149
17.0117569387213,3.25150640883962,3.08987004566377
21.8661814378665,13.9875162842181,2.35338826899446
25.9138986529,28.4029214769998,0.922313781657437
30.7541423575696,35.1812717345632,-1.16146435034573
28.3198397107593,54.1036212108445,-2.28713154835047
21.0169317703282,71.3038493787464,-2.06550239102136
20.2102244862166,85.8718060402072,0.982478588640824
20.2244052806922,97.352763649717,3.72505227897073
21.0452933592793,102.961899232155,4.50951503530222
15.369980781547,102.452104198669,3.03045956830301
9.67339701210141,97.4413428257869,0.398700456637661
1.57087218479655,86.1739821170379,-0.364817766693035
-8.14506721073151,71.7920886123494,-0.60739145702294
-17.8680970034973,69.0503772369966,-2.2182060356875
-24.3501168653412,67.9757196820462,-3.52361332501978
-31.6530248057723,60.1190899019626,-5.30807608135126
-34.1015082470582,58.4795698255486,-6.43983519301661
-33.3018913601843,59.4232317117035,-9.59253883768275
-33.3160721546599,58.8859029342283,-10.2452424823489
-32.5093648705483,58.3210404127647,-10.071594304682
-31.7026575864367,57.7561778913011,-9.89794612701503
-30.8959503023251,57.1913153698374,-9.7242979493481
-30.8959503023251,57.1913153698374,-9.7242979493481

Velocities: 27
0,0,0
1,0,0
2,0,0
4,0,0
4,0,0
5,1,4
6,3,5
9,3,0
5,6,7
3,6,7
5,6,6
3,5,5
2,3,2
-3,0,0
-1,-1,-3
-5,0,-5
-7,0,-6
-7,-1,0
-4,0,0
-3,0,-4
-2,-3,0
0,-2,0
0,-2,0
0,-1,0
0,-1,0
0,-1,0
0,0,0

InverseVelocities: 27
0,0,0
0,0,0
0,0,0
0,0,0
0,0,0
0,0,0
0,0,0
0,0,0
0,0,0
0,0,0
0,0,0
-2,0,0
-4,0,0
0,0,0
0,0,0
0,0,0
0,0,0
0,0,0
0,0,0
0,0,0
0,0,0
0,0,0
0,0,0
0,0,0
0,0,0
0,0,0
0,0,0
