GestureName: swipe_left
Duration(ms): 799
Handedness: right

SpeakerAngles: 6
55
-55
0
0
110
-110

SpeakerElevations: 6
-10
-10
-10
0
30
30

InterpretedPoints: 17
2.42721224957257,-0.94366188615492,3.15270364466614
6.48911025908167,-0.378799364691296,2.97905546699921
4.88278608809624,3.87143641828009,1.2635182233307
7.28872714595549,0.936988835008278,5.43716640099763
5.70367416668339,-1.80472254034457,3.82635182233307
8.95177449484311,14.6050903171236,3.93716640099763
6.51038145079499,13.5088769622895,2.61081457866456
13.7636566105616,14.3543597607001,1.06892551266297
8.93050330312979,5.56602398267096,0.742573690329905
8.12379601901819,-0.043111599767475,-0.0418890660015823
4.07607880398464,-6.24464344765796,0.17364817766693
8.92341290589201,-14.0916733160672,0.104722665003956
8.91632250865424,-10.1160798659381,-1.08987004566377
6.47492946460611,-11.0046742641161,0.410129954336234
1.6134145682232,-7.08414830196387,0.868240888334652
0,-1.98480775301221,0.17364817766693
0,0,0

StrokePoints: 18
0,0,0
2.42721224957257,-0.94366188615492,3.15270364466614
8.91632250865424,-1.32246125084622,6.13175911166535
13.7991085967505,2.54897516743388,7.39527733499604
21.087835742706,3.48596400244215,12.8324437359937
26.7915099093894,1.68124146209759,16.6587955583267
35.7432844042325,16.2863317792212,20.5959619593244
42.2536658550275,29.7952087415107,23.2067765379889
56.0173224655891,44.1495685022107,24.2757020506519
64.9478257687188,49.7155924848817,25.0182757409818
73.071621787737,49.6724808851142,24.9763866749802
77.1477005917217,43.4278374374563,25.1500348526471
86.0711134976137,29.3361641213891,25.2547575176511
94.9874360062679,19.220084255451,24.1648874719873
101.462365470874,8.21540999133492,24.5750174263236
103.075780039097,1.13126168937104,25.4432583146582
103.075780039097,-0.853546063641163,25.6169064923252
103.075780039097,-0.853546063641163,25.6169064923252

Velocities: 17
2,0,0
3,0,0
5,5,0
7,2,0
0,1,0
0,0,9
0,0,8
9,-1,6
8,5,0
5,3,-2
1,2,-4
-3,-7,-5
-1,-6,-4
-1,-6,-4
0,-2,-3
0,0,-1
0,0,0

InverseVelocities: 17
0,0,0
0,0,0
0,0,0
0,0,0
0,0,0
0,0,0
0,0,0
0,0,0
0,0,0
0,-5,0
-4,-7,0
0,0,0
0,0,0
0,0,0
0,0,0
0,0,0
0,0,0
