GestureName: swipe_up
Duration(ms): 752
Handedness: right

SpeakerAngles: 6
55
-55
0
0
110
-110

SpeakerElevations: 6
-10
-10
-10
0
30
30

InterpretedPoints: 16
0.813797681349374,-0.296198132726024,0.5
-0.820888078587149,-0.0275337439884242,0.82635182233307
1.62759536269875,-1.1847925309041,2
0,-2.36958506180819,4
0.813797681349374,-2.07338692908217,3.5
4.85442449914514,15.1759307826919,2.91622186799684
2.42721224957257,13.4873211624057,2.58987004566377
0.806707284111599,-1.80472254034457,3.82635182233307
6.47492946460611,-11.6209823059869,4.79931537567168
1.62050496546097,-37.1057291625359,6.57768621834256
-6.53165264250832,-30.4368187738841,0.0567416853417715
-4.88987648533402,-6.39955089287219,-0.895277334996045
-1.59214337650987,-3.06544325206729,-0.284462756331487
6.48201986184389,-1.0746575549504,-1.30540728933228
0.813797681349374,-3.09297699605572,0.541889066001582
0,0,0

StrokePoints: 17
0,0,0
0.813797681349374,-0.296198132726024,0.5
-0.00709039723777505,-0.323731876714448,1.32635182233307
1.62050496546097,-1.50852440761854,3.32635182233307
1.62050496546097,-3.87810946942673,7.32635182233307
2.43430264681035,-5.9514963985089,10.8263518223331
7.28872714595549,9.22443438418302,13.7425736903299
9.71593939552806,22.7117555465888,16.3324437359937
10.5226466796397,20.9070330062442,20.1587955583267
16.9975761442458,9.28605070025727,24.9581109339984
18.6180811097067,-27.8196784622786,31.535797152341
12.0864284671984,-58.2564972361627,31.5925388376827
7.19655198186441,-64.6560481290349,30.6972615026867
5.60440860535454,-67.7214913811022,30.4127987463552
12.0864284671984,-68.7961489360526,29.1073914570229
12.9002261485478,-71.8891259321083,29.6492805230245
12.9002261485478,-71.8891259321083,29.6492805230245

Velocities: 16
0,0,0
1,0,0
0,0,0
0,0,0
0,0,0
4,0,8
3,1,7
1,0,0
-7,-12,0
-11,-12,-12
-9,-12,-11
-7,-8,0
-6,-1,0
0,-4,0
-3,-3,0
0,0,0

InverseVelocities: 16
0,0,0
0,0,0
0,0,0
0,0,0
0,0,0
0,0,0
0,0,0
-2,0,0
0,0,0
0,0,0
0,0,0
0,0,0
0,0,0
0,0,0
0,0,0
0,0,0
