GestureName: swipe_up
Duration(ms): 658
Handedness: right

SpeakerAngles: 6
55
-55
0
0
110
-110

SpeakerElevations: 6
-10
-10
-10
0
30
30

InterpretedPoints: 14
0.813797681349374,-0.296198132726024,0.5
0,-0.592396265452048,1
2.42721224957257,-0.94366188615492,3.15270364466614
-0.0141807944755499,10.0765902337403,3.61081457866456
1.59214337650987,0.158529412783903,3.63175911166535
3.23391953368417,4.12814491880832,3.28446275633149
-3.23391953368417,-3.76797449347304,4.02094453300079
2.4201218523348,-24.9318402232947,3.29931537567168
12.1715132340517,-37.5120622712156,10.3830935076748
-6.53165264250832,-32.4216265268963,0.230389863008702
-8.13797681349374,-29.3130716750616,0.556741685341771
0.785436092398274,-14.3112481609326,-1.02703644666139
8.90214171417869,-2.76924511934127,-0.784462756331487
0,0,0

StrokePoints: 15
0,0,0
0.813797681349374,-0.296198132726024,0.5
0.813797681349374,-0.888594398178072,1.5
3.24100993092195,-1.83225628433299,4.65270364466614
3.2268291364464,8.24433394940726,8.2635182233307
4.81897251295627,8.40286336219117,11.895277334996
8.05289204664044,12.5310082809995,15.1797400913275
4.81897251295627,8.76303378752645,19.2006846243283
7.23909436529106,-16.1688064357682,22.5
19.4106075993428,-53.6808687069838,32.8830935076748
12.8789549568345,-86.1024952338802,33.1134833706835
4.74097814334074,-115.415566908942,33.6702250560253
5.52641423573902,-129.726815069874,32.6431886093639
14.4285559499177,-132.496060189216,31.8587258530324
14.4285559499177,-132.496060189216,31.8587258530324

Velocities: 14
0,0,0
0,0,0
2,0,0
2,0,6
5,0,0
4,1,2
-3,0,0
-3,-6,-10
-7,-12,-12
-9,-12,-12
-11,-11,-10
-6,-10,-4
0,-7,0
0,0,0

InverseVelocities: 14
0,0,0
0,0,0
0,0,0
0,0,0
0,0,0
0,0,0
0,0,0
0,0,0
0,0,0
0,0,0
0,0,0
0,0,0
0,0,0
0,0,0
