GestureName: tap_back
Duration(ms): 1128
Handedness: right

SpeakerAngles: 6
55
-55
0
0
110
-110

SpeakerElevations: 6
-10
-10
-10
0
30
30

InterpretedPoints: 24
0.00709039723777505,-0.861060654189647,0.67364817766693
0.00709039723777505,-0.861060654189647,0.67364817766693
-9.70884899829029,-17.2397178000997,2.29931537567168
-7.28163674871771,-4.48538848361588,-0.284462756331487
-6.47492946460611,-1.93571820914005,-0.631759111665348
3.21973873920862,-1.343321943688,-1.63175911166535
-7.27454635147994,-3.36164138479332,0.215537243668512
-1.5850529792721,-1.01959006697355,-2.95811093399842
-1.60632417098542,-0.213596900760751,-1.97905546699921
-0.813797681349374,0.296198132726024,-0.5
0,0,0
0,0,0
0,0,0
2.43430264681035,-0.0275337439884242,0.82635182233307
-0.813797681349374,-1.48099066363012,2.5
1.62759536269875,-1.1847925309041,2
6.48201986184389,1.0746575549504,1.30540728933228
8.08834403282931,3.06544325206729,0.284462756331487
10.5510082685908,5.35242708191021,-1.2364817766693
4.05480761227132,-0.94366188615492,3.15270364466614
8.09543443006709,2.20438259787765,0.958110933998418
3.21973873920862,3.12051074004414,-1.36824088833465
4.05480761227132,0.241130644749175,1.15270364466614
0,0,0

StrokePoints: 25
0,0,0
0.00709039723777505,-0.861060654189647,0.67364817766693
0.0141807944755501,-1.72212130837929,1.34729635533386
-9.69466820381474,-18.961839108479,3.64661173100554
-16.9763049525324,-23.4472275920949,3.36214897467405
-23.4512344171386,-25.3829458012349,2.7303898630087
-20.2314956779299,-26.7262677449229,1.09863075134335
-27.5060420294099,-30.0879091297163,1.31416799501187
-29.091095008682,-31.1074991966898,-1.64394293898655
-30.6974191796674,-31.3210960974506,-3.62299840598576
-31.5112168610168,-31.0248979647245,-4.12299840598576
-31.5112168610168,-31.0248979647245,-4.12299840598576
-31.5112168610168,-31.0248979647245,-4.12299840598576
-31.5112168610168,-31.0248979647245,-4.12299840598576
-29.0769142142064,-31.052431708713,-3.29664658365269
-29.8907118955558,-32.5334223723431,-0.796646583652691
-28.2631165328571,-33.7182149032472,1.20335341634731
-21.7810966710132,-32.6435573482968,2.50876070567959
-13.6927526381839,-29.5781140962295,2.79322346201107
-3.14174436959309,-24.2256870143193,1.55674168534177
0.913063242678224,-25.1693489004742,4.70944533000791
9.00849767274531,-22.9649663025965,5.66755626400633
12.2282364119539,-19.8444555625524,4.29931537567168
16.2830440242252,-19.6033249178032,5.45201902033781
16.2830440242252,-19.6033249178032,5.45201902033781

Velocities: 24
-1,0,0
-1,0,0
-11,-3,-5
-6,0,-1
-5,0,0
0,-5,0
-7,0,0
-6,0,0
-3,0,0
0,0,0
0,0,0
0,0,0
0,0,0
1,0,0
0,0,0
0,0,0
4,0,0
7,0,0
7,3,0
2,0,0
6,0,0
5,0,0
2,0,0
0,0,0

InverseVelocities: 24
0,0,0
0,0,0
0,0,0
0,0,0
0,0,0
0,0,0
0,0,0
0,0,0
0,0,0
0,0,0
0,0,0
0,0,0
0,0,0
0,0,0
0,0,0
0,0,0
0,0,0
0,0,0
0,0,0
0,0,0
0,0,0
0,0,0
0,0,0
0,0,0
