GestureName: tap_front
Duration(ms): 987
Handedness: right

SpeakerAngles: 6
55
-55
0
0
110
-110

SpeakerElevations: 6
-10
-10
-10
0
30
30

InterpretedPoints: 21
1.6134145682232,1.12972504292725,-0.347296355333861
1.6134145682232,1.12972504292725,-0.347296355333861
4.86151489638292,0.805993166212799,0.979055466999209
2.43430264681035,-0.619930009440472,1.82635182233307
4.84733410190737,1.93571820914005,0.631759111665348
6.46783906736834,2.20438259787765,0.958110933998418
6.50329105355722,3.4382646726539,-1.84729635533386
6.46783906736834,3.44424261675859,-2.69459271066772
-3.2551907253975,1.1847925309041,-2
-0.820888078587149,1.15725878691567,-1.17364817766693
0,0,0
0.813797681349374,-0.296198132726024,0.5
0.813797681349374,-0.296198132726024,0.5
0.0141807944755501,-1.72212130837929,1.34729635533386
-0.792526489636048,-2.28698382984292,1.52094453300079
0.835068873062699,-1.69458756439087,0.520944533000791
-1.59923377374765,-10.1986810979033,1.38918542133544
-0.806707284111599,-12.9679262172446,0.604722665003955
-2.41303145509702,-14.8916885381753,-1.72162915732911
-4.83315330743182,-1.28825445571115,-3.28446275633149
0,0,0

StrokePoints: 22
0,0,0
1.6134145682232,1.12972504292725,-0.347296355333861
3.2268291364464,2.25945008585449,-0.694592710667721
8.08834403282931,3.06544325206729,0.284462756331487
10.5226466796397,2.44551324262682,2.11081457866456
15.369980781547,4.38123145176687,2.7425736903299
21.8378198489154,6.58561404964451,3.70068462432832
28.3411109024726,10.0238787222984,1.85338826899446
34.8089499698409,13.468121339057,-0.841204441673259
31.5537592444434,14.6529138699611,-2.84120444167326
30.7328711658563,15.8101726568768,-4.01485261934019
30.7328711658563,15.8101726568768,-4.01485261934019
31.5466688472057,15.5139745241507,-3.51485261934019
32.360466528555,15.2177763914247,-3.01485261934019
32.3746473230306,13.4956550830454,-1.66755626400633
31.5821208333945,11.2086712532025,-0.146611731005538
32.4171897064572,9.51408368881164,0.374332801995253
30.8179559327096,-0.684597409091685,1.7635182233307
30.011248648598,-13.6525236263363,2.36824088833465
27.598217193501,-28.5442121645116,0.646611731005537
22.7650638860691,-29.8324666202227,-2.63785102532595
22.7650638860691,-29.8324666202227,-2.63785102532595

Velocities: 21
2,0,0
2,0,0
3,0,0
1,0,0
5,0,0
6,0,0
1,0,1
5,-1,0
0,0,0
1,0,0
0,0,0
0,0,0
0,0,0
-2,0,0
-3,0,0
-3,0,0
-4,0,-4
-6,-5,-4
-7,-3,-6
-7,0,0
0,0,0

InverseVelocities: 21
0,0,0
0,0,0
0,0,0
0,0,0
0,0,0
0,0,0
0,0,0
0,0,0
0,0,0
0,0,0
0,0,0
0,0,0
0,0,0
0,0,0
0,0,0
0,0,0
0,0,0
0,0,0
0,0,0
0,0,0
0,0,0
