GestureName: tap_up
Duration(ms): 1128
Handedness: right

SpeakerAngles: 6
55
-55
0
0
110
-110

SpeakerElevations: 6
-10
-10
-10
0
30
30

InterpretedPoints: 24
-0.813797681349374,-0.888594398178072,1.5
0.813797681349374,-1.48099066363012,2.5
5.66822218049452,0.186063156772327,2.80540728933228
4.05480761227132,1.31578819969957,2.45811093399842
4.06189800950909,7.20916602665466,4.43716640099763
0,0,0
1.59923377374765,-1.66705382040245,-0.305407289332279
-0.82088807858715,-12.3994417282113,2.9939080863394
1.62759536269875,-12.3719079842229,2.16755626400633
-1.62050496546097,-10.4361897750828,2.79931537567168
-0.806707284111599,-0.564862521463623,0.17364817766693
0,0,0
0,0,0
0,0,0
0,1.12972504292725,-0.347296355333861
5.65404138601897,3.09297699605572,-0.541889066001582
6.46074867013056,3.65783951751934,-0.715537243668512
5.65404138601897,3.09297699605572,-0.541889066001582
-1.6134145682232,13.0385715610005,-1.38918542133544
0.021271191713325,15.0293572581174,-2.41012995433623
0.813797681349374,6.25062139176265,-1.02094453300079
0,0,0
1.62759536269875,0.592396265452048,-1
0,0,0

StrokePoints: 25
0,0,0
-0.813797681349374,-0.888594398178072,1.5
-1.11022302462516E-16,-2.36958506180819,4
5.66822218049452,-2.18352190503586,6.80540728933228
9.72302979276584,-0.86773370533629,9.2635182233307
13.7849278022749,6.34143232131837,13.7006846243283
13.7849278022749,6.34143232131837,13.7006846243283
15.3841615760226,4.67437850091593,13.395277334996
14.5632734974354,-7.72506322729537,16.3891854213354
16.1908688601342,-20.0969712115182,18.5567416853418
14.5703638946732,-30.5331609866011,21.3560570610134
13.7636566105616,-31.0980235080647,21.5297052386804
13.7636566105616,-31.0980235080647,21.5297052386804
13.7636566105616,-31.0980235080647,21.5297052386804
13.7636566105616,-31.0980235080647,21.5297052386804
13.7636566105616,-29.9682984651374,21.1824088833465
19.4176979965806,-26.8753214690817,20.6405198173449
25.8784466667111,-23.2174819515624,19.9249825736764
31.5324880527301,-20.1245049555067,19.3830935076748
29.9190734845069,-7.08593339450616,17.9939080863394
29.9403446762202,7.94342386361122,15.5837781320032
30.7541423575696,14.1940452553739,14.5628335990024
30.7541423575696,14.1940452553739,14.5628335990024
32.3817377202683,14.7864415208259,13.5628335990024
32.3817377202683,14.7864415208259,13.5628335990024

Velocities: 24
0,0,0
0,0,0
4,0,0
4,2,0
3,2,4
0,0,0
0,-4,0
-11,-12,0
-12,-12,0
-10,-9,0
-1,0,0
0,0,0
0,0,0
0,0,0
1,1,0
6,0,0
7,0,0
6,0,0
0,2,6
1,4,6
0,0,3
0,0,0
0,0,0
0,0,0

InverseVelocities: 24
0,0,0
0,0,0
0,0,0
0,0,0
0,0,0
0,0,0
0,0,0
0,0,0
0,0,0
0,0,0
0,0,0
0,0,0
0,0,0
0,0,0
0,0,0
0,0,0
0,0,0
0,0,0
0,0,0
0,0,0
0,0,0
0,0,0
0,0,0
0,0,0
