GestureName: tap_right
Duration(ms): 1598
Handedness: right

SpeakerAngles: 6
55
-55
0
0
110
-110

SpeakerElevations: 6
-10
-10
-10
0
30
30

InterpretedPoints: 34
0.806707284111599,0.564862521463623,-0.17364817766693
1.6134145682232,0.537328777475199,0.652703644666139
-0.806707284111599,0.564862521463623,-0.17364817766693
3.24100993092194,2.79677886332969,-0.0418890660015822
3.23391953368417,8.63508920230793,3.58987004566377
-8.94468409760534,14.4154051927816,-1.43107448733703
-16.2475920380364,10.1436136099265,0.263518223330697
-12.1856940285273,8.84575924254096,-4.7364817766693
-16.197959257372,-3.54770454156564,-2.58987004566377
-17.8113738255951,-21.4109743186755,-1.02703644666139
-13.7920181995127,-19.6613192663078,-3.20068462432832
-8.10252482730486,-1.8806507211632,-2.28446275633149
-8.09543443006709,-1.6119863324256,-1.95811093399842
4.84024370466959,-2.79677886332969,0.0418890660015821
1.62759536269875,0.592396265452048,-1
0,0,0
0,0,0
1.62759536269875,1.39241148756016,0.82635182233307
1.6134145682232,5.09934054895166,-0.694592710667721
2.4201218523348,1.69458756439087,-0.520944533000791
11.3435347582268,1.28825445571115,3.28446275633149
16.1979592573719,25.3255223367231,2.33244373599367
17.8184642228329,3.2239726648512,3.91622186799684
16.2121400518475,1.82558323318635,3.93716640099763
13.7778374050372,9.7923479892236,2.41622186799684
18.6251715069445,0.71741399014284,4.30540728933228
16.9975761442458,-6.51928578050025,0.694592710667721
8.93759370036756,-15.8137946244465,1.45201902033782
7.30999833766881,-15.4840848036273,-0.721629157329114
1.6134145682232,-16.7023890226245,2.95201902033782
-0.8350688730627,-8.99831071122018,0.257426309670094
-2.4201218523348,-5.66420307041529,0.868240888334652
-0.806707284111599,-0.564862521463623,0.17364817766693
0,0,0

StrokePoints: 35
0,0,0
0.806707284111599,0.564862521463623,-0.17364817766693
2.4201218523348,1.10219129893882,0.479055466999209
1.6134145682232,1.66705382040245,0.305407289332279
4.85442449914514,4.46383268373214,0.263518223330696
8.08834403282931,13.0989218860401,3.85338826899446
-0.856340064776024,27.5143270788217,2.42231378165744
-17.1039321028124,37.6579406887482,2.68583200498813
-29.2896261313397,46.5036999312891,-2.05064977168117
-45.4875853887116,42.9559953897235,-4.64051981734493
-63.2989592143068,21.545021071048,-5.66755626400633
-77.0909774138195,1.88370180474016,-8.86824088833465
-85.1935022411243,0.00305108357696104,-11.1527036446661
-93.2889366711914,-1.60893524884864,-13.1108145786646
-88.4486929665218,-4.40571411217833,-13.068925512663
-86.8210976038231,-3.81331784672628,-14.068925512663
-86.8210976038231,-3.81331784672628,-14.068925512663
-86.8210976038231,-3.81331784672628,-14.068925512663
-85.1935022411244,-2.42090635916612,-13.2425736903299
-83.5800876729012,2.67843418978554,-13.9371664009976
-81.1599658205664,4.37302175417641,-14.4581109339984
-69.8164310623396,5.66127620988756,-11.1736481776669
-53.6184718049676,30.9867985466106,-8.84120444167326
-35.8000075821347,34.2107712114618,-4.92498257367642
-19.5878675302872,36.0363544446482,-0.987816172678796
-5.81003012525004,45.8287024338718,1.42840569531804
12.8151413816945,46.5461164240146,5.73381298465032
29.8127175259403,40.0268306435144,6.42840569531804
38.7503112263078,24.2130360190679,7.88042471565585
46.0603095639766,8.72895121544062,7.15879555832674
47.6737241321998,-7.9734378071839,10.1108145786646
46.8386552591371,-16.9717485184041,10.3682408883347
44.4185334068023,-22.6359515888194,11.2364817766693
43.6118261226907,-23.200814110283,11.4101299543362
43.6118261226907,-23.200814110283,11.4101299543362

Velocities: 34
1,0,0
2,0,0
0,1,0
4,2,0
5,2,4
4,5,5
1,5,4
3,6,1
-11,0,0
-12,1,-9
-8,-2,-9
-6,-1,0
-6,0,0
0,-6,0
0,0,0
0,0,0
0,0,0
0,0,1
2,0,2
3,0,0
7,0,0
12,1,11
12,0,0
9,0,0
8,0,4
8,-5,1
6,-7,-3
-5,-7,-5
-4,-6,-6
-5,-7,-5
-4,-7,-2
-3,0,-2
-1,0,0
0,0,0

InverseVelocities: 34
0,0,0
0,0,0
0,0,0
0,0,0
0,0,0
-1,0,0
-5,-5,0
-7,-9,0
0,0,0
0,0,0
0,0,0
0,0,0
0,0,0
0,0,0
0,0,0
0,0,0
0,0,0
0,0,0
0,0,0
0,0,0
0,0,0
0,0,0
0,0,0
0,0,0
0,0,0
0,0,0
-2,0,0
0,0,0
0,0,0
0,0,0
0,0,0
0,0,0
0,0,0
0,0,0
