GestureName: tap_front
Duration(ms): 846
Handedness: right

SpeakerAngles: 6
55
-55
0
0
110
-110

SpeakerElevations: 6
-10
-10
-10
0
30
30

InterpretedPoints: 18
1.6134145682232,1.12972504292725,-0.347296355333861
4.05480761227132,0.241130644749175,1.15270364466614
0.827978475824924,1.37085568767642,0.805407289332278
3.24810032815972,-0.323731876714448,1.32635182233307
4.83315330743182,3.65783951751934,-0.715537243668512
5.66822218049452,1.96325195312847,-0.194592710667721
4.03353642055799,7.0015470699986,1.61081457866456
0,0,0
0,0,0
0.813797681349374,-0.296198132726024,0.5
0.835068873062699,-1.10219129893882,-0.479055466999209
0.00709039723777505,-0.861060654189647,0.67364817766693
0.806707284111599,-0.564862521463623,0.17364817766693
1.62759536269875,-6.49175203651182,-0.131759111665348
-5.66113178325674,-3.36164138479332,0.215537243668512
-3.24810032815972,-0.805993166212799,-0.979055466999209
-2.4201218523348,-0.509795033486775,-1.47905546699921
0,0,0

StrokePoints: 19
0,0,0
1.6134145682232,1.12972504292725,-0.347296355333861
5.66822218049452,1.37085568767642,0.805407289332279
6.49620065631944,2.74171137535284,1.61081457866456
9.74430098447916,2.4179794986384,2.93716640099763
14.577454291911,6.07581901615774,2.22162915732911
20.2456764724055,8.03907096928621,2.02703644666139
24.2792128929635,15.0406180392848,3.63785102532595
24.2792128929635,15.0406180392848,3.63785102532595
24.2792128929635,15.0406180392848,3.63785102532595
25.0930105743129,14.7444199065588,4.13785102532595
25.9280794473756,13.64222860762,3.65879555832674
25.9351698446133,12.7811679534303,4.33244373599367
26.7418771287249,12.2163054319667,4.5060919136606
28.3694724914237,5.72455339545487,4.37433280199525
22.7083407081669,2.36291201066155,4.58987004566377
19.4602403800072,1.55691884444875,3.61081457866456
17.0401185276724,1.04712381096197,2.13175911166535
17.0401185276724,1.04712381096197,2.13175911166535

Velocities: 18
2,0,0
2,0,0
1,3,0
1,0,0
7,0,0
4,0,0
5,0,3
0,0,0
0,0,0
0,0,0
-3,0,0
-1,0,0
0,-1,0
-1,-1,-3
-6,-1,0
-2,-1,0
-3,0,0
0,0,0

InverseVelocities: 18
0,0,0
0,0,0
0,0,0
0,0,0
0,0,0
0,0,0
0,0,0
0,0,0
0,0,0
0,0,0
0,0,0
0,0,0
0,0,0
0,0,0
0,0,0
0,0,0
0,0,0
0,0,0
