GestureName: tap_down
Duration(ms): 1363
Handedness: right

SpeakerAngles: 6
55
-55
0
0
110
-110

SpeakerElevations: 6
-10
-10
-10
0
30
30

InterpretedPoints: 29
1.6134145682232,3.11453279593945,-0.520944533000791
1.6134145682232,4.2442578388667,-0.868240888334652
2.42721224957257,5.93286745915289,-0.541889066001582
4.03353642055799,7.06857044618482,-1.7364817766693
5.68949337220784,9.12040157538325,-5.25742630967009
0.806707284111599,24.0767575132097,-3.47296355333861
0.00709039723777527,18.4185323868991,-3.45201902033782
-3.22682913644639,5.70369270261308,-3.38918542133544
-1.60632417098542,-2.99841987588107,-3.63175911166535
0.0141807944755503,0.647463753428896,-2.65270364466614
0,0.592396265452048,-1
0,0,0
-0.813797681349374,-0.296198132726024,0.5
0,-1.1847925309041,2
-1.62759536269875,-0.592396265452048,1
2.43430264681035,-0.0275337439884242,0.82635182233307
1.62759536269875,-0.592396265452048,1
0,-0.592396265452048,1
2.4484834412859,5.33449324959615,1.30540728933228
0.820888078587149,1.36487774357174,1.65270364466614
0.820888078587149,-1.15725878691567,1.17364817766693
1.6134145682232,-1.12972504292725,0.347296355333861
-4.06189800950909,-5.99391289123442,3.04188906600158
-1.62759536269875,-10.1555694981359,1.43107448733702
-1.62759536269875,-10.7048541638204,2.47296355333861
-1.6134145682232,-10.1675253863452,3.12566719800475
-0.806707284111599,-6.21348773609986,1.91012995433623
0.806707284111599,-1.69458756439087,0.520944533000791
0,0,0

StrokePoints: 30
0,0,0
1.6134145682232,3.11453279593945,-0.520944533000791
3.2268291364464,7.35879063480616,-1.38918542133544
5.65404138601897,13.291658093959,-1.93107448733702
9.68757780657696,20.3602285401439,-3.66755626400633
15.3770711787848,29.4806301155271,-8.92498257367642
16.1837784628964,53.5573876287368,-12.397946127015
16.1908688601342,71.975920015636,-15.8499651473528
12.9640397236878,77.6796127182491,-19.2391505686883
11.3577155527024,74.681192842368,-22.8709096803536
11.3718963471779,75.3286565957969,-25.5236133250198
11.3718963471779,75.9210528612489,-26.5236133250198
11.3718963471779,75.9210528612489,-26.5236133250198
10.5580986658285,75.6248547285229,-26.0236133250198
10.5580986658285,74.4400621976188,-24.0236133250198
8.93050330312979,73.8476659321668,-23.0236133250198
11.3648059499401,73.8201321881783,-22.1972615026867
12.9924013126389,73.2277359227263,-21.1972615026867
12.9924013126389,72.6353396572742,-20.1972615026867
15.4408847539248,77.9698329068704,-18.8918542133544
16.2617728325119,79.3347106504421,-17.2391505686883
17.0826609110991,78.1774518635265,-16.0655023910214
18.6960754793223,77.0477268205992,-15.7182060356875
14.6341774698132,71.0538139293648,-12.6763169696859
13.0065821071144,60.8982444312289,-11.2452424823489
11.3789867444157,50.1933902674085,-8.77227892901028
9.76557217619249,40.0258648810633,-5.64661173100553
8.95886489208089,33.8123771449634,-3.7364817766693
9.76557217619249,32.1177895805726,-3.21553724366851
9.76557217619249,32.1177895805726,-3.21553724366851

Velocities: 29
2,0,1
3,1,1
3,1,2
7,2,1
7,6,0
6,5,9
5,6,6
2,6,0
-3,0,-2
-2,0,0
0,0,0
0,0,0
0,0,0
0,0,0
0,0,0
1,0,0
0,0,0
0,0,0
0,1,3
0,1,1
-1,0,0
0,-2,0
-3,-2,-1
-6,-6,-2
-10,-10,0
-10,-8,0
-6,-5,0
-1,-2,0
0,0,0

InverseVelocities: 29
0,0,0
0,0,0
0,0,0
0,0,0
0,0,0
0,0,0
0,0,0
0,0,0
0,0,0
0,0,0
0,0,0
0,0,0
0,0,0
0,0,0
0,0,0
0,0,0
0,0,0
0,0,0
0,0,0
0,0,0
0,0,0
0,0,0
0,0,0
0,0,0
0,0,0
0,0,0
0,0,0
0,0,0
0,0,0
