GestureName: tap_left
Duration(ms): 1551
Handedness: right

SpeakerAngles: 6
55
-55
0
0
110
-110

SpeakerElevations: 6
-10
-10
-10
0
30
30

InterpretedPoints: 33
0.813797681349374,-0.296198132726024,0.5
1.62050496546097,-0.323731876714448,1.32635182233307
4.06189800950909,1.63952007641402,1.13175911166535
5.66822218049452,3.63030577353092,0.110814578664557
9.71593939552806,2.47304698661525,1.28446275633149
8.13797681349374,-2.96198132726024,5
17.8184642228329,21.6796387074131,1.35338826899446
22.6657983247403,5.25786996173557,2.93716640099763
29.9687062651713,-13.5974561383594,0.715537243668513
24.3146648791524,-25.7043217014144,0.646611731005538
11.3648059499401,-33.1301357124068,5.38309350767484
-3.21973873920862,-10.0945240660543,-1.06892551266297
-5.65404138601897,-9.32204258793463,1.58377813200316
0,-2.25945008585449,0.694592710667721
0,0,0
0.806707284111599,0.564862521463623,-0.17364817766693
1.6134145682232,1.12972504292725,-0.347296355333861
3.2268291364464,3.38917512878174,-1.04188906600158
5.65404138601897,14.6840695815192,-1.10472266500395
3.2268291364464,18.1379121099522,-2.08377813200316
-2.43430264681035,19.0749009449604,3.35338826899446
-1.60632417098542,14.8641547941868,2.54798097966218
-14.5703638946732,-0.75092567823595,-2.63175911166535
-12.95694932645,-12.9344145291515,-1.06892551266297
-12.95694932645,-16.9040300351759,-0.721629157329114
-12.9640397236878,-16.0429693809863,-1.39527733499604
-9.72302979276584,-15.5056406035111,-0.742573690329905
-8.91632250865424,-1.04712381096197,-2.13175911166535
-1.62050496546097,-11.5970705295682,1.41012995433623
-0.813797681349374,-9.04740025509234,1.06283359900237
0.799616886873824,-0.833526910201223,-0.152703644666139
0.806707284111599,-0.564862521463623,0.17364817766693
0,0,0

StrokePoints: 34
0,0,0
0.813797681349374,-0.296198132726024,0.5
2.43430264681035,-0.619930009440472,1.82635182233307
6.49620065631944,1.01959006697355,2.95811093399842
12.164422836814,4.64989584050447,3.06892551266297
21.880362232342,7.12294282711971,4.35338826899446
30.0183390458358,4.16096149985947,9.35338826899446
47.8368032686687,25.8406002072726,10.7067765379889
70.502601593409,31.0984701690082,13.6439429389865
100.47130785858,17.5010140306487,14.3594801826551
124.785972737733,-8.20330767076566,15.0060919136606
136.150778687673,-41.3334433831724,20.3891854213354
132.931039948464,-51.4279674492267,19.3202599086725
127.276998562445,-60.7500100371614,20.9040380406756
127.276998562445,-63.0094601230158,21.5986307513434
127.276998562445,-63.0094601230158,21.5986307513434
128.083705846557,-62.4445976015522,21.4249825736764
129.69712041478,-61.314872558625,21.0776862183426
132.923949551226,-57.9256974298432,20.035797152341
138.577990937245,-43.241627848324,18.931074487337
141.804820073692,-25.1037157383719,16.8472963553339
139.370517426881,-6.02881479341143,20.2006846243283
137.764193255896,8.83534000077541,22.7486656039905
123.193829361223,8.08441432253946,20.1169064923252
110.236880034773,-4.85000020661202,19.0479809796622
97.2799307083227,-21.7540302417879,18.3263518223331
84.315890984635,-37.7969996227742,16.931074487337
74.5928611918691,-53.3026402262852,16.1885007970071
65.6765386832149,-54.3497640372472,14.0567416853418
64.0560337177539,-65.9468345668154,15.466871639678
63.2422360364046,-74.9942348219077,16.5297052386804
64.0418529232784,-75.827761732109,16.3770015940142
64.84856020739,-76.3926242535726,16.5506497716812
64.84856020739,-76.3926242535726,16.5506497716812

Velocities: 33
0,0,0
1,0,0
3,2,0
6,2,0
7,0,0
0,0,0
12,0,9
12,-5,2
10,-10,-7
2,-12,-11
-8,-12,-11
-8,-3,-3
-8,-2,-2
-2,-2,0
0,0,0
1,0,0
2,0,0
5,1,0
8,2,5
4,0,8
6,7,8
4,7,6
-8,3,0
-9,0,-5
-9,0,-7
-8,0,-7
-6,0,-7
-5,0,0
-4,-3,-4
-3,-3,-3
0,-2,0
0,-1,0
0,0,0

InverseVelocities: 33
0,0,0
0,0,0
0,0,0
0,0,0
0,0,0
0,0,0
0,0,0
0,0,0
-7,2,0
-8,0,0
0,0,0
0,0,0
0,0,0
0,0,0
0,0,0
0,0,0
0,0,0
0,0,0
0,0,0
0,0,0
0,0,0
-5,0,0
0,0,0
0,0,0
0,0,0
0,0,0
0,0,0
0,0,0
0,0,0
0,0,0
0,0,0
0,0,0
0,0,0
