GestureName: tap_left
Duration(ms): 1457
Handedness: right

SpeakerAngles: 6
55
-55
0
0
110
-110

SpeakerElevations: 6
-10
-10
-10
0
30
30

InterpretedPoints: 31
1.62050496546097,0.2686643887376,0.32635182233307
1.62759536269875,0.482261289498351,2.30540728933228
3.24810032815972,3.06544325206729,0.284462756331487
12.1573324395762,1.58445258843717,2.78446275633149
13.7920181995127,0.668324446270677,5.11081457866456
18.6393523014201,22.5071876735097,2.35338826899446
18.6322619041823,19.3986328216749,2.02703644666139
23.4866864033274,15.7467712482602,1.89527733499604
29.1690893782975,-20.1227198629644,2.25742630967009
15.4479751511626,-33.0415565363368,2.05674168534177
8.96595528931866,-23.4233158156761,-0.0270364466613922
-2.40594105785925,-16.9926092112459,2.60472266500395
-3.21973873920862,-2.52811447459209,0.368240888334652
0,0,0
0,0,0
0.806707284111599,2.54967027447583,-0.347296355333861
4.03353642055799,2.23191634186607,0.131759111665348
4.84024370466959,6.77835025756348,-2.08377813200316
4.04771721503354,6.75081651357506,-1.25742630967009
-0.806707284111599,23.5818452284601,3.65879555832674
0.00709039723777405,20.5008241206137,2.5060919136606
-12.9144069430234,0.146573524574531,5.32635182233307
-19.4318787910561,-12.610682652437,-2.39527733499604
-18.6322619041823,-23.3682483276993,-1.67974009132753
-18.6393523014201,-25.6217204694491,-1.83244373599367
-16.2121400518475,-21.6736607633084,-2.20068462432832
-6.45365827289279,-16.2505883376423,-4.22162915732911
-4.88278608809624,-5.53849023868254,-1.56892551266297
7.28872714595549,-1.58445258843717,-2.78446275633149
1.60632417098542,-1.39838943166485,0.0209445330007911
0,0,0

StrokePoints: 32
0,0,0
1.62050496546097,0.2686643887376,0.32635182233307
3.24810032815972,0.75092567823595,2.63175911166535
6.49620065631944,3.81636893030324,2.91622186799684
18.6535330958956,5.40082151874042,5.70068462432832
32.4455512954083,6.06914596501109,10.8114992029929
51.0849035968284,28.5763336385207,13.1648874719873
69.7171655010107,47.9749664601956,15.1919239186487
93.2038519043381,63.7217377084559,17.0872012536448
122.372941282636,43.5990178454915,19.3446275633149
137.820916433798,10.5574613091547,21.4013692486566
146.786871723117,-12.8658545065215,21.3743328019953
144.380930665258,-29.8584637177673,23.9790554669992
141.161191926049,-32.3865781923594,24.3472963553339
141.161191926049,-32.3865781923594,24.3472963553339
141.161191926049,-32.3865781923594,24.3472963553339
141.967899210161,-29.8369079178836,24
146.001435630719,-27.6049915760175,24.1317591116653
150.841679335388,-20.826641318454,22.0479809796622
154.889396550422,-14.075824804879,20.7905546699921
154.08268926631,9.50602042358108,24.4493502283188
154.089779663548,30.0068445441948,26.9554421419794
141.175372720525,30.1534180687693,32.2817939643125
121.743493929468,17.5427354163323,29.8865166293165
103.111232025286,-5.82551291136702,28.2067765379889
84.471879723866,-31.4472333808161,26.3743328019953
68.2597396720185,-53.1208941441246,24.1736481776669
61.8060813991258,-69.3714824817669,19.9520190203378
56.9232953110295,-74.9099727204494,18.3830935076748
64.212022456985,-76.4944253088866,15.5986307513434
65.8183466279704,-77.8928147405514,15.6195752843441
65.8183466279704,-77.8928147405514,15.6195752843441

Velocities: 31
1,0,0
2,2,0
4,3,0
7,0,0
7,1,0
11,0,10
12,0,8
12,-4,7
7,-11,-9
-9,-11,-12
-6,-4,-10
-7,-2,-6
-5,0,0
0,0,0
0,0,0
1,0,1
5,0,0
9,3,0
8,5,0
7,8,10
7,8,8
-8,7,2
-12,2,-5
-12,0,-10
-12,-1,-11
-9,0,-10
-8,0,-8
-7,-7,0
-1,-6,0
0,-3,0
0,0,0

InverseVelocities: 31
0,0,0
0,0,0
0,0,0
0,0,0
0,0,0
0,0,0
0,0,0
0,0,0
-8,5,0
0,0,0
0,0,0
0,0,0
0,0,0
0,0,0
0,0,0
0,0,0
0,0,0
0,0,0
0,0,0
0,0,0
-4,0,0
0,0,0
0,0,0
0,0,0
0,0,0
0,0,0
0,0,0
0,0,0
0,0,0
0,0,0
0,0,0
