GestureName: tap_right
Duration(ms): 1739
Handedness: right

SpeakerAngles: 6
55
-55
0
0
110
-110

SpeakerElevations: 6
-10
-10
-10
0
30
30

InterpretedPoints: 37
1.6134145682232,10.1986810979033,-1.38918542133544
3.2268291364464,3.38917512878174,-1.04188906600158
2.42721224957257,11.0322080081045,-1.2364817766693
2.4201218523348,19.832499674343,-2.60472266500395
-3.23391953368417,13.4717433066267,1.72162915732911
-2.42721224957257,9.79234798922361,2.41622186799684
-3.23391953368417,7.83507398019982,1.7635182233307
-11.3222635665135,-2.20438259787765,-0.958110933998418
-10.5226466796397,-8.99233276711549,-0.589870045663766
-11.336444360989,-2.74171137535284,-1.61081457866456
-10.5297370768774,-16.0705031249747,-0.568925512662975
-10.5368274741152,-12.6322384523208,-2.41622186799684
-7.28872714595549,-2.76924511934127,-0.784462756331487
-5.67531257773229,-10.7084761313901,-0.0898700456637662
-4.06189800950909,-5.60913558243844,-0.784462756331487
0.799616886873824,-0.833526910201223,-0.152703644666139
0,0,0
0.806707284111599,-0.564862521463623,0.17364817766693
0,0,0
0,0,0
0.806707284111599,0.564862521463623,-0.17364817766693
-0.806707284111599,2.82431260731812,-0.868240888334652
5.68240297497007,8.98037687890612,2.28446275633149
12.164422836814,10.6474306993086,2.58987004566377
8.91632250865424,3.84390267429167,2.08987004566377
9.70884899829028,2.09424762192395,4.2635182233307
8.95177449484311,-3.25817945998626,5.5
12.95694932645,14.9192222821637,0.895277334996045
14.5703638946732,0.75092567823595,2.63175911166535
12.9214973402611,-10.9012123393091,5.69459271066772
17.0046665414836,-11.2948944527375,0.062833599002373
9.72302979276584,-17.2277619118903,0.604722665003955
6.44656787565502,-19.1634801210304,-0.027036446661393
-2.4201218523348,-8.77873586635474,1.38918542133544
-2.4201218523348,-2.82431260731812,0.868240888334652
-1.6134145682232,-3.11453279593945,0.520944533000791
0,0,0

StrokePoints: 38
0,0,0
1.6134145682232,10.1986810979033,-1.38918542133544
4.84024370466959,13.5878562266851,-2.43107448733702
7.26745595424216,24.6200642347896,-3.66755626400633
9.68757780657696,44.4525639091327,-6.27227892901028
6.45365827289279,57.9243072157593,-4.55064977168117
4.02644602332022,67.7166552049829,-2.13442790368433
0.792526489636049,75.5517291851828,-0.370909680353637
-10.5297370768774,73.3473465873051,-1.32902061435205
-21.0523837565171,64.3550138201896,-1.91889066001582
-32.3888281175061,61.6133024448368,-3.52970523868038
-42.9185651943836,45.5427993198621,-4.09863075134335
-53.4553926684988,32.9105608675413,-6.51485261934019
-60.7441198144543,30.1413157482001,-7.29931537567168
-66.4194323921866,19.43283961681,-7.38918542133544
-70.4813304016956,13.8237040343715,-8.17364817766693
-69.6817135148218,12.9901771241703,-8.32635182233307
-69.6817135148218,12.9901771241703,-8.32635182233307
-68.8750062307102,12.4253146027067,-8.15270364466614
-68.8750062307102,12.4253146027067,-8.15270364466614
-68.8750062307102,12.4253146027067,-8.15270364466614
-68.0682989465986,12.9901771241703,-8.32635182233307
-68.8750062307102,15.8144897314884,-9.19459271066772
-63.1926032557402,24.7948666103946,-6.91012995433623
-51.0281804189262,35.4422973097031,-4.32025990867247
-42.111857910272,39.2861999839948,-2.2303898630087
-32.4030089119817,41.3804476059187,2.033128360322
-23.4512344171386,38.1222681459325,7.53312836032199
-10.4942850906886,53.0414904280962,8.42840569531804
4.07607880398464,53.7924161063321,11.0601648069834
16.9975761442458,42.8912037670231,16.7547575176511
34.0022426857293,31.5963093142856,16.8175911166535
43.7252724784952,14.3685474023952,17.4223137816574
50.1718403541502,-4.79493271863515,17.395277334996
47.7517185018154,-13.5736685849899,18.7844627563315
45.3315966494806,-16.397981192308,19.6527036446661
43.7181820812574,-19.5125139882475,20.1736481776669
43.7181820812574,-19.5125139882475,20.1736481776669

Velocities: 37
3,1,4
5,1,0
4,2,4
5,2,8
4,7,5
3,5,4
2,5,3
-8,2,0
-8,0,-3
-8,0,0
-7,0,-7
-6,0,-6
-6,-1,0
-5,-2,-4
-3,-2,-2
0,-2,0
0,0,0
0,-1,0
0,0,0
0,0,0
1,0,0
2,3,0
2,0,5
6,0,5
8,3,0
9,1,0
0,0,0
9,0,6
8,-3,0
7,-7,-4
4,-8,-5
-1,-7,-7
-2,-11,-7
-4,-1,-3
-4,-1,0
-2,0,-1
0,0,0

InverseVelocities: 37
0,0,0
0,0,0
0,0,0
0,0,0
0,0,0
-3,0,0
-6,-3,0
0,0,0
0,0,0
0,0,0
0,0,0
0,0,0
0,0,0
0,0,0
0,0,0
0,0,0
0,0,0
0,0,0
0,0,0
0,0,0
0,0,0
0,0,0
0,0,0
0,0,0
0,0,0
0,0,0
0,0,0
0,0,0
0,0,0
-4,3,0
-5,0,0
0,0,0
0,0,0
0,0,0
0,0,0
0,0,0
0,0,0
