GestureName: tap_down
Duration(ms): 1316
Handedness: right

SpeakerAngles: 6
55
-55
0
0
110
-110

SpeakerElevations: 6
-10
-10
-10
0
30
30

InterpretedPoints: 28
0.806707284111599,0.564862521463623,-0.17364817766693
0,1.98480775301221,-0.17364817766693
2.4201218523348,9.90846090928199,-1.7364817766693
4.04062681779577,19.520723685838,-2.97296355333861
9.72302979276584,10.8149891397741,-5.77837084267088
1.6134145682232,20.6720045286489,-3.29931537567168
5.70367416668339,19.4596782537564,-0.472963553338607
-1.62050496546097,9.66733026453281,-2.88918542133544
-0.806707284111599,0.674997497417321,-3.47905546699921
0.806707284111599,-3.30657389681647,-1.43716640099763
2.42721224957257,-3.03790950807887,-1.11081457866456
0,0,0
0,0,0
0,0,0
-1.62759536269875,-0.592396265452048,1
2.43430264681035,-1.80472254034457,3.82635182233307
0,-2.36958506180819,4
-0.799616886873824,10.3727883664663,3.11081457866456
1.64886655441207,8.15282791280958,1.28446275633149
2.44139304404812,-0.888594398178072,1.5
1.6134145682232,-6.77835025756348,2.08377813200316
-1.62050496546097,-11.5659148180101,3.14661173100554
-0.00709039723777616,-12.6956398609373,3.4939080863394
4.88987648533402,-15.7431492806906,0.667556264006329
-0.806707284111599,-14.427361080991,3.12566719800475
-0.806707284111599,-5.08376269317261,1.56283359900237
-0.806707284111599,-0.564862521463623,0.17364817766693
0,0,0

StrokePoints: 29
0,0,0
0.806707284111599,0.564862521463623,-0.17364817766693
0.806707284111599,2.54967027447583,-0.347296355333861
3.2268291364464,12.4581311837578,-2.08377813200316
7.26745595424216,31.9788548695958,-5.05674168534177
16.990485747008,42.7938440093699,-10.8351125280127
18.6039003152312,63.4658485380188,-14.1344279036843
24.3075744819146,82.9255267917753,-14.6073914570229
22.6870695164536,92.5928570563081,-17.4965768783584
21.880362232342,93.2678545537254,-20.9756323453576
22.6870695164536,89.9612806569089,-22.4127987463552
25.1142817660262,86.92337114883,-23.5236133250198
25.1142817660262,86.92337114883,-23.5236133250198
25.1142817660262,86.92337114883,-23.5236133250198
25.1142817660262,86.92337114883,-23.5236133250198
23.4866864033274,86.330974883378,-22.5236133250198
25.9209890501378,84.5262523430334,-18.6972615026867
25.9209890501378,82.1566672812252,-14.6972615026867
25.121372163264,92.5294556476915,-11.5864469240221
26.770238717676,100.682283560501,-10.3019841676907
29.2116317617241,99.793689162323,-8.80198416769066
30.8250463299473,93.0153389047595,-6.7182060356875
29.2045413644864,81.4494240867495,-3.57159430468196
29.1974509672486,68.7537842258121,-0.0776862183425613
34.0873274525826,53.0106349451216,0.589870045663767
33.280620168471,38.5832738641306,3.71553724366851
32.4739128843594,33.499511170958,5.27837084267089
31.6672056002478,32.9346486494944,5.45201902033782
31.6672056002478,32.9346486494944,5.45201902033782

Velocities: 28
1,0,0
0,0,1
5,2,3
9,5,6
11,5,0
7,5,7
6,7,7
2,3,3
-2,-1,0
-4,-5,0
-3,-5,0
0,0,0
0,0,0
0,0,0
0,0,0
1,0,0
0,0,0
0,2,6
0,3,4
0,0,0
-5,-7,0
-11,-10,0
-11,-12,0
-11,-10,-3
-8,-7,-3
-5,-4,0
-1,0,0
0,0,0

InverseVelocities: 28
0,0,0
0,0,0
0,0,0
0,0,0
0,0,0
0,0,0
0,0,0
0,0,0
0,0,0
0,0,0
0,0,0
0,0,0
0,0,0
0,0,0
0,0,0
0,0,0
0,0,0
0,0,0
0,0,0
0,0,0
0,0,0
0,0,0
0,0,0
0,0,0
0,0,0
0,0,0
0,0,0
0,0,0
