GestureName: tap_right
Duration(ms): 752
Handedness: right

SpeakerAngles: 6
55
-55
0
0
110
-110

SpeakerElevations: 6
-10
-10
-10
0
30
30

InterpretedPoints: 16
0.799616886873824,1.63354213230934,1.97905546699921
-1.59923377374765,4.46383268373214,0.263518223330696
9.73012019000361,16.0369914368816,2.24257369032991
16.2192304490853,18.8277923561066,3.04798097966218
17.0188473359591,2.92777453212517,4.41622186799683
19.4460595855317,3.2239726648512,3.91622186799684
17.0046665414835,16.0214135811025,1.37433280199525
21.8520006433909,2.43953529852213,2.95811093399842
25.9280794473756,-14.4309830485607,0.562833599002373
18.6393523014201,-19.7774321863662,0.952019020337816
12.9924013126389,-22.6017447936843,1.82025990867247
-0.785436092398273,-11.5695367855798,0.583778132003164
-8.09543443006709,-10.6809423874017,-0.916221867996835
-1.6134145682232,-1.12972504292725,0.347296355333861
-1.6134145682232,-1.12972504292725,0.347296355333861
0,0,0

StrokePoints: 17
0,0,0
0.799616886873824,1.63354213230934,1.97905546699921
-0.799616886873824,6.09737481604148,2.2425736903299
8.93050330312979,22.134366252923,4.48514738065981
25.1497337522151,40.9621586090296,7.53312836032199
42.1685810881742,43.8899331411548,11.9493502283188
61.6146406737058,47.113905806006,15.8655720963157
78.6193072151894,63.1353193871085,17.2399048983109
100.47130785858,65.5748546856306,20.1980158323093
126.399387305956,51.14387163707,20.7608494313117
145.038739607376,31.3664394507038,21.7128684516495
158.031140920015,8.7646946570195,23.533128360322
157.245704827617,-2.80484212856025,24.1169064923252
149.150270397549,-13.4857845159619,23.2006846243283
147.536855829326,-14.6155095588892,23.5479809796622
145.923441261103,-15.7452346018164,23.895277334996
145.923441261103,-15.7452346018164,23.895277334996

Velocities: 16
2,0,1
3,7,0
5,0,8
8,0,9
11,1,0
12,0,0
12,0,6
11,-6,1
7,-9,-7
1,-10,-8
-5,-9,-8
-6,-2,-4
-7,-1,-4
-2,0,0
-2,0,0
0,0,0

InverseVelocities: 16
0,0,0
0,0,0
0,0,0
0,0,0
0,0,0
0,0,0
0,0,0
0,0,0
-2,3,0
-5,0,0
0,0,0
0,0,0
0,0,0
0,0,0
0,0,0
0,0,0
