GestureName: tap_down
Duration(ms): 1410
Handedness: right

SpeakerAngles: 6
55
-55
0
0
110
-110

SpeakerElevations: 6
-10
-10
-10
0
30
30

InterpretedPoints: 30
0.806707284111599,0.564862521463623,-0.17364817766693
2.4201218523348,3.67939531740308,-0.694592710667721
4.03353642055799,6.79392811334253,-1.21553724366851
0.785436092398273,14.6840695815192,-1.10472266500396
6.51038145079499,24.5314850587197,-0.341204441673259
8.93050330312979,9.7127978408353,-6.25742630967009
0.806707284111599,20.9622247172703,-2.95201902033782
2.45557383852367,18.1163563100684,-2.10472266500395
0,1.77718879635614,-3
0.785436092398274,-14.8797326499659,-3.41622186799684
-0.813797681349374,0.296198132726024,-0.5
0,0,0
0,0,0
0,0,0
-0.813797681349374,-0.296198132726024,0.5
-0.813797681349374,-0.296198132726024,0.5
3.24100993092194,-0.647463753428896,2.65270364466614
1.62050496546097,0.213596900760751,1.97905546699921
5.68240297497007,5.60315763833375,1.63175911166535
3.24810032815972,3.64588362930997,0.979055466999209
0,0,0
0.00709039723777527,-3.12051074004414,1.36824088833465
0.806707284111599,-7.33125689081773,0.562833599002373
0.799616886873824,-9.00428865532487,1.10472266500396
-3.27646191711082,-29.636803551776,1.88309350767484
-3.26228112263527,-8.12167220125148,0.452019020337816
-0.806707284111599,-13.2306126618775,-0.568925512662975
0.806707284111599,-1.69458756439087,0.520944533000791
-0.806707284111599,-0.564862521463623,0.17364817766693
0,0,0

StrokePoints: 31
0,0,0
0.806707284111599,0.564862521463623,-0.17364817766693
3.2268291364464,4.2442578388667,-0.868240888334652
7.26036555700439,11.0381859522092,-2.08377813200316
8.04580164940266,25.7222555337284,-3.18850079700712
14.5561831001977,50.2537405924481,-3.52970523868038
23.4866864033274,59.9665384332834,-9.78713154835047
24.293393687439,80.9287631505537,-12.7391505686883
26.7489675259627,99.0451194606221,-14.8438732336922
26.7489675259627,100.822308256978,-17.8438732336922
27.534403618361,85.9425756070123,-21.2600951016891
26.7206059370116,86.2387737397383,-21.7600951016891
26.7206059370116,86.2387737397383,-21.7600951016891
26.7206059370116,86.2387737397383,-21.7600951016891
26.7206059370116,86.2387737397383,-21.7600951016891
25.9068082556622,85.9425756070123,-21.2600951016891
25.0930105743129,85.6463774742863,-20.7600951016891
28.3340205052348,84.9989137208574,-18.1073914570229
29.9545254706958,85.2125106216182,-16.1283359900237
35.6369284456658,90.8156682599519,-14.4965768783584
38.8850287738256,94.4615518892619,-13.5175214113592
38.8850287738256,94.4615518892619,-13.5175214113592
38.8921191710633,91.3410411492177,-12.1492805230245
39.6988264551749,84.0097842584,-11.5864469240221
40.4984433420488,75.0054956030751,-10.4817242590182
37.2219814249379,45.3686920512991,-8.59863075134335
33.9597003023027,37.2470198500477,-8.14661173100554
33.1529930181911,24.0164071881701,-8.71553724366851
33.9597003023027,22.3218196237793,-8.19459271066772
33.1529930181911,21.7569571023156,-8.02094453300079
33.1529930181911,21.7569571023156,-8.02094453300079

Velocities: 30
1,0,0
3,0,1
5,0,2
7,3,5
8,8,9
8,5,0
5,4,8
3,5,7
0,0,0
0,-4,-8
0,0,0
0,0,0
0,0,0
0,0,0
0,0,0
0,0,0
2,0,0
2,1,0
2,0,3
1,0,2
0,0,0
-3,-2,0
-3,-4,-2
-6,-8,-1
-9,-12,-10
-8,-9,0
-5,-4,-5
-1,-2,0
-1,0,0
0,0,0

InverseVelocities: 30
0,0,0
0,0,0
0,0,0
0,0,0
0,0,0
0,0,0
0,0,0
0,0,0
0,0,0
0,0,0
0,0,0
0,0,0
0,0,0
0,0,0
0,0,0
0,0,0
0,0,0
0,0,0
0,0,0
0,0,0
0,0,0
0,0,0
0,0,0
0,0,0
0,0,0
0,0,0
0,0,0
0,0,0
0,0,0
0,0,0
