GestureName: tap_left
Duration(ms): 1551
Handedness: right

SpeakerAngles: 6
55
-55
0
0
110
-110

SpeakerElevations: 6
-10
-10
-10
0
30
30

InterpretedPoints: 33
1.62050496546097,0.2686643887376,0.32635182233307
1.62050496546097,0.2686643887376,0.32635182233307
4.86151489638292,0.805993166212799,0.979055466999209
5.68949337220784,2.71417763136442,2.43716640099763
8.92341290589201,3.57523828555407,1.7635182233307
3.26937151987304,-1.23986001888094,3.65270364466614
9.76557217619249,16.2936999374098,4.2635182233307
16.197959257372,17.4413588126511,1.37433280199525
25.8926274611867,5.89337782695509,1.97905546699921
31.6033920251079,-21.4875976065361,0.604722665003956
14.6129062780999,-34.2538828112293,4.88309350767484
-2.39885066062147,-7.66694465574155,3.58377813200316
-3.21973873920862,-6.50968586882588,2.41012995433623
-4.84024370466959,-3.38917512878174,1.04188906600158
-1.6134145682232,-1.12972504292725,0.347296355333861
0,0,0
2.42721224957257,0.833526910201223,0.152703644666139
3.2268291364464,4.2442578388667,-0.868240888334652
6.46074867013057,24.3178881579589,-2.32025990867247
3.23391953368417,22.5957668495796,-0.972963553338607
-4.05480761227132,24.070779569105,-2.62566719800475
-10.5722794603041,23.4292937597808,-0.820259908672468
-11.3718963471779,7.10208213427793,-3.41012995433623
-13.7636566105616,-2.44551324262682,-2.11081457866456
-11.336444360989,-10.6809423874017,-0.916221867996835
-6.51038145079499,-14.1012732277415,-1.61081457866456
-12.1502420423384,-18.3239752667245,-0.721629157329114
-10.543917871353,-12.3635740635832,-2.08987004566377
-9.73012019000361,-0.750925678235951,-2.63175911166535
-3.24100993092195,-6.97401332601017,-2.43716640099763
-1.62050496546097,-2.52811447459209,0.368240888334652
0.806707284111599,-0.564862521463623,0.17364817766693
0,0,0

StrokePoints: 34
0,0,0
1.62050496546097,0.2686643887376,0.32635182233307
3.24100993092194,0.537328777475199,0.652703644666139
8.10252482730486,1.343321943688,1.63175911166535
13.7920181995127,4.05749957505242,4.06892551266297
22.7154311054047,7.63273786060649,5.83244373599367
25.9848026252778,6.39287784172554,9.48514738065981
35.7503748014702,22.6865777791353,13.7486656039905
51.9483340588422,40.1279365917864,15.1229984059858
77.8409615200289,46.0213144187415,17.102053872985
109.444353545137,24.5337168122054,17.7067765379889
124.057259823237,-9.72016599902389,22.5898700456638
121.658409162615,-17.3871106547655,26.1736481776669
118.438670423406,-23.8967965235913,28.5837781320032
113.598426718737,-27.2859716523731,29.6256671980047
111.985012150514,-28.4156966953003,29.9729635533386
111.985012150514,-28.4156966953003,29.9729635533386
114.412224400086,-27.5821697850991,30.1256671980047
117.639053536533,-23.3379119462324,29.2574263096701
124.099802206663,0.979976211726505,26.9371664009976
127.333721740347,23.5757430613061,25.964202847659
123.278914128076,47.6465226304112,23.3385356496543
112.706634667772,71.075816390192,22.5182757409818
101.334738320594,78.1778985244699,19.1081457866456
87.5710817100325,75.7323852818431,16.997331207981
76.2346373490435,65.0514428944414,16.0811093399842
69.7242558982485,50.9501696666999,14.4702947613196
57.5740138559101,32.6261943999754,13.7486656039905
47.0300959845571,20.2626203363923,11.6587955583267
37.2999757945535,19.5116946581563,9.0270364466614
34.0589658636315,12.5376813321461,6.58987004566377
32.4384608981705,10.009566857554,6.95811093399842
33.2451681822821,9.44470433609042,7.13175911166535
33.2451681822821,9.44470433609042,7.13175911166535

Velocities: 33
1,0,0
1,0,0
3,0,0
5,4,0
7,3,0
0,2,0
0,0,10
11,0,7
10,-11,4
7,-12,-10
-7,-12,-12
-9,-3,0
-8,-3,0
-6,0,0
-2,0,0
0,0,0
2,0,0
4,0,1
10,3,9
7,4,9
3,5,10
6,7,9
4,7,0
-9,1,0
-8,0,-4
0,0,-8
-8,0,-8
-5,0,-6
-5,0,0
-4,-2,-3
-3,-2,0
0,-1,0
0,0,0

InverseVelocities: 33
0,0,0
0,0,0
0,0,0
0,0,0
0,0,0
0,0,0
0,0,0
0,0,0
0,6,-5
-10,4,0
0,0,0
0,0,0
0,0,0
0,0,0
0,0,0
0,0,0
0,0,0
0,0,0
0,0,0
0,0,0
0,0,0
-4,0,0
-6,-3,0
0,0,0
0,0,0
0,0,0
0,0,0
0,0,0
0,0,0
0,0,0
0,0,0
0,0,0
0,0,0
