GestureName: tap_back
Duration(ms): 940
Handedness: right

SpeakerAngles: 6
55
-55
0
0
110
-110

SpeakerElevations: 6
-10
-10
-10
0
30
30

InterpretedPoints: 20
0.820888078587149,-1.15725878691567,1.17364817766693
3.23391953368417,-3.12051074004414,1.36824088833465
-2.40594105785925,-3.41670887277017,1.86824088833465
-0.771255297922723,-6.26257727997202,2.71553724366851
-1.6134145682232,-1.12972504292725,0.347296355333861
-1.62759536269875,-6.29608896806513,4.38918542133544
-2.43430264681035,-4.49136642772056,0.562833599002373
0.792526489636048,-1.10219129893882,-0.479055466999209
-0.806707284111599,-0.564862521463623,0.17364817766693
0,0,0
0,0,0
0.806707284111599,0.564862521463623,-0.17364817766693
1.6134145682232,1.12972504292725,-0.347296355333861
1.62759536269875,-0.592396265452048,1
1.62050496546097,-0.916128142166496,2.32635182233307
6.46074867013056,2.47304698661525,1.28446275633149
13.8345605829394,-0.888594398178071,1.5
9.71593939552806,5.64264727053155,-0.889185421335443
4.86151489638292,8.74522417826163,0.284462756331487
0,0,0

StrokePoints: 21
0,0,0
0.820888078587149,-1.15725878691567,1.17364817766693
4.05480761227132,-4.27776952695981,2.54188906600158
1.64886655441207,-7.69447839972998,4.41012995433623
0.87761125648935,-13.957055679702,7.12566719800475
-0.735803311733847,-15.0867807226292,7.47296355333861
-2.36339867443259,-21.3828696906944,11.862148974674
-4.79770132124294,-25.8742361184149,12.4249825736764
-4.00517483160689,-26.9764274173538,11.9459271066772
-4.81188211571849,-27.5412899388174,12.1195752843441
-4.81188211571849,-27.5412899388174,12.1195752843441
-4.81188211571849,-27.5412899388174,12.1195752843441
-4.00517483160689,-26.9764274173538,11.9459271066772
-2.3917602633837,-25.8467023744265,11.5986307513434
-0.764164900684948,-26.4390986398786,12.5986307513434
0.856340064776024,-27.3552267820451,14.9249825736764
7.31708873490659,-24.8821797954298,16.2094453300079
21.1516493178459,-25.7707741936079,17.7094453300079
30.867588713374,-20.1281269230763,16.8202599086725
35.7291036097569,-11.3829027448147,17.104722665004
35.7291036097569,-11.3829027448147,17.104722665004

Velocities: 20
-1,0,0
-1,-4,0
-5,0,0
-6,0,-1
-2,0,0
-4,-4,0
-5,-4,0
0,-3,0
-1,0,0
0,0,0
0,0,0
1,0,0
2,0,0
0,0,0
1,0,0
7,0,0
0,0,0
7,0,1
3,0,4
0,0,0

InverseVelocities: 20
0,0,0
0,0,0
0,0,0
0,0,0
0,0,0
0,0,0
0,0,0
0,0,0
0,0,0
0,0,0
0,0,0
0,0,0
0,0,0
0,0,0
0,0,0
0,0,0
0,0,0
0,0,0
0,0,0
0,0,0
