GestureName: tap_right
Duration(ms): 1598
Handedness: right

SpeakerAngles: 6
55
-55
0
0
110
-110

SpeakerElevations: 6
-10
-10
-10
0
30
30

InterpretedPoints: 34
1.62050496546097,0.2686643887376,0.32635182233307
4.04771721503354,0.509795033486775,1.47905546699921
4.86860529362069,10.9986963200114,0.437166400997627
1.6134145682232,10.1986810979033,-1.38918542133544
4.06189800950909,9.57875108846285,0.437166400997627
-1.62759536269875,10.9436288320346,2.08987004566377
-8.09543443006709,10.6258748994248,2.56892551266297
-22.6728887219781,-4.13412286291301,-2.43716640099763
-16.1908688601342,-4.40876519575529,-1.91622186799684
-14.5632734974354,-5.00116146120734,-0.916221867996835
-16.2050496546097,-2.686643887376,-3.2635182233307
-9.73012019000361,-12.6597721963092,-1.58987004566377
0.792526489636048,-10.6534086434133,-1.74257369032991
1.60632417098542,-3.65783951751934,0.715537243668512
4.03353642055799,-2.82431260731812,0.868240888334652
1.6134145682232,-1.12972504292725,0.347296355333861
0,0,0
0.813797681349374,-0.296198132726024,0.5
5.67531257773229,0.509795033486775,1.47905546699921
4.04062681779577,17.2493177117741,-0.583778132003164
12.164422836814,4.05749957505242,4.06892551266297
14.5632734974354,3.2239726648512,3.91622186799683
17.8326450173085,17.9727096460216,2.87433280199525
13.7707470077994,2.71417763136442,2.43716640099763
16.1908688601342,3.00439781998576,2.78446275633149
17.0046665414835,-4.85820990420249,1.84729635533386
13.7707470077994,-11.0262300639999,0.389185421335443
11.3577155527024,-13.5268107946035,-0.0689255126629749
5.66113178325674,-10.6534086434133,-1.74257369032991
-1.6134145682232,-2.25945008585449,0.694592710667721
-1.6134145682232,-4.2442578388667,0.868240888334652
-1.6134145682232,-1.12972504292725,0.347296355333861
-0.806707284111599,-0.564862521463623,0.17364817766693
0,0,0

StrokePoints: 35
0,0,0
1.62050496546097,0.2686643887376,0.32635182233307
5.66822218049452,0.778459422224375,1.80540728933228
10.5368274741152,11.7771557422358,2.24257369032991
12.1502420423384,21.9758368401391,0.853388268994463
16.2121400518475,31.554587928602,1.29055466999209
14.5845446891487,42.4982167606366,3.38042471565586
6.48911025908166,53.1240916600614,5.94935022831883
-16.1837784628964,48.9899687971484,3.5121838273212
-32.3746473230306,44.5812036013931,1.59596195932437
-46.937920820466,39.5800421401858,0.679740091327533
-63.1429704750757,36.8933982528098,-2.58377813200316
-72.8730906650793,24.2336260565006,-4.17364817766693
-72.0805641754433,13.5802174130873,-5.91622186799683
-70.4742400044579,9.92237789556798,-5.20068462432832
-66.4407035838999,7.09806528824986,-4.33244373599367
-64.8272890156767,5.96834024532262,-3.98514738065981
-64.8272890156767,5.96834024532262,-3.98514738065981
-64.0134913343273,5.67214211259659,-3.48514738065981
-58.338178756595,6.18193714608337,-2.0060919136606
-54.2975519387993,23.4312548578575,-2.58987004566376
-42.1331291019853,27.4887544329099,1.47905546699921
-27.5698556045499,30.7127270977611,5.39527733499604
-9.7372105872414,48.6854367437827,8.2696101369913
4.03353642055798,51.3996143751471,10.7067765379889
20.2244052806922,54.4040121951329,13.4912392943204
37.2290718221757,49.5458022909304,15.3385356496543
50.9998188299751,38.5195722269305,15.7277210709897
62.3575343826774,24.992761432327,15.6587955583267
68.0186661659342,14.3393527889137,13.9162218679968
66.405251597711,12.0799027030592,14.6108145786646
64.7918370294878,7.83564486419252,15.4790554669992
63.1784224612646,6.70591982126528,15.8263518223331
62.371715177153,6.14105729980165,16
62.371715177153,6.14105729980165,16

Velocities: 34
1,0,0
3,0,0
3,1,5
3,1,4
3,2,4
3,3,5
2,8,4
-12,4,-1
-12,0,0
-12,0,0
-10,0,0
-5,0,-6
-3,-6,-4
-2,-5,0
0,-5,0
0,-2,0
0,0,0
0,0,0
3,0,0
4,0,8
10,4,0
12,0,0
10,0,8
9,0,0
9,-3,1
6,-6,-2
3,-6,-5
-2,-7,-5
-2,-7,-4
-3,-1,0
-3,-1,-1
-2,0,0
-1,0,0
0,0,0

InverseVelocities: 34
0,0,0
0,0,0
0,0,0
0,0,0
0,0,0
0,0,0
-7,-7,0
0,-9,0
0,0,0
0,0,0
0,0,0
0,0,0
0,0,0
0,0,0
0,0,0
0,0,0
0,0,0
0,0,0
0,0,0
0,0,0
0,0,0
0,0,0
0,0,0
0,0,0
-1,0,0
-3,4,0
-4,0,0
0,0,0
0,0,0
0,0,0
0,0,0
0,0,0
0,0,0
0,0,0
