GestureName: tap_back
Duration(ms): 1034
Handedness: right

SpeakerAngles: 6
55
-55
0
0
110
-110

SpeakerElevations: 6
-10
-10
-10
0
30
30

InterpretedPoints: 22
0.0141807944755501,-1.72212130837929,1.34729635533386
4.85442449914514,-2.85184635130654,1.69459271066772
-4.85442449914514,-1.66705382040245,-0.305407289332279
-3.23391953368417,-3.65783951751934,0.715537243668512
1.60632417098542,-1.39838943166485,0.0209445330007911
-5.69658376944562,-5.29735959393336,-0.416221867996836
-2.4484834412859,-2.71417763136442,-2.43716640099763
-0.813797681349374,-2.50058073060367,-0.458110933998418
-1.6134145682232,-1.12972504292725,0.347296355333861
0,0,0
0,0,0
0,0,0
0.806707284111599,0.564862521463623,-0.17364817766693
0.806707284111599,0.564862521463623,-0.17364817766693
-0.792526489636048,11.0262300639999,-0.389185421335443
4.06189800950909,5.02869520519576,0.0898700456637662
2.44139304404812,-0.888594398178072,1.5
15.4267039594492,2.82431260731812,-0.868240888334652
17.0401185276724,3.95403765024536,-1.21553724366851
5.64695098878119,5.93884540325757,-1.38918542133544
2.4201218523348,9.6338185764397,-1.21553724366851
0,0,0

StrokePoints: 23
0,0,0
0.0141807944755501,-1.72212130837929,1.34729635533386
4.86860529362069,-4.57396765968584,3.04188906600158
0.0141807944755499,-6.24102148008828,2.7364817766693
-3.21973873920862,-9.89886099760762,3.45201902033782
-1.6134145682232,-11.2972504292725,3.47296355333861
-7.30999833766881,-16.5946100232058,3.05674168534177
-9.75848177895471,-19.3087876545703,0.619575284344145
-10.5722794603041,-21.8093683851739,0.161464350345727
-12.1856940285273,-22.9390934281012,0.508760705679588
-12.1856940285273,-22.9390934281012,0.508760705679588
-12.1856940285273,-22.9390934281012,0.508760705679588
-12.1856940285273,-22.9390934281012,0.508760705679588
-11.3789867444157,-22.3742309066375,0.335112528012657
-10.5722794603041,-21.8093683851739,0.161464350345727
-11.3648059499401,-10.7831383211741,-0.227721070989716
-7.30290794043104,-5.7544431159783,-0.137851025325949
-4.86151489638292,-6.64303751415637,1.36214897467405
10.5651890630663,-3.81872490683825,0.493908086339399
27.6053075907387,0.135312743407115,-0.721629157329114
33.2522585795199,6.07415814666469,-2.11081457866456
35.6723804318547,15.7079767231044,-3.32635182233307
35.6723804318547,15.7079767231044,-3.32635182233307

Velocities: 22
-2,0,0
0,-4,0
-4,0,0
-5,-2,0
0,-3,0
-6,-6,0
-4,-5,0
-3,-3,0
-2,0,0
0,0,0
0,0,0
0,0,0
1,0,0
1,0,0
0,3,5
6,5,0
0,0,0
5,0,0
7,0,0
7,0,1
3,0,4
0,0,0

InverseVelocities: 22
0,0,0
0,0,0
0,0,0
0,0,0
0,0,0
0,0,0
0,0,0
0,0,0
0,0,0
0,0,0
0,0,0
0,0,0
0,0,0
0,0,0
0,0,0
0,0,0
0,0,0
0,0,0
0,0,0
0,0,0
0,0,0
0,0,0
