GestureName: tap_back
Duration(ms): 1034
Handedness: right

SpeakerAngles: 6
55
-55
0
0
110
-110

SpeakerElevations: 6
-10
-10
-10
0
30
30

InterpretedPoints: 22
0.813797681349374,-0.296198132726024,0.5
0,0,0
-4.05480761227132,-2.22593839776138,-0.979055466999209
-0.806707284111599,-0.564862521463623,0.17364817766693
-4.04062681779577,-1.37085568767642,-0.805407289332279
-2.43430264681035,-5.02869520519576,-0.0898700456637662
-0.813797681349374,-4.22270203898296,0.889185421335443
-2.4201218523348,-1.69458756439087,0.520944533000791
-0.806707284111599,-0.564862521463623,0.17364817766693
0,0,0
0,0,0
0,0,0
1.62050496546097,0.2686643887376,0.32635182233307
0.813797681349374,-0.296198132726024,0.5
0,0,0
4.86860529362069,5.59355772665939,-0.0837781320031643
3.25519072539749,-2.36958506180819,4
8.10252482730486,2.14333716579611,3.45811093399842
4.85442449914514,1.66705382040245,0.305407289332279
3.21973873920862,3.12051074004414,-1.36824088833465
1.6134145682232,1.12972504292725,-0.347296355333861
0,0,0

StrokePoints: 23
0,0,0
0.813797681349374,-0.296198132726024,0.5
0.813797681349374,-0.296198132726024,0.5
-3.24100993092194,-2.52213653048741,-0.479055466999209
-4.04771721503354,-3.08699905195103,-0.305407289332278
-8.08834403282931,-4.45785473962745,-1.11081457866456
-10.5226466796397,-9.48654994482322,-1.20068462432832
-11.336444360989,-13.7092519838062,-0.311499202992881
-13.7565662133238,-15.4038395481971,0.20944533000791
-14.5632734974354,-15.9687020696607,0.383093507674841
-14.5632734974354,-15.9687020696607,0.383093507674841
-14.5632734974354,-15.9687020696607,0.383093507674841
-14.5632734974354,-15.9687020696607,0.383093507674841
-12.9427685319745,-15.7000376809231,0.70944533000791
-12.1289708506251,-15.9962358136491,1.20944533000791
-12.1289708506251,-15.9962358136491,1.20944533000791
-7.26036555700439,-10.4026780869897,1.12566719800475
-4.00517483160689,-12.7722631487979,5.12566719800475
4.09734999569797,-10.6289259830018,8.58377813200316
8.95177449484311,-8.96187216259935,8.88918542133544
12.1715132340517,-5.84136142255521,7.52094453300079
13.7849278022749,-4.71163637962796,7.17364817766693
13.7849278022749,-4.71163637962796,7.17364817766693

Velocities: 22
0,0,0
0,0,0
-2,0,-1
-1,0,0
-4,0,0
-6,-5,0
-4,-4,0
-3,0,0
-1,0,0
0,0,0
0,0,0
0,0,0
1,0,0
0,0,0
0,0,0
7,5,0
0,0,0
5,0,1
4,0,0
5,0,0
2,0,0
0,0,0

InverseVelocities: 22
0,0,0
0,0,0
0,0,0
0,0,0
0,0,0
0,0,0
0,0,0
0,0,0
0,0,0
0,0,0
0,0,0
0,0,0
0,0,0
0,0,0
0,0,0
0,0,0
0,0,0
0,0,0
0,0,0
0,0,0
0,0,0
0,0,0
