GestureName: tap_right
Duration(ms): 1645
Handedness: right

SpeakerAngles: 6
55
-55
0
0
110
-110

SpeakerElevations: 6
-10
-10
-10
0
30
30

InterpretedPoints: 35
0.806707284111599,2.54967027447583,-0.347296355333861
2.43430264681035,5.07180680496324,0.131759111665348
3.24100993092194,8.75120212236632,-0.562833599002373
1.60632417098542,14.7116033255076,-1.93107448733702
4.86860529362069,11.8106674303289,0.568925512662975
-2.43430264681035,10.0610123779612,2.74257369032991
-7.26036555700439,1.89025063283756,4
-17.0117569387213,-1.63952007641402,-1.13175911166535
-12.9498589292122,-10.955584720244,-0.395277334996044
-13.7636566105616,-20.583425352579,-0.0270364466613926
-12.9711301209256,-18.2964415227361,-1.54798097966218
-6.47492946460611,-1.93571820914005,-0.631759111665348
-4.86151489638292,-0.805993166212799,-0.979055466999209
-3.24810032815972,0.323731876714448,-1.32635182233307
-1.6134145682232,-7.08414830196387,0.868240888334652
0,-1.98480775301221,0.17364817766693
0,0,0
0,0,0
3.24810032815972,3.64588362930997,0.979055466999209
0.799616886873824,0.833526910201223,0.152703644666139
1.6134145682232,17.2277619118903,-0.604722665003955
11.3506251554646,14.913244338059,1.7425736903299
12.1502420423384,1.85311697717477,3.11081457866456
12.9640397236878,0.372126313544654,5.61081457866456
5.64695098878119,3.95403765024536,-1.21553724366851
13.7636566105616,4.15567866279674,2.45811093399842
22.6516175302647,-7.09012624606856,1.71553724366851
18.6180811097067,-9.3651541877021,1.54188906600158
9.74430098447916,-17.496426300628,0.278370842670886
3.26228112263527,-15.1268412388198,-3.72162915732911
-0.806707284111599,-11.3008723968421,0.910129954336234
-3.24100993092194,-11.0106522082208,1.25742630967009
-3.23391953368417,-3.38319718467706,0.194592710667721
-0.806707284111599,-0.564862521463623,0.17364817766693
0,0,0

StrokePoints: 36
0,0,0
0.806707284111599,2.54967027447583,-0.347296355333861
3.24100993092194,7.62147707943907,-0.215537243668513
6.48201986184389,16.3726792018054,-0.778370842670886
8.08834403282931,31.084282527313,-2.70944533000791
12.95694932645,42.8949499576419,-2.14051981734494
10.5226466796397,52.9559623356031,0.60205387298497
3.26228112263527,54.8462129684407,4.60205387298497
-13.7494758160861,53.2066928920267,3.47029476131962
-26.6993347452983,42.2511081717827,3.07501742632358
-40.4629913558599,21.6676828192037,3.04798097966218
-53.4341214767855,3.37124129646769,1.5
-59.9090509413916,1.43552308732764,0.868240888334653
-64.7705658377745,0.629529921114842,-0.110814578664556
-68.0186661659342,0.95326179782929,-1.43716640099763
-69.6320807341574,-6.13088650413458,-0.568925512662973
-69.6320807341574,-8.11569425714679,-0.395277334996043
-69.6320807341574,-8.11569425714679,-0.395277334996043
-69.6320807341574,-8.11569425714679,-0.395277334996043
-66.3839804059977,-4.46981062783682,0.583778132003166
-65.5843635191239,-3.6362837176356,0.736481776669305
-63.9709489509007,13.5914781942547,0.13175911166535
-52.6203237954361,28.5047225323138,1.87433280199525
-40.4700817530977,30.3578395094885,4.98514738065981
-27.5060420294099,30.7299658230332,10.5959619593244
-21.8590910406287,34.6840034732786,9.38042471565586
-8.09543443006709,38.8396821360753,11.8385356496543
14.5561831001976,31.7495558900067,13.5540728933228
33.1742642099044,22.3844017023046,15.0959619593244
42.9185651943835,4.88797540167668,15.3743328019953
46.1808463170188,-10.2388658371431,11.6527036446661
45.3741390329072,-21.5397382339852,12.5628335990024
42.1331291019853,-32.550390442206,13.8202599086725
38.8992095683011,-35.9335876268831,14.0148526193402
38.0925022841895,-36.4984501483467,14.1885007970071
38.0925022841895,-36.4984501483467,14.1885007970071

Velocities: 35
1,0,1
2,1,2
4,2,3
6,3,5
6,4,4
4,5,4
-6,3,3
-8,3,0
-11,-1,-3
-11,-1,-8
-8,-1,-8
-5,0,0
-3,0,0
-1,0,0
-2,0,-3
0,0,-1
0,0,0
0,0,0
1,0,2
2,0,0
5,3,7
6,0,7
8,0,0
8,0,0
7,0,0
7,-3,2
7,-12,-2
6,-8,-4
-3,-6,-7
-5,-4,-7
-4,-3,-4
-6,-4,-3
-3,0,-1
-1,0,0
0,0,0

InverseVelocities: 35
0,0,0
0,0,0
0,0,0
0,0,0
0,0,0
-1,0,0
0,-4,0
0,0,0
0,0,0
0,1,0
0,0,0
0,0,0
0,0,0
0,0,0
0,0,0
0,0,0
0,0,0
0,0,0
0,0,0
0,0,0
0,0,0
0,0,0
0,0,0
0,0,0
0,0,0
0,0,0
0,5,0
-4,3,0
0,0,0
0,0,0
0,0,0
0,0,0
0,0,0
0,0,0
0,0,0
