GestureName: tap_up
Duration(ms): 1269
Handedness: right

SpeakerAngles: 6
55
-55
0
0
110
-110

SpeakerElevations: 6
-10
-10
-10
0
30
30

InterpretedPoints: 27
0.806707284111599,-0.564862521463623,0.17364817766693
0.806707284111599,-0.564862521463623,0.17364817766693
0,0,0
0.813797681349374,0.296198132726024,-0.5
0,0,0
2.4201218523348,-1.69458756439087,0.520944533000791
0.806707284111599,-0.564862521463623,0.17364817766693
-1.62050496546097,-1.39838943166485,0.0209445330007911
-2.42721224957257,-1.96325195312847,0.194592710667721
0,0,0
0,0,0
0.806707284111599,0.564862521463623,-0.17364817766693
-0.806707284111599,0.564862521463623,-0.17364817766693
0,0,0
0,0,0
1.62050496546097,5.36800493768926,-0.368240888334652
-0.806707284111599,1.69458756439087,-0.520944533000791
0,0,0
0,0,0
0,0,0
-0.806707284111599,-0.564862521463623,0.17364817766693
-1.6134145682232,-1.12972504292725,0.347296355333861
-0.00709039723777527,-9.07493399908077,1.88918542133544
-0.00709039723777505,-3.9755934501291,1.19459271066772
0.806707284111599,-0.564862521463623,0.17364817766693
0.806707284111599,-0.564862521463623,0.17364817766693
0,0,0

StrokePoints: 28
0,0,0
0.806707284111599,-0.564862521463623,0.17364817766693
1.6134145682232,-1.12972504292725,0.347296355333861
1.6134145682232,-1.12972504292725,0.347296355333861
2.42721224957257,-0.833526910201223,-0.152703644666139
2.42721224957257,-0.833526910201223,-0.152703644666139
4.84733410190737,-2.52811447459209,0.368240888334652
5.65404138601897,-3.09297699605572,0.541889066001582
4.03353642055799,-4.49136642772056,0.562833599002373
1.60632417098542,-6.45461838084903,0.757426309670095
1.60632417098542,-6.45461838084903,0.757426309670095
1.60632417098542,-6.45461838084903,0.757426309670095
2.41303145509702,-5.88975585938541,0.583778132003164
1.60632417098542,-5.32489333792179,0.410129954336234
1.60632417098542,-5.32489333792179,0.410129954336234
1.60632417098542,-5.32489333792179,0.410129954336234
3.2268291364464,0.0431115997674754,0.0418890660015822
2.4201218523348,1.73769916415835,-0.479055466999209
2.4201218523348,1.73769916415835,-0.479055466999209
2.4201218523348,1.73769916415835,-0.479055466999209
2.4201218523348,1.73769916415835,-0.479055466999209
1.6134145682232,1.17283664269472,-0.305407289332278
2.22044604925031E-16,0.0431115997674751,0.0418890660015822
-0.00709039723777505,-9.03182239931329,1.93107448733703
-0.0141807944755501,-13.0074158494424,3.12566719800475
0.792526489636049,-13.572278370906,3.29931537567168
1.59923377374765,-14.1371408923696,3.47296355333861
1.59923377374765,-14.1371408923696,3.47296355333861

Velocities: 27
0,-1,0
0,-1,0
0,0,0
0,0,0
0,0,0
0,-3,0
0,-1,0
-2,-1,0
-3,-1,0
0,0,0
0,0,0
1,0,0
0,1,0
0,0,0
0,0,0
2,1,2
1,2,0
0,0,0
0,0,0
0,0,0
-1,0,0
-2,0,0
-2,-3,-3
-1,-2,-1
0,-1,0
0,-1,0
0,0,0

InverseVelocities: 27
0,0,0
0,0,0
0,0,0
0,0,0
0,0,0
0,0,0
0,0,0
0,0,0
0,0,0
0,0,0
0,0,0
0,0,0
0,0,0
0,0,0
0,0,0
0,0,0
0,0,0
0,0,0
0,0,0
0,0,0
0,0,0
0,0,0
0,0,0
0,0,0
0,0,0
0,0,0
0,0,0
