GestureName: tap_left
Duration(ms): 1504
Handedness: right

SpeakerAngles: 6
55
-55
0
0
110
-110

SpeakerElevations: 6
-10
-10
-10
0
30
30

InterpretedPoints: 32
1.62050496546097,2.25347214174981,0.152703644666139
1.62759536269875,7.02908081398702,0.784462756331487
5.68240297497007,7.86260772418825,0.937166400997627
5.68240297497007,1.90818446515162,1.45811093399842
14.5916350863865,2.686643887376,3.2635182233307
13.7636566105616,22.7758520622473,2.67974009132753
17.8184642228329,19.4201886215586,2.04798097966218
20.2244052806922,15.4781068595226,1.56892551266297
25.1071913687884,3.66743942919371,1
23.4866864033274,-22.9410545261778,2.27837084267089
8.09543443006709,-28.293481608088,3.51485261934019
5.67531257773229,-6.10335276014616,-1.39527733499604
-3.21973873920862,-6.17997604800675,0.236481776669303
-2.4201218523348,-1.69458756439087,0.520944533000791
0,0,0
0,0,0
1.6134145682232,1.12972504292725,-0.347296355333861
5.65404138601897,13.291658093959,-1.93107448733702
4.84024370466959,12.1403772511481,-1.60472266500396
0.827978475824923,26.0124757223498,-2.84120444167326
0,21.0321749539842,4.0060919136606
-0.813797681349374,16.2290325377586,4.20068462432832
-16.9975761442458,-2.17684885388922,-1.78446275633149
-14.5703638946732,-16.0489473250909,-0.547980979662184
-15.3841615760226,-21.7071724514015,-0.527036446661393
-10.5226466796397,-22.030904328116,0.799315375671676
-12.1573324395762,-1.58445258843717,-2.78446275633149
-7.30999833766881,-12.3695520076879,-1.24257369032991
-5.68240297497007,-7.58796539134596,-1.45811093399842
1.59923377374765,-3.65186157341465,-0.131759111665348
1.62050496546097,-0.2686643887376,-0.32635182233307
0,0,0

StrokePoints: 33
0,0,0
1.62050496546097,2.25347214174981,0.152703644666139
3.24810032815972,9.28255295573683,0.937166400997627
8.93050330312979,17.1451606799251,1.87433280199525
14.6129062780999,19.0533451450767,3.33244373599367
29.2045413644864,21.7399890324527,6.59596195932437
42.968197975048,44.5158410947,9.2757020506519
60.7866621978809,63.9360297162586,11.3236830303141
81.0110674785731,79.4141365757812,12.8926085429771
106.118258847361,83.0815760049749,13.8926085429771
129.604945250689,60.1405214787971,16.1709793856479
137.700379680756,31.8470398707091,19.6858320049881
143.375692258488,25.7436871105629,18.2905546699921
140.15595351928,19.5637110625562,18.5270364466614
137.735831666945,17.8691234981653,19.0479809796622
137.735831666945,17.8691234981653,19.0479809796622
137.735831666945,17.8691234981653,19.0479809796622
139.349246235168,18.9988485410926,18.7006846243283
145.003287621187,32.2905066350516,16.7696101369913
149.843531325857,44.4308838861997,15.1648874719873
150.671509801682,70.4433596085495,12.3236830303141
150.671509801682,91.4755345625337,16.3297749439747
149.857712120332,107.704567100292,20.530459568303
132.860135976086,105.527718246403,18.7459968119715
118.289772081413,89.4787709213121,18.1980158323093
102.905610505391,67.7715984699106,17.6709793856479
92.3829638257509,45.7406941417946,18.4702947613196
80.2256313861748,44.1562415533574,15.6858320049881
72.9156330485059,31.7866895456696,14.4432583146582
67.2332300735359,24.1987241543236,12.9851473806598
68.8324638472835,20.5468625809089,12.8533882689945
70.4529688127445,20.2781981921713,12.5270364466614
70.4529688127445,20.2781981921713,12.5270364466614

Velocities: 32
1,0,1
2,2,3
4,2,3
4,2,0
9,1,0
11,1,10
10,-2,9
12,-5,7
7,-10,3
5,-11,-10
-5,-11,-10
-6,-9,0
-7,-2,-1
-3,0,0
0,0,0
0,0,0
2,0,0
8,2,4
9,3,3
7,9,9
7,7,9
6,6,7
-10,3,0
-11,0,-6
-11,0,-9
-9,-1,-9
-7,0,0
-5,-3,-5
-2,0,-4
0,-4,-1
0,-1,0
0,0,0

InverseVelocities: 32
0,0,0
0,0,0
0,0,0
0,0,0
0,0,0
0,0,0
0,0,0
0,0,0
-1,5,-8
-8,0,0
0,0,0
0,0,0
0,0,0
0,0,0
0,0,0
0,0,0
0,0,0
0,0,0
0,0,0
0,0,0
-2,0,0
-6,0,0
0,0,0
0,0,0
0,0,0
0,0,0
0,0,0
0,0,0
0,0,0
0,0,0
0,0,0
0,0,0
