GestureName: tap_up
Duration(ms): 1222
Handedness: right

SpeakerAngles: 6
55
-55
0
0
110
-110

SpeakerElevations: 6
-10
-10
-10
0
30
30

InterpretedPoints: 26
-0.813797681349374,-0.296198132726024,0.5
-0.00709039723777505,0.2686643887376,0.32635182233307
0.792526489636048,1.10219129893882,0.479055466999209
1.62050496546097,8.69015669028478,1.93716640099763
2.44139304404812,7.86260772418825,0.937166400997627
1.63468575993652,1.93571820914005,0.631759111665348
2.45557383852367,-4.27776952695981,2.54188906600158
1.6134145682232,-7.31567903503868,1.43107448733702
1.62050496546097,-19.7678322746918,2.66755626400633
5.66822218049452,-22.5251215058237,0.18850079700712
-0.82088807858715,-14.3842494812235,3.16755626400633
-4.89696688257179,-33.875083446538,1.90403804067563
-2.4201218523348,-1.69458756439087,0.520944533000791
0.806707284111599,0.564862521463623,-0.17364817766693
4.04062681779577,3.94805970614068,-0.368240888334652
4.04062681779577,9.04740025509234,-1.06283359900237
2.42721224957257,12.1619330510318,-1.58377813200316
1.6134145682232,12.4581311837578,-2.08377813200316
3.23391953368417,3.65783951751934,-0.715537243668512
5.68949337220784,15.6552652116625,-5.08377813200316
-0.806707284111599,15.5882418354763,-1.7364817766693
0.00709039723777516,8.53760522160557,-2.54188906600158
0.813797681349374,-1.09621335483414,-1.32635182233307
2.44139304404812,0.888594398178072,-1.5
0.813797681349374,0.888594398178072,-1.5
0,0,0

StrokePoints: 27
0,0,0
-0.813797681349374,-0.296198132726024,0.5
-0.820888078587149,-0.0275337439884242,0.826351822333069
-0.0283615889511004,1.0746575549504,1.30540728933228
1.59214337650987,9.76481424523518,3.2425736903299
4.03353642055799,17.6274219694234,4.17974009132753
5.66822218049452,19.5631401785635,4.81149920299288
8.12379601901819,15.2853706516037,7.35338826899446
9.73721058724139,7.96969161656498,8.78446275633149
11.3577155527024,-11.7981406581268,11.4520190203378
17.0259377331969,-34.3232621639505,11.6405198173449
16.2050496546097,-48.7075116451741,14.8080760813513
11.3080827720379,-82.5825950917121,16.7121141220269
8.88796091970313,-84.277182656103,17.2330586550277
9.69466820381473,-83.7123201346393,17.0594104773608
13.7352950216105,-79.7642604284986,16.6911695890261
17.7759218394063,-70.7168601734063,15.6283359900237
20.2031340889788,-58.5549271223745,14.0445578580206
21.816548657202,-46.0967959386167,11.9607797260174
25.0504681908862,-42.4389564210973,11.2452424823489
30.7399615630941,-26.7836912094348,6.16146435034573
29.9332542789825,-11.1954493739585,4.42498257367642
29.9403446762202,-2.65784415235291,1.88309350767484
30.7541423575696,-3.75405750718704,0.556741685341771
33.1955354016177,-2.86546310900897,-0.943258314658229
34.0093330829671,-1.9768687108309,-2.44325831465823
34.0093330829671,-1.9768687108309,-2.44325831465823

Velocities: 26
0,0,0
1,0,0
3,0,0
3,2,4
3,3,3
2,3,0
-4,-2,0
-6,-8,0
-9,-10,-5
-8,-12,-7
-11,-12,-1
-10,-12,-12
-3,0,0
1,0,0
4,0,1
5,1,3
5,3,4
5,3,4
5,2,0
4,3,5
1,2,7
1,2,3
0,0,-1
0,0,0
0,0,0
0,0,0

InverseVelocities: 26
0,0,0
0,0,0
0,0,0
0,0,0
0,0,0
0,0,0
0,0,0
4,0,0
4,0,0
4,0,0
0,0,0
0,0,0
0,0,0
0,0,0
0,0,0
0,0,0
0,0,0
0,0,0
0,0,0
0,0,0
0,0,0
0,0,0
0,0,0
0,0,0
0,0,0
0,0,0
