GestureName: tap_down
Duration(ms): 1363
Handedness: right

SpeakerAngles: 6
55
-55
0
0
110
-110

SpeakerElevations: 6
-10
-10
-10
0
30
30

InterpretedPoints: 29
2.42721224957257,0.833526910201223,0.152703644666139
4.84024370466959,3.38917512878174,-1.04188906600158
4.84024370466959,15.298021646855,-2.08377813200316
1.6134145682232,7.90807530049073,-2.43107448733702
6.50329105355721,8.28687466518203,-5.41012995433623
0,18.6871967756367,-3.12566719800475
1.64886655441207,19.536301541617,-2.10472266500395
4.06898840674687,0.296198132726024,-0.5
-0.813797681349374,-5.27344781751462,-3.80540728933228
1.62759536269875,-4.17723446268048,-2.47905546699921
0,-5.36202699358458,-0.479055466999209
0.806707284111599,-0.564862521463623,0.17364817766693
0,0,0
0,0,0
0,0,0
-1.62759536269875,-0.592396265452048,1
-1.62759536269875,0.537328777475199,0.652703644666139
1.6134145682232,-0.0550674879768485,1.65270364466614
0.813797681349374,-0.351265620702872,2.15270364466614
3.2551907253975,4.76963072813253,1.47905546699921
4.05480761227132,1.63354213230934,1.97905546699921
-3.2268291364464,-3.44424261675859,2.69459271066772
1.62050496546097,-4.78756456044659,1.06283359900237
0.792526489636049,-7.88054155650231,1.60472266500395
2.40594105785925,-10.1399916423568,2.29931537567168
1.6134145682232,-7.90807530049073,2.43107448733702
0.806707284111599,-3.95403765024536,1.21553724366851
-0.806707284111599,-0.564862521463623,0.17364817766693
0,0,0

StrokePoints: 30
0,0,0
2.42721224957257,0.833526910201223,0.152703644666139
7.26745595424216,4.22270203898296,-0.889185421335443
12.1076996589118,19.520723685838,-2.97296355333861
13.721114227135,27.4287989863287,-5.40403804067563
20.2244052806922,35.7156736515107,-10.8141679950119
20.2244052806922,54.4028704271474,-13.9398351930166
21.8732718351042,73.9391719687645,-16.0445578580206
25.9422602418511,74.2353701014905,-16.5445578580206
25.1284625605017,68.9619222839759,-20.3499651473528
26.7560579232005,64.7846878212954,-22.8290206143521
26.7560579232005,59.4226608277108,-23.3080760813513
27.5627652073121,58.8577983062472,-23.1344279036843
27.5627652073121,58.8577983062472,-23.1344279036843
27.5627652073121,58.8577983062472,-23.1344279036843
27.5627652073121,58.8577983062472,-23.1344279036843
25.9351698446133,58.2654020407951,-22.1344279036843
24.3075744819146,58.8027308182703,-21.4817242590182
25.9209890501378,58.7476633302935,-19.8290206143521
26.7347867314872,58.3963977095906,-17.6763169696859
29.9899774568847,63.1660284377231,-16.1972615026867
34.044785069156,64.7995705700325,-14.2182060356875
30.8179559327096,61.3553279532739,-11.5236133250198
32.4384608981705,56.5677633928273,-10.4607797260174
33.2309873878066,48.687221836325,-8.85605706101344
35.6369284456658,38.5472301939682,-6.55674168534177
37.250343013889,30.6391548934774,-4.12566719800474
38.0570502980006,26.6851172432321,-2.91012995433623
37.250343013889,26.1202547217685,-2.7364817766693
37.250343013889,26.1202547217685,-2.7364817766693

Velocities: 29
2,0,0
6,0,0
6,0,6
8,6,0
6,5,0
6,6,6
2,5,8
0,0,0
0,0,-4
0,0,-3
0,0,-3
0,-1,0
0,0,0
0,0,0
0,0,0
0,0,0
1,1,0
2,0,0
1,1,0
0,0,3
2,0,1
-4,0,0
-4,-5,0
-6,-9,0
-7,-12,0
-6,-8,0
-3,-4,0
-1,0,0
0,0,0

InverseVelocities: 29
0,0,0
0,0,0
0,0,0
0,0,0
0,0,0
0,0,0
0,0,0
0,0,0
0,0,0
0,0,0
0,0,0
0,0,0
0,0,0
0,0,0
0,0,0
0,0,0
0,0,0
0,0,0
0,0,0
0,0,0
0,0,0
0,0,0
0,0,0
0,0,0
0,0,0
0,0,0
0,0,0
0,0,0
0,0,0
