GestureName: tap_right
Duration(ms): 1457
Handedness: right

SpeakerAngles: 6
55
-55
0
0
110
-110

SpeakerElevations: 6
-10
-10
-10
0
30
30

InterpretedPoints: 31
1.6134145682232,1.12972504292725,-0.347296355333861
2.4201218523348,2.82431260731812,-0.868240888334652
0.799616886873824,13.0170157611168,-1.41012995433623
1.62759536269875,16.3726792018054,-0.778370842670886
-1.62759536269875,10.8885613440577,3.7425736903299
-1.62050496546097,9.76481424523518,3.2425736903299
-18.6251715069445,-3.08699905195103,-0.305407289332279
-8.06707284111599,-7.63343296764844,1.91012995433623
-16.197959257372,-3.54770454156564,-2.58987004566377
-12.9640397236878,-20.0125848870107,-1.04798097966218
-13.7849278022749,-0.399660057533078,-4.78446275633149
-12.9711301209256,-1.28825445571115,-3.28446275633149
0.778345695160498,-2.17684885388922,-1.78446275633149
-3.2551907253975,1.1847925309041,-2
0.806707284111599,-0.564862521463623,0.17364817766693
0,0,0
1.62050496546097,0.2686643887376,0.32635182233307
0,0,0
2.46266423576145,3.30657389681647,1.43716640099763
-0.00709039723777494,17.111648991832,3.54798097966218
14.5632734974354,4.40876519575529,1.91622186799684
17.0188473359591,25.8903848581867,2.15879555832674
19.4460595855317,17.1176269359367,2.70068462432832
17.8184642228329,17.7100232013887,1.70068462432832
21.8590910406287,2.70819968725973,3.28446275633149
21.0665645509926,-12.1775109068108,0.715537243668513
9.75139138171694,-20.6169370406721,1.64661173100554
-0.806707284111599,-12.4737090395369,1.21553724366851
-0.806707284111599,-5.66420307041529,0.868240888334652
-0.0212711917133253,-4.19516829499454,0.0628335990023732
0,0,0

StrokePoints: 32
0,0,0
1.6134145682232,1.12972504292725,-0.347296355333861
4.03353642055799,3.95403765024536,-1.21553724366851
4.83315330743182,16.9710534113621,-2.62566719800475
6.46074867013057,33.3437326131675,-3.40403804067563
4.83315330743182,44.2322939572253,0.338535649654273
3.21264834197085,53.9971082024604,3.58110933998418
-15.4125231649737,50.9101091505094,3.2757020506519
-23.4795960060897,43.276676182861,5.18583200498813
-39.6775552634616,39.7289716412953,2.59596195932437
-52.6415949871494,19.7163867542846,1.54798097966218
-66.4265227894243,19.3167266967516,-3.2364817766693
-79.3976529103499,18.0284722410404,-6.52094453300079
-78.6193072151894,15.8516233871512,-8.30540728933228
-81.8744979405869,17.0364159180553,-10.3054072893323
-81.0677906564753,16.4715533965917,-10.1317591116653
-81.0677906564753,16.4715533965917,-10.1317591116653
-79.4472856910143,16.7402177853293,-9.80540728933228
-79.4472856910143,16.7402177853293,-9.80540728933228
-76.9846214552528,20.0467916821457,-8.36824088833465
-76.9917118524906,37.1584406739777,-4.82025990867247
-62.4284383550552,41.567205869733,-2.90403804067563
-45.4095910190961,67.4575907279197,-0.745242482348891
-25.9635314335644,84.5752176638564,1.95544214197943
-8.1450672107315,102.285240865245,3.65612676630775
13.7140238298972,104.993440552505,6.94058952263924
34.7805883808898,92.8159296456939,7.65612676630775
44.5319797626068,72.1989926050218,9.30273849731329
43.7252724784952,59.725283565485,10.5182757409818
42.9185651943836,54.0610804950697,11.3865166293165
42.8972940026703,49.8659122000751,11.4493502283188
42.8972940026703,49.8659122000751,11.4493502283188

Velocities: 31
2,0,0
4,1,0
4,2,5
5,5,6
4,4,5
4,5,4
-8,5,-1
-10,0,-1
-11,0,0
-8,0,-9
-7,0,0
-7,0,0
-1,-6,0
0,0,0
0,-1,0
0,0,0
1,0,0
0,0,0
3,6,0
5,4,8
12,0,0
12,2,11
12,0,7
12,0,7
11,-5,1
6,-7,-6
-6,-8,-7
-1,0,-6
-2,-1,-2
-3,-6,0
0,0,0

InverseVelocities: 31
0,0,0
0,0,0
0,0,0
0,0,0
0,0,0
-4,-4,0
0,0,0
0,0,0
0,0,0
0,0,0
0,0,0
0,0,0
0,0,0
0,0,0
0,0,0
0,0,0
0,0,0
0,0,0
0,0,0
0,0,0
0,0,0
0,0,0
0,0,0
0,0,0
0,1,0
0,0,0
0,0,0
0,0,0
0,0,0
0,0,0
0,0,0
