GestureName: tap_front
Duration(ms): 1128
Handedness: right

SpeakerAngles: 6
55
-55
0
0
110
-110

SpeakerElevations: 6
-10
-10
-10
0
30
30

InterpretedPoints: 24
0.813797681349374,-0.296198132726024,0.5
0.813797681349374,-0.296198132726024,0.5
2.4201218523348,1.69458756439087,-0.520944533000791
1.6134145682232,1.12972504292725,-0.347296355333861
2.44139304404812,-1.48099066363012,2.5
4.88278608809624,-0.592396265452048,1
3.24810032815972,1.4534569196417,-1.67364817766693
2.43430264681035,-0.0275337439884242,0.82635182233307
5.66113178325674,2.23191634186607,0.131759111665348
2.4201218523348,8.77873586635474,-1.38918542133544
0.806707284111599,0.564862521463623,-0.17364817766693
0,0,0
0,0,0
0.813797681349374,-0.296198132726024,0.5
0.813797681349374,-0.296198132726024,0.5
0.806707284111599,0.564862521463623,-0.17364817766693
2.44139304404812,-4.26581363875044,0.847296355333861
0,-3.11453279593945,0.520944533000791
-0.813797681349374,-3.67341737329839,-0.152703644666139
-2.42721224957257,-1.42592317565327,0.847296355333861
-0.806707284111599,-1.69458756439087,0.520944533000791
0,0,0
0,-1.12972504292725,0.347296355333861
0,0,0

StrokePoints: 25
0,0,0
0.813797681349374,-0.296198132726024,0.5
1.62759536269875,-0.592396265452048,1
4.04771721503354,1.10219129893882,0.479055466999209
5.66113178325674,2.23191634186607,0.131759111665348
8.10252482730486,0.75092567823595,2.63175911166535
12.9853109154011,0.158529412783903,3.63175911166535
16.2334112435608,1.6119863324256,1.95811093399842
18.6677138903712,1.58445258843717,2.78446275633149
24.3288456736279,3.81636893030324,2.91622186799684
26.7489675259627,12.595104796658,1.52703644666139
27.5556748100743,13.1599673181216,1.35338826899446
27.5556748100743,13.1599673181216,1.35338826899446
27.5556748100743,13.1599673181216,1.35338826899446
28.3694724914237,12.8637691853956,1.85338826899446
29.1832701727731,12.5675710526696,2.35338826899446
29.9899774568847,13.1324335741332,2.17974009132753
32.4313705009328,8.86661993538274,3.02703644666139
32.4313705009328,5.75208713944329,3.54798097966218
31.6175728195834,2.0786697661449,3.39527733499604
29.1903605700108,0.652746590491625,4.24257369032991
28.3836532858992,-1.04184097389925,4.7635182233307
28.3836532858992,-1.04184097389925,4.7635182233307
28.3836532858992,-2.17156601682649,5.11081457866456
28.3836532858992,-2.17156601682649,5.11081457866456

Velocities: 24
0,0,0
0,0,0
3,0,0
2,0,0
0,0,0
0,0,0
1,0,0
1,0,0
5,0,0
4,1,3
1,0,0
0,0,0
0,0,0
0,0,0
0,0,0
1,0,0
0,0,-2
-1,-1,-1
0,0,-2
-2,0,0
-2,-1,0
0,0,0
-1,-1,0
0,0,0

InverseVelocities: 24
0,0,0
0,0,0
0,0,0
0,0,0
0,0,0
0,0,0
0,0,0
0,0,0
0,0,0
0,0,0
0,0,0
0,0,0
0,0,0
0,0,0
0,0,0
0,0,0
0,0,0
0,0,0
0,0,0
0,0,0
0,0,0
0,0,0
0,0,0
0,0,0
