GestureName: swipe_up
Duration(ms): 752
Handedness: right

SpeakerAngles: 6
55
-55
0
0
110
-110

SpeakerElevations: 6
-10
-10
-10
0
30
30

InterpretedPoints: 16
-0.806707284111599,-0.0275337439884242,0.826351822333069
-2.42721224957257,0.241130644749175,1.15270364466614
-3.24100993092194,1.0746575549504,1.30540728933228
-2.42721224957257,0.778459422224375,1.80540728933228
-4.05480761227132,2.44551324262682,2.11081457866456
0.792526489636048,-2.28698382984292,1.52094453300079
-3.31900430053747,-24.0432458251166,1.79931537567168
-10.5793698575419,-15.6300874442091,7.66755626400633
-10.5793698575419,-15.6300874442091,7.66755626400633
-11.3931675388912,-37.1667745946174,9.07768621834256
4.06189800950909,-30.8855683752894,-3.92231378165744
0,-19.3770770217911,-2.0060919136606
1.6134145682232,-13.465765362522,-2.56892551266297
1.62759536269875,-8.75120212236632,0.562833599002373
0.806707284111599,-2.54967027447583,0.347296355333861
0,0,0

StrokePoints: 17
0,0,0
-0.806707284111599,-0.0275337439884242,0.826351822333069
-3.23391953368417,0.213596900760751,1.97905546699921
-6.47492946460611,1.28825445571115,3.28446275633149
-8.90214171417869,2.06671387793552,5.08987004566377
-12.95694932645,4.51222712056235,7.20068462432832
-12.164422836814,2.22524329071943,8.72162915732911
-15.4834271373514,-21.8180025343972,10.5209445330008
-26.0627969948933,-37.4480899786063,18.1885007970071
-36.6421668524351,-53.0781774228155,25.8560570610134
-48.0353343913264,-90.2449520174329,34.933743279356
-43.9734363818173,-121.130520392722,31.0114294976986
-43.9734363818173,-140.507597414513,29.005337584038
-42.3600218135941,-153.973362777035,26.436412071375
-40.7324264508953,-162.724564899402,26.9992456703774
-39.9257191667837,-165.274235173878,27.3465420257112
-39.9257191667837,-165.274235173878,27.3465420257112

Velocities: 16
0,1,0
0,2,0
1,3,0
1,3,0
3,5,0
0,-3,0
0,-9,-10
-12,-12,0
-12,-12,0
-12,-12,-11
-11,-12,-12
-8,-8,-7
-3,-5,-6
-3,-3,-3
0,-1,-1
0,0,0

InverseVelocities: 16
0,0,0
0,0,0
0,0,0
0,0,0
0,0,0
0,0,0
0,0,0
0,0,0
0,0,0
0,0,0
0,0,0
0,0,0
0,0,0
0,0,0
0,0,0
0,0,0
