GestureName: swipe_back
Duration(ms): 1222
Handedness: right

SpeakerAngles: 6
55
-55
0
0
110
-110

SpeakerElevations: 6
-10
-10
-10
0
30
30

InterpretedPoints: 26
-0.813797681349374,-0.296198132726024,0.5
-2.4201218523348,2.23191634186607,0.131759111665348
-2.42721224957257,1.04114586685729,2.97905546699921
2.4201218523348,-0.67499749741732,3.47905546699921
-0.0141807944755508,-1.23986001888094,3.65270364466614
-1.62759536269875,-2.36958506180819,4
-4.88987648533402,-1.99078569711689,1.02094453300079
0.820888078587149,-2.34205131781977,3.17364817766693
-1.62759536269875,-1.77718879635614,3
0,0,0
-0.813797681349374,-0.296198132726024,0.5
-0.813797681349374,-0.296198132726024,0.5
-0.806707284111599,-0.564862521463623,0.17364817766693
2.43430264681035,0.0826012319652729,-2.47905546699921
3.26937151987305,-11.4809576095098,-2.74257369032991
4.07607880398464,-0.881921347031429,-7.08987004566377
3.25519072539749,-1.98411264597025,-7.56892551266297
8.90923211141646,-0.723391934247527,-3.45811093399842
-2.44139304404812,-5.88975585938541,0.583778132003164
2.4484834412859,-18.00024339001,-2.04798097966218
1.62759536269875,-11.3164502526212,0.0418890660015822
0.827978475824924,-0.241130644749175,-1.15270364466614
0.813797681349374,0.296198132726024,-0.5
0,0,0
-0.813797681349374,-0.296198132726024,0.5
0,0,0

StrokePoints: 27
0,0,0
-0.813797681349374,-0.296198132726024,0.5
-3.23391953368417,1.93571820914005,0.631759111665348
-5.66113178325674,2.97686407599733,3.61081457866456
-3.24100993092195,2.30186657858001,7.08987004566377
-3.2551907253975,1.06200655969907,10.7425736903299
-4.88278608809624,-1.30757850210912,14.7425736903299
-9.77266257343026,-3.29836419922602,15.7635182233307
-8.95177449484311,-5.64041551704578,18.9371664009976
-10.5793698575419,-7.41760431340192,21.9371664009976
-10.5793698575419,-7.41760431340192,21.9371664009976
-11.3931675388912,-7.71380244612795,22.4371664009976
-12.2069652202406,-8.01000057885397,22.9371664009976
-13.0136725043522,-8.57486310031759,23.1108145786646
-10.5793698575419,-8.49226186835232,20.6317591116653
-7.30999833766882,-19.9732194778621,17.8891854213354
-3.23391953368417,-20.8551408248935,10.7993153756717
0.021271191713323,-22.8392534708638,3.2303898630087
8.93050330312978,-23.5626454051113,-0.227721070989716
6.48911025908166,-29.4524012644967,0.356057061013449
8.93759370036756,-47.4526446545068,-1.69192391864873
10.5651890630663,-58.769094907128,-1.65003485264715
11.3931675388912,-59.0102255518771,-2.80273849731329
12.2069652202406,-58.7140274191511,-3.30273849731329
12.2069652202406,-58.7140274191511,-3.30273849731329
11.3931675388912,-59.0102255518771,-2.80273849731329
11.3931675388912,-59.0102255518771,-2.80273849731329

Velocities: 26
0,0,0
1,4,0
0,2,1
3,0,0
2,0,0
0,0,0
-1,-2,0
-1,0,0
0,0,0
0,0,0
0,0,0
0,0,0
-1,0,0
-1,-2,0
-5,-3,-5
-6,-5,0
-7,-7,0
0,-6,0
-6,-6,0
-5,-4,-8
0,0,-6
-2,0,0
0,0,0
0,0,0
0,0,0
0,0,0

InverseVelocities: 26
0,0,0
0,0,0
0,0,0
0,0,0
0,0,0
0,0,0
0,0,0
0,0,0
0,0,0
0,0,0
0,0,0
0,0,0
0,0,0
0,0,0
0,0,0
0,0,0
0,0,0
0,0,0
0,0,0
0,0,0
0,0,0
0,0,0
0,0,0
0,0,0
0,0,0
0,0,0
