GestureName: swipe_front
Duration(ms): 517
Handedness: right

SpeakerAngles: 6
55
-55
0
0
110
-110

SpeakerElevations: 6
-10
-10
-10
0
30
30

InterpretedPoints: 11
-0.813797681349374,-0.296198132726024,0.5
-2.44139304404812,3.08102110784634,1.15270364466614
1.6134145682232,2.52213653048741,0.479055466999209
-1.63468575993652,-0.323731876714448,1.32635182233307
-0.785436092398274,0.723391934247526,3.45811093399842
-1.6134145682232,6.33850546079065,3.39527733499604
-4.83315330743182,3.65783951751934,-0.715537243668512
-4.87569569085847,3.06544325206729,0.284462756331487
-1.64886655441207,3.65783951751934,-0.715537243668513
-4.85442449914514,2.25945008585449,-0.694592710667721
0,0,0

StrokePoints: 12
0,0,0
-0.813797681349374,-0.296198132726024,0.5
-3.2551907253975,2.78482297512032,1.65270364466614
-1.6417761571743,5.30695950560773,2.13175911166535
-3.27646191711082,4.98322762889328,3.45811093399842
-4.06189800950909,5.70661956314081,6.91622186799683
-5.67531257773229,12.0451250239315,10.3114992029929
-10.5084658851641,15.7029645414508,9.59596195932437
-15.3841615760226,18.7684077935181,9.88042471565585
-17.0330281304347,22.4262473110374,9.16488747198734
-21.8874526295798,24.6856973968919,8.47029476131962
-21.8874526295798,24.6856973968919,8.47029476131962

Velocities: 11
0,0,0
0,0,2
2,0,1
1,0,0
1,5,0
6,8,1
0,7,0
3,4,0
5,2,0
0,4,0
0,0,0

InverseVelocities: 11
0,0,0
0,0,0
0,0,0
0,0,0
0,0,0
0,0,0
0,0,0
0,0,0
0,0,0
0,0,0
0,0,0
