GestureName: swipe_back
Duration(ms): 517
Handedness: right

SpeakerAngles: 6
55
-55
0
0
110
-110

SpeakerElevations: 6
-10
-10
-10
0
30
30

InterpretedPoints: 11
0,-1.98480775301221,0.17364817766693
-3.26228112263527,-9.07493399908077,1.88918542133544
5.69658376944562,-7.8075402362114,-2.58987004566377
-3.25519072539749,-17.1726944239135,-1.04798097966218
0.806707284111599,-20.1071420071853,3.12566719800475
10.5297370768774,-16.8705183470828,-2.39527733499604
-1.6134145682232,-5.64862521463624,1.7364817766693
0,0,0
0.00709039723777494,-5.83831033897824,-3.63175911166535
-0.799616886873824,-2.81833466321343,0.0209445330007911
0,0,0

StrokePoints: 12
0,0,0
0,-1.98480775301221,0.17364817766693
-3.26228112263527,-11.059741752093,2.06283359900237
2.43430264681035,-18.8672819883044,-0.527036446661393
-0.820888078587148,-36.0399764122179,-1.57501742632358
-0.0141807944755499,-56.1471184194032,1.55064977168117
10.5155562824019,-73.017636766486,-0.844627563314875
8.90214171417869,-78.6662619811222,0.891854213354428
8.90214171417869,-78.6662619811222,0.891854213354428
8.90923211141646,-84.5045723201005,-2.73990489831092
8.10961522454264,-87.3229069833139,-2.71896036531013
8.10961522454264,-87.3229069833139,-2.71896036531013

Velocities: 11
0,0,-1
-2,-3,-3
-4,-4,-3
-5,-5,-7
-5,-6,-7
0,-7,-8
-6,-4,0
0,0,0
-1,0,-4
-2,0,-1
0,0,0

InverseVelocities: 11
0,0,0
0,0,0
0,0,0
0,0,0
0,0,0
0,0,0
0,0,0
0,0,0
0,0,0
0,0,0
0,0,0
