GestureName: swipe_down
Duration(ms): 752
Handedness: right

SpeakerAngles: 6
55
-55
0
0
110
-110

SpeakerElevations: 6
-10
-10
-10
0
30
30

InterpretedPoints: 16
-0.806707284111599,0.564862521463623,-0.17364817766693
0,0.537328777475199,0.652703644666139
-5.67531257773229,1.63952007641402,1.13175911166535
-7.30290794043104,9.26099715585309,0.916221867996835
-1.62759536269875,16.2625442258517,2.52703644666139
-2.41303145509702,27.5023711906123,4.11690649232516
-10.5580986658285,28.7482091535979,-0.383093507674841
-9.73721058724139,8.33526910201223,1.52703644666139
-1.62050496546097,12.6956398609373,-3.4939080863394
-0.813797681349374,15.5822638913716,-0.889185421335443
-1.59923377374765,2.85184635130654,-1.69459271066772
0.856340064776024,6.25062139176265,-1.02094453300079
8.10961522454264,-2.79677886332969,0.041889066001582
1.62759536269875,0,0
1.6134145682232,-1.12972504292725,0.347296355333861
0,0,0

StrokePoints: 17
0,0,0
-0.806707284111599,0.564862521463623,-0.17364817766693
-0.806707284111599,1.10219129893882,0.479055466999209
-6.48201986184389,2.74171137535284,1.61081457866456
-13.7849278022749,12.0027085312059,2.52703644666139
-15.4125231649737,28.2652527570576,5.05407289332278
-17.8255546200707,55.7676239476699,9.17097938564794
-28.3836532858992,84.5158331012679,8.7878858779731
-38.1208638731406,92.8511022032801,10.3149223246345
-39.7413688386016,105.546742064217,6.8210142382951
-40.555166519951,121.129005955589,5.93182881695965
-42.1544002936986,123.980852306896,4.23723610629193
-41.2980602289226,130.231473698658,3.21629157329114
-33.18844500438,127.434694835329,3.25818063929272
-31.5608496416812,127.434694835329,3.25818063929272
-29.947435073458,126.304969792401,3.60547699462659
-29.947435073458,126.304969792401,3.60547699462659

Velocities: 16
0,1,0
1,1,0
1,4,0
3,6,3
7,7,6
8,12,11
9,12,10
8,12,0
11,12,0
0,0,8
0,4,0
-3,3,3
-1,-5,0
0,0,0
0,-2,0
0,0,0

InverseVelocities: 16
0,0,0
0,0,0
0,0,0
0,0,0
0,0,0
0,0,0
0,0,0
0,0,0
0,0,0
0,0,0
0,0,0
0,0,0
0,0,0
0,0,0
0,0,0
0,0,0
