GestureName: swipe_left
Duration(ms): 658
Handedness: right

SpeakerAngles: 6
55
-55
0
0
110
-110

SpeakerElevations: 6
-10
-10
-10
0
30
30

InterpretedPoints: 14
0.813797681349374,-0.296198132726024,0.5
4.86860529362069,-0.0550674879768485,1.65270364466614
11.3506251554646,13.9056101592948,-2.91012995433623
17.0330281304346,5.35242708191021,-1.2364817766693
19.4602403800072,5.59355772665939,-0.0837781320031645
24.3430264681035,17.5574717327095,-2.77837084267089
29.1761797755353,2.04585318509374,-2.67364817766693
29.9828870596469,-9.31008669972525,-0.110814578664557
29.1619989810597,-15.2369762147735,-0.416221867996835
13.7849278022749,-17.7495128335865,0.820259908672468
8.11670562178041,-11.3343840849353,2.58377813200316
6.47492946460611,-9.34957633192305,2.41012995433623
-0.806707284111599,-2.54967027447583,0.347296355333861
0,0,0

StrokePoints: 15
0,0,0
0.813797681349374,-0.296198132726024,0.5
5.68240297497007,-0.351265620702872,2.15270364466614
17.0330281304346,13.554344538592,-0.757426309670095
34.0660562608693,18.9067716205022,-1.9939080863394
53.5262966408765,24.5003293471616,-2.07768621834256
77.86932310898,42.057801079871,-4.85605706101345
107.045502884515,44.1036542649648,-7.52970523868038
137.028389944162,34.7935675652395,-7.64051981734494
166.190388925222,19.5565913504661,-8.05674168534177
179.975316727497,1.80707851687957,-7.2364817766693
188.092022349277,-9.52730556805569,-4.65270364466614
194.566951813883,-18.8768818999787,-2.24257369032991
193.760244529772,-21.4265521744546,-1.89527733499604
193.760244529772,-21.4265521744546,-1.89527733499604

Velocities: 14
0,0,0
2,0,0
6,0,5
9,1,0
11,1,0
10,0,6
9,-8,0
7,-11,-4
7,-12,-7
-5,-12,-5
-3,-6,-3
-2,-7,-2
-1,0,-1
0,0,0

InverseVelocities: 14
0,0,0
0,0,0
0,0,0
0,0,0
0,0,0
0,0,0
0,0,0
-6,0,0
-6,0,0
0,0,0
0,0,0
0,0,0
0,0,0
0,0,0
