GestureName: swipe_front
Duration(ms): 564
Handedness: right

SpeakerAngles: 6
55
-55
0
0
110
-110

SpeakerElevations: 6
-10
-10
-10
0
30
30

InterpretedPoints: 12
-0.813797681349374,-0.296198132726024,0.5
1.6134145682232,-0.647463753428896,2.65270364466614
-5.67531257773229,5.8167545390945,3.61081457866456
-1.62759536269875,2.20438259787765,0.958110933998418
-9.70884899829029,3.33410764080489,0.610814578664557
-4.83315330743182,1.28825445571115,3.28446275633149
1.6417761571743,3.27904015282804,2.2635182233307
-1.6134145682232,3.38917512878174,-1.04188906600158
-2.4484834412859,0.509795033486775,1.47905546699921
-1.62759536269875,-0.592396265452048,1
-1.62759536269875,-0.592396265452048,1
0,0,0

StrokePoints: 13
0,0,0
-0.813797681349374,-0.296198132726024,0.5
0.799616886873823,-0.94366188615492,3.15270364466614
-4.87569569085847,4.87309265293958,6.7635182233307
-6.50329105355721,7.07747525081723,7.72162915732911
-16.2121400518475,10.4115828916221,8.33244373599367
-21.0452933592793,11.6998373473333,11.6169064923252
-19.403517202105,14.9788775001613,13.8804247156559
-21.0169317703282,18.3680526289431,12.8385356496543
-23.4654152116141,18.8778476624298,14.3175911166535
-25.0930105743129,18.2854513969778,15.3175911166535
-26.7206059370116,17.6930551315257,16.3175911166535
-26.7206059370116,17.6930551315257,16.3175911166535

Velocities: 12
0,0,0
2,0,0
1,4,3
3,3,0
0,8,0
0,7,0
4,6,0
2,4,0
2,1,0
0,0,0
0,0,0
0,0,0

InverseVelocities: 12
0,0,0
0,0,0
0,0,0
0,0,0
0,0,0
0,0,0
0,0,0
0,0,0
0,0,0
0,0,0
0,0,0
0,0,0
