GestureName: swipe_left
Duration(ms): 658
Handedness: right

SpeakerAngles: 6
55
-55
0
0
110
-110

SpeakerElevations: 6
-10
-10
-10
0
30
30

InterpretedPoints: 14
0,1.98480775301221,-0.17364817766693
7.30290794043104,5.66420307041529,-0.868240888334652
8.10252482730486,2.52811447459209,-0.368240888334652
15.4196135622115,3.68537326150777,-1.54188906600158
18.6606234931334,4.22270203898296,-0.889185421335443
27.5698556045499,8.54358316571025,-3.38918542133544
25.1142817660262,-0.296198132726024,0.5
26.7560579232005,-12.6873059402976,-0.763518223330697
20.3023996503077,-22.6352564817774,3.4939080863394
3.23391953368417,-11.059741752093,2.06283359900237
15.4267039594492,-11.9602920384804,5.25742630967009
1.62050496546097,-6.49772998061651,0.715537243668512
2.43430264681035,-3.08699905195103,-0.305407289332279
0,0,0

StrokePoints: 15
0,0,0
0,1.98480775301221,-0.17364817766693
7.30290794043104,7.64901082342749,-1.04188906600158
15.4054327677359,10.1771252980196,-1.41012995433623
30.8250463299474,13.8624985595274,-2.95201902033782
49.4856698230808,18.0852005985103,-3.84120444167326
77.0555254276306,26.6287837642206,-7.2303898630087
102.169807193657,26.3325856314945,-6.7303898630087
128.925865116857,13.6452796911969,-7.4939080863394
149.228264767165,-8.98997679058048,-4
152.462184300849,-20.0497185426735,-1.93716640099763
167.888888260298,-32.0100105811539,3.32025990867247
169.509393225759,-38.5077405617704,4.03579715234098
171.94369587257,-41.5947396137214,3.7303898630087
171.94369587257,-41.5947396137214,3.7303898630087

Velocities: 14
0,0,1
3,0,2
5,0,0
6,0,0
8,0,0
10,-4,2
8,-8,0
5,-9,-6
-5,-11,-7
-1,-4,-4
-3,-8,-2
-2,-3,-2
-1,-2,-1
0,0,0

InverseVelocities: 14
0,0,0
0,0,0
0,0,0
0,0,0
0,0,0
0,0,0
0,7,0
-8,5,0
0,0,0
0,0,0
0,0,0
0,0,0
0,0,0
0,0,0
