GestureName: swipe_down
Duration(ms): 564
Handedness: right

SpeakerAngles: 6
55
-55
0
0
110
-110

SpeakerElevations: 6
-10
-10
-10
0
30
30

InterpretedPoints: 12
-0.813797681349374,3.67341737329839,0.152703644666139
-0.806707284111599,7.92365315626978,-1.56283359900237
-2.44139304404812,4.05749957505242,4.06892551266297
-8.11670562178041,7.47420844782258,2.20068462432832
-6.50329105355721,9.14126226822503,2.5060919136606
-6.51038145079499,8.81753039151058,3.83244373599367
0.813797681349374,12.0757098514968,-1.66755626400633
9.77975297066804,39.2066498356065,-10.9040380406756
5.73203575563449,15.7407933041555,2.7425736903299
8.09543443006709,-2.79677886332969,0.0418890660015823
1.62759536269875,-1.12972504292725,0.347296355333861
0,0,0

StrokePoints: 13
0,0,0
-0.813797681349374,3.67341737329839,0.152703644666139
-1.62050496546097,11.5970705295682,-1.41012995433623
-4.06189800950909,15.6545701046206,2.65879555832674
-12.1786036312895,23.1287785524432,4.85948018265506
-18.6818946848467,32.2700408206682,7.36557209631567
-25.1922761356417,41.0875712121788,11.1980158323093
-24.3784784542923,53.1632810636756,9.53045956830301
-14.5987254836243,92.3699308992821,-1.37357847237262
-8.86668972798981,108.110724203438,1.36899521795728
-0.771255297922725,105.313945340108,1.41088428395887
0.856340064776023,104.184220297181,1.75818063929273
0.856340064776023,104.184220297181,1.75818063929273

Velocities: 12
0,0,2
3,4,2
7,7,0
8,11,0
11,12,0
12,12,0
12,12,0
10,12,12
0,5,8
0,-6,0
-1,-1,0
0,0,0

InverseVelocities: 12
0,0,0
0,0,0
0,0,0
0,0,0
0,0,0
0,0,0
0,0,0
0,0,0
0,-7,0
0,0,0
0,0,0
0,0,0
