GestureName: swipe_right
Duration(ms): 705
Handedness: right

SpeakerAngles: 6
55
-55
0
0
110
-110

SpeakerElevations: 6
-10
-10
-10
0
30
30

InterpretedPoints: 15
-1.6134145682232,1.12972504292725,-0.347296355333861
-5.68240297497007,4.22270203898297,-0.889185421335443
-7.31708873490659,12.4305974397694,-1.25742630967009
-16.2192304490853,14.0701175161834,-0.125667198004747
-21.1020165371815,14.9802677142452,-1.60472266500396
-20.2953092530699,7.60589922366002,-1.08377813200316
-29.1903605700108,-5.6977147585084,2.54188906600158
-26.7631483204383,-14.4704726807585,3.08377813200316
-18.6535330958956,-17.5299379887211,1.95201902033782
-12.1573324395762,-15.0078014582337,2.43107448733702
-12.1786036312895,-13.0720832490936,3.06283359900237
-10.5510082685908,-3.14804448403257,2.19459271066772
-4.86860529362069,-1.72212130837929,1.34729635533386
-0.813797681349374,-0.296198132726024,0.5
0,0,0

StrokePoints: 16
0,0,0
-1.6134145682232,1.12972504292725,-0.347296355333861
-7.29581754319326,5.35242708191021,-1.2364817766693
-14.6129062780999,17.7830245216796,-2.4939080863394
-30.8321367271851,31.853142037863,-2.61957528434414
-51.9341532643667,46.8334097521083,-4.2242979493481
-72.2294625174366,54.4393089757683,-5.30807608135126
-101.419823087447,48.7415942172599,-2.76618701534968
-128.182971407886,34.2711215365014,0.317591116653482
-146.836504503781,16.7411835477804,2.2696101369913
-158.993836943357,1.73338208954672,4.70068462432832
-171.172440574647,-11.3387011595469,7.7635182233307
-181.723448843238,-14.4867456435795,9.95811093399842
-186.592054136858,-16.2088669519587,11.3054072893323
-187.405851818208,-16.5050650846848,11.8054072893323
-187.405851818208,-16.5050650846848,11.8054072893323

Velocities: 15
0,2,0
3,5,0
4,5,4
3,11,4
1,9,5
2,9,1
-10,5,-1
-10,3,-5
-10,-1,-6
-8,-1,-5
-4,0,-5
-4,0,0
-2,0,0
0,0,0
0,0,0

InverseVelocities: 15
0,0,0
0,0,0
0,0,0
0,0,0
-3,0,0
-7,0,0
0,0,0
0,0,0
0,0,0
0,0,0
0,0,0
0,0,0
0,0,0
0,0,0
0,0,0
