GestureName: swipe_left
Duration(ms): 658
Handedness: right

SpeakerAngles: 6
55
-55
0
0
110
-110

SpeakerElevations: 6
-10
-10
-10
0
30
30

InterpretedPoints: 14
1.62050496546097,-0.323731876714448,1.32635182233307
6.48911025908167,1.39838943166485,-0.0209445330007911
12.1715132340517,2.23191634186607,0.131759111665348
8.10961522454264,0.482261289498351,2.30540728933228
21.0949261399437,5.37996082589864,-2.06283359900237
23.5150479922785,5.39553868167769,-1.19459271066772
21.880362232342,-1.69458756439087,0.520944533000791
18.6322619041823,-12.4796869836416,2.06283359900237
18.6393523014201,-16.6628993904267,0.431074487337025
21.1232877288948,-20.6229149847768,2.4939080863394
12.9782205181633,-14.9922236024546,3.29931537567168
0.0141807944755501,-4.50694428349961,-0.305407289332279
-1.6134145682232,-3.11453279593945,0.520944533000791
0,0,0

StrokePoints: 15
0,0,0
1.62050496546097,-0.323731876714448,1.32635182233307
8.10961522454264,1.0746575549504,1.30540728933228
20.2811284585944,3.30657389681647,1.43716640099763
28.390743683137,3.78883518631482,3.7425736903299
49.4856698230808,9.16879601221346,1.67974009132753
73.0007178153593,14.5643346938911,0.485147380659811
94.8810800477013,12.8697471295003,1.0060919136606
113.513341951884,0.390060145858715,3.06892551266297
132.152694253304,-16.272839244568,3.5
153.275981982199,-36.8957542293448,5.9939080863394
166.254202500362,-51.8879778317994,9.29322346201107
166.268383294837,-56.394922115299,8.9878161726788
164.654968726614,-59.5094549112385,9.50876070567959
164.654968726614,-59.5094549112385,9.50876070567959

Velocities: 14
1,0,0
3,0,0
5,0,0
4,0,0
9,0,0
7,-5,2
5,-8,0
4,-8,-5
2,-9,-7
-6,-11,-6
-5,-11,-3
-2,0,-2
-2,0,-1
0,0,0

InverseVelocities: 14
0,0,0
0,0,0
0,0,0
0,0,0
0,0,0
0,0,0
0,0,0
0,0,0
-2,0,0
0,0,0
0,0,0
0,0,0
0,0,0
0,0,0
