GestureName: swipe_up
Duration(ms): 705
Handedness: right

SpeakerAngles: 6
55
-55
0
0
110
-110

SpeakerElevations: 6
-10
-10
-10
0
30
30

InterpretedPoints: 15
0,-0.592396265452048,1
-0.813797681349374,-0.296198132726024,0.5
-1.63468575993652,-0.378799364691297,2.97905546699921
-4.86151489638292,-0.378799364691296,2.97905546699921
-6.49620065631944,-1.83225628433299,4.65270364466614
-19.4176979965806,-18.8284874631485,4.69459271066772
-8.14506721073152,-15.6576211881976,8.4939080863394
-12.2069652202406,-16.2224837096612,8.66755626400633
-12.2069652202406,-37.4629727273434,9.57768621834256
-5.70367416668339,-38.586719826166,9.07768621834256
5.68949337220784,-25.0963475801833,0.51485261934019
0.00709039723777538,-12.9344145291515,-1.06892551266297
1.62050496546097,-0.805993166212799,-0.979055466999209
-0.806707284111599,-2.54967027447583,0.347296355333861
0,0,0

StrokePoints: 16
0,0,0
0,-0.592396265452048,1
-0.813797681349374,-0.888594398178072,1.5
-2.4484834412859,-1.26739376286937,4.47905546699921
-7.30999833766881,-1.64619312756066,7.45811093399842
-13.8061989939883,-3.47844941189366,12.1108145786646
-33.2238969905688,-22.3069368750422,16.8054072893323
-41.3689642013003,-37.9645580632397,25.2993153756717
-53.5759294215409,-54.1870417729009,33.966871639678
-65.7828946417816,-91.6500145002443,43.5445578580206
-71.4865688084649,-130.23673432641,52.6222440763631
-65.7970754362571,-155.333081906594,53.1370966957033
-65.7899850390193,-168.267496435745,52.0681711830403
-64.1694800735584,-169.073489601958,51.0891157160411
-64.97618735767,-171.623159876434,51.436412071375
-64.97618735767,-171.623159876434,51.436412071375

Velocities: 15
0,0,0
0,0,0
2,1,0
0,3,0
0,2,0
-5,11,-10
-11,-12,0
-12,-12,0
-12,-12,-11
-11,-12,-12
-8,-9,-9
-5,-4,-5
-1,-2,0
-1,0,-1
0,0,0

InverseVelocities: 15
0,0,0
0,0,0
0,0,0
0,0,0
0,0,0
0,-5,0
0,0,0
0,0,0
0,0,0
0,0,0
0,0,0
0,0,0
0,0,0
0,0,0
0,0,0
