GestureName: swipe_back
Duration(ms): 470
Handedness: right

SpeakerAngles: 6
55
-55
0
0
110
-110

SpeakerElevations: 6
-10
-10
-10
0
30
30

InterpretedPoints: 10
-0.0141807944755503,-2.85184635130654,1.69459271066772
-3.24810032815972,-3.65783951751934,0.715537243668512
0.785436092398274,-9.333998476144,3.27837084267089
4.86860529362069,-3.2239726648512,-3.91622186799684
0.799616886873823,-20.3758063959229,2.79931537567168
-2.4201218523348,-15.5882418354763,1.7364817766693
-4.04062681779577,-10.7024981872854,-0.937166400997627
-1.60632417098542,-5.36800493768926,0.368240888334652
0,-3.96961550602442,0.347296355333861
0,0,0

StrokePoints: 11
0,0,0
-0.0141807944755503,-2.85184635130654,1.69459271066772
-3.26228112263527,-6.50968586882588,2.41012995433623
-2.476845030237,-15.8436843449699,5.68850079700712
2.3917602633837,-19.0676570098211,1.77227892901028
3.19137715025752,-39.443463405744,4.57159430468196
0.771255297922723,-55.0317052412203,6.30807608135126
-3.26937151987305,-65.7342034285057,5.37090968035364
-4.87569569085847,-71.102208366195,5.73915056868829
-4.87569569085847,-75.0718238722194,6.08644692402215
-4.87569569085847,-75.0718238722194,6.08644692402215

Velocities: 10
-1,-3,0
-4,-3,0
-6,-10,0
-5,-7,0
-5,-7,-7
-3,0,-7
-4,0,-5
-3,0,-2
0,0,-2
0,0,0

InverseVelocities: 10
0,0,0
0,0,0
0,0,0
0,0,0
0,0,0
0,0,0
0,0,0
0,0,0
0,0,0
0,0,0
