GestureName: swipe_down
Duration(ms): 658
Handedness: right

SpeakerAngles: 6
55
-55
0
0
110
-110

SpeakerElevations: 6
-10
-10
-10
0
30
30

InterpretedPoints: 14
0.806707284111599,-0.0275337439884242,0.826351822333069
1.6134145682232,0.482261289498351,2.30540728933228
-3.24810032815972,14.0641395720787,0.721629157329114
-3.24810032815972,8.12167220125148,-0.452019020337816
-8.93759370036756,9.16879601221346,1.67974009132753
-1.62050496546097,30.5893702425633,4.42231378165744
-4.88278608809624,9.40992665696263,2.83244373599367
0.813797681349374,12.6681061169489,-2.66755626400633
7.33126952938214,37.1943083386058,-9.90403804067563
-3.2268291364464,2.25945008585449,-0.694592710667721
-3.24100993092194,-2.96198132726024,5
-3.24100993092194,-1.77718879635614,3
-0.813797681349374,0.888594398178072,-1.5
0,0,0

StrokePoints: 15
0,0,0
0.806707284111599,-0.0275337439884242,0.826351822333069
2.4201218523348,0.454727545509927,3.13175911166535
-0.827978475824924,14.5188671175887,3.85338826899446
-4.07607880398464,22.6405393188401,3.40136924865665
-13.0136725043522,31.8093353310536,5.08110933998418
-14.6341774698132,62.3987055736169,9.50342312164161
-19.5169635579094,71.8086322305796,12.3358668576353
-18.70316587656,84.4767383475285,9.66831059362896
-11.3718963471779,121.671046686134,-0.235727447046674
-14.5987254836243,123.930496771989,-0.930320157714395
-17.8397354145462,120.968515444729,4.0696798422856
-21.0807453454682,119.191326648372,7.0696798422856
-21.8945430268176,120.07992104655,5.5696798422856
-21.8945430268176,120.07992104655,5.5696798422856

Velocities: 14
1,0,0
3,1,0
5,6,5
8,9,0
10,12,0
11,12,12
12,12,0
12,12,0
11,12,11
0,4,0
-1,1,0
-1,1,0
0,0,0
0,0,0

InverseVelocities: 14
0,0,0
0,0,0
0,0,0
0,0,0
0,0,0
0,0,0
0,0,0
0,0,0
0,0,0
0,0,0
0,0,0
0,-4,0
0,0,0
0,0,0
