GestureName: swipe_right
Duration(ms): 705
Handedness: right

SpeakerAngles: 6
55
-55
0
0
110
-110

SpeakerElevations: 6
-10
-10
-10
0
30
30

InterpretedPoints: 15
-1.6134145682232,1.12972504292725,-0.347296355333861
-2.41303145509702,3.09297699605572,-0.541889066001582
-8.90923211141646,10.4398117426525,-0.236481776669304
-12.1715132340517,10.1160798659381,1.08987004566377
-16.2121400518475,9.55719528857912,0.416221867996836
-24.3075744819146,4.77560867223722,0.631759111665348
-24.3075744819146,-0.805993166212799,-0.979055466999208
-25.9351698446133,-18.08882256608,1.27837084267089
-24.3359360708657,-20.3482726519345,1.97296355333861
-20.2811284585944,-8.73562426658727,1.43107448733703
-10.5368274741152,-22.7453914577311,6.79931537567168
-8.93050330312979,-8.24140708887954,2.04188906600158
-4.04771721503354,-2.28698382984292,1.52094453300079
-0.813797681349374,-0.296198132726024,0.5
0,0,0

StrokePoints: 16
0,0,0
-1.6134145682232,1.12972504292725,-0.347296355333861
-4.02644602332022,4.22270203898296,-0.889185421335443
-12.9356781347367,14.6625137816355,-1.12566719800475
-25.1071913687884,24.7785936475735,-0.0357971523409804
-41.3193314206359,34.3357889361526,0.380424715655856
-65.6269059025505,39.1113976083899,1.0121838273212
-89.9344803844651,38.3054044421771,0.033128360321995
-115.869650229078,20.2165818760971,1.31149920299288
-140.205586299944,-0.131690775837438,3.28446275633149
-160.486714758538,-8.8673150424247,4.71553724366851
-171.023542232654,-31.6127065001558,11.5148526193402
-179.954045535783,-39.8541135890354,13.5567416853418
-184.001762750817,-42.1410974188783,15.0776862183426
-184.815560432166,-42.4372955516043,15.5776862183426
-184.815560432166,-42.4372955516043,15.5776862183426

Velocities: 15
0,2,0
1,5,0
0,6,4
1,6,4
0,9,3
-6,9,2
-9,6,0
-12,3,-7
-12,-1,-7
-11,-2,-1
-9,-3,-7
-3,0,-3
-3,0,0
0,0,0
0,0,0

InverseVelocities: 15
0,0,0
0,0,0
0,0,0
0,0,0
0,0,0
3,0,0
3,-4,0
0,-2,0
0,0,0
0,0,0
0,0,0
0,0,0
0,0,0
0,0,0
0,0,0
