GestureName: swipe_down
Duration(ms): 611
Handedness: right

SpeakerAngles: 6
55
-55
0
0
110
-110

SpeakerElevations: 6
-10
-10
-10
0
30
30

InterpretedPoints: 13
-2.43430264681035,3.08699905195103,0.305407289332279
-4.85442449914514,8.10373836893742,2.08987004566377
-8.91632250865424,17.7375569453771,0.874332801995254
-0.806707284111598,24.3387488508007,5.44325831465823
0.827978475824923,30.6169039865518,3.59596195932437
0.0212711917133248,29.4596451996361,4.7696101369913
-4.05480761227132,11.5934485619985,-3.97296355333861
-9.74430098447916,17.1786723680182,0.200684624328324
-4.04771721503354,-1.85979002832142,5.47905546699921
4.85442449914514,-1.66705382040245,-0.305407289332279
3.24100993092194,-2.25945008585449,0.694592710667721
1.6134145682232,-1.12972504292725,0.347296355333861
0,0,0

StrokePoints: 14
0,0,0
-2.43430264681035,3.08699905195103,0.305407289332279
-7.28872714595549,11.1907374208885,2.39527733499604
-16.2050496546097,28.9282943662656,3.2696101369913
-17.0117569387213,53.2670432170663,8.71286845164953
-16.1837784628964,83.883947203618,12.3088304109739
-16.1625072711831,113.343592403254,17.0784405479652
-20.2173148834544,124.937040965253,13.1054769946266
-29.9616158679335,142.115713333271,13.3061616189549
-34.0093330829671,140.255923304949,18.7852170859541
-29.1549085838219,138.588869484547,18.4798097966218
-25.9138986529,136.329419398692,19.1744025072896
-24.3004840846768,135.199694355765,19.5216988626234
-24.3004840846768,135.199694355765,19.5216988626234

Velocities: 13
1,2,1
2,6,3
3,8,7
11,12,9
10,12,12
9,12,12
9,11,0
5,8,6
0,3,0
0,-4,0
-1,-3,0
0,-2,0
0,0,0

InverseVelocities: 13
0,0,0
0,0,0
0,0,0
0,0,0
0,0,0
0,0,0
0,0,0
-1,0,0
0,0,0
0,0,0
0,0,0
0,0,0
0,0,0
