GestureName: swipe_front
Duration(ms): 564
Handedness: right

SpeakerAngles: 6
55
-55
0
0
110
-110

SpeakerElevations: 6
-10
-10
-10
0
30
30

InterpretedPoints: 12
-0.813797681349374,-0.296198132726024,0.5
-1.62759536269875,-0.592396265452048,1
-2.43430264681035,1.95727400902378,0.652703644666139
-0.0141807944755501,0.537328777475199,0.652703644666139
2.4201218523348,1.10219129893882,0.479055466999209
1.62759536269875,-1.1847925309041,2
4.06189800950909,-1.21232627489252,2.82635182233307
4.87569569085847,4.73249707246974,0.589870045663766
-4.06189800950909,1.63952007641402,1.13175911166535
0.00709039723777494,0.213596900760751,1.97905546699921
-4.04771721503354,0.454727545509927,3.13175911166535
0,0,0

StrokePoints: 13
0,0,0
-0.813797681349374,-0.296198132726024,0.5
-2.44139304404812,-0.888594398178072,1.5
-4.87569569085847,1.06867961084571,2.15270364466614
-4.88987648533402,1.60600838832091,2.80540728933228
-2.46975463299922,2.70819968725973,3.28446275633149
-0.842159270300474,1.52340715635564,5.28446275633149
3.21973873920862,0.311080881463119,8.11081457866456
8.09543443006709,5.04357795393286,8.70068462432832
4.03353642055799,6.68309803034688,9.83244373599367
4.04062681779577,6.89669493110763,11.8114992029929
-0.00709039723777583,7.35142247661756,14.9432583146582
-0.00709039723777583,7.35142247661756,14.9432583146582

Velocities: 12
0,0,0
0,0,0
0,1,1
2,0,0
3,0,0
0,0,0
1,0,0
6,5,0
2,3,0
1,2,0
1,4,0
0,0,0

InverseVelocities: 12
0,0,0
0,0,0
0,0,0
0,0,0
0,0,0
0,0,0
0,0,0
0,0,0
0,0,0
0,0,0
0,0,0
0,0,0
