GestureName: swipe_front
Duration(ms): 564
Handedness: right

SpeakerAngles: 6
55
-55
0
0
110
-110

SpeakerElevations: 6
-10
-10
-10
0
30
30

InterpretedPoints: 12
-1.62759536269875,5.36202699358458,0.479055466999209
-0.813797681349374,9.62784063233502,-0.368240888334652
0,11.3164502526212,-0.0418890660015821
-0.771255297922724,18.0612888220916,-0.452019020337816
-4.02644602332022,3.03790950807887,1.11081457866456
-1.5850529792721,2.20438259787765,0.958110933998418
-6.50329105355721,12.9344145291515,1.06892551266297
-6.50329105355721,5.46548891839163,5.7635182233307
1.62759536269875,4.45187679552277,1.95811093399842
0.00709039723777494,-0.916128142166496,2.32635182233307
-1.6134145682232,1.12972504292725,-0.347296355333861
0,0,0

StrokePoints: 13
0,0,0
-1.62759536269875,5.36202699358458,0.479055466999209
-2.44139304404812,14.9898676259196,0.110814578664557
-2.44139304404812,26.3063178785408,0.0689255126629751
-3.21264834197085,44.3676067006324,-0.383093507674841
-7.23909436529106,47.4055162087112,0.727721070989716
-8.82414734456316,49.6098988065889,1.68583200498813
-15.3274383981204,62.5443133357404,2.75475751765111
-21.8307294516776,68.009802254132,8.5182757409818
-20.2031340889788,72.4616790496548,10.4763866749802
-20.1960436917411,71.5455509074883,12.8027384973133
-21.8094582599643,72.6752759504155,12.4554421419794
-21.8094582599643,72.6752759504155,12.4554421419794

Velocities: 12
0,0,3
0,0,5
0,0,6
2,8,7
1,7,0
0,6,0
4,5,5
3,4,3
2,2,2
0,1,0
0,2,0
0,0,0

InverseVelocities: 12
0,0,0
0,0,0
0,0,0
0,0,0
0,0,0
0,0,0
0,0,0
0,0,0
0,0,0
0,0,0
0,0,0
0,0,0
