GestureName: swipe_down
Duration(ms): 940
Handedness: right

SpeakerAngles: 6
55
-55
0
0
110
-110

SpeakerElevations: 6
-10
-10
-10
0
30
30

InterpretedPoints: 20
0,-1.98480775301221,0.17364817766693
-0.813797681349374,-2.81833466321343,0.0209445330007911
-0.806707284111599,-5.07180680496324,-0.131759111665348
-1.6134145682232,-3.11453279593945,0.520944533000791
0,0,0
0,0,0
0,5.58160183845002,1.61081457866456
-0.820888078587149,13.7679414393527,1.22162915732911
-2.42721224957257,22.1954116850046,1.98514738065981
-1.6134145682232,26.0213805269822,6.61690649232516
-0.799616886873823,29.4321114556477,5.59596195932437
-2.4201218523348,26.5862430484458,6.44325831465823
-4.05480761227132,32.1864738262518,-2.2303898630087
0,29.9605354284905,-3.20944533000791
-6.50329105355722,13.746385639469,1.20068462432832
-4.06189800950909,6.3540833165697,4.2635182233307
-1.62050496546097,0.2686643887376,0.32635182233307
0.799616886873823,-3.14804448403257,2.19459271066772
-0.813797681349374,-0.296198132726024,0.5
0,0,0

StrokePoints: 21
0,0,0
0,-1.98480775301221,0.17364817766693
-0.813797681349374,-4.80314241622564,0.194592710667721
-1.62050496546097,-9.87494922118888,0.0628335990023733
-3.23391953368417,-12.9894820171283,0.583778132003164
-3.23391953368417,-12.9894820171283,0.583778132003164
-3.23391953368417,-12.9894820171283,0.583778132003164
-3.23391953368417,-7.40788017867832,2.19459271066772
-4.05480761227132,6.36006126067439,3.41622186799684
-6.48201986184389,28.555472945679,5.40136924865665
-8.09543443006709,54.5768534726612,12.0182757409818
-8.89505131694091,84.0089649283088,17.6142377003062
-11.3151731692757,110.595207976755,24.0574960149644
-15.369980781547,142.781681803006,21.8271061519557
-15.369980781547,172.742217231497,18.6176608219478
-21.8732718351042,186.488602870966,19.8183454462761
-25.9351698446133,192.842686187536,24.0818636696068
-27.5556748100743,193.111350576273,24.4082154919399
-26.7560579232005,189.963306092241,26.6028082026076
-27.5698556045499,189.667107959515,27.1028082026076
-27.5698556045499,189.667107959515,27.1028082026076

Velocities: 20
0,0,-1
-1,-1,-1
-2,-1,-2
-2,0,-1
0,0,0
0,0,0
3,3,2
6,5,5
8,10,8
9,11,11
10,12,12
9,12,11
10,12,11
10,10,10
7,8,4
3,4,3
0,1,0
-1,-3,0
0,0,0
0,0,0

InverseVelocities: 20
0,0,0
0,0,0
0,0,0
0,0,0
0,0,0
0,0,0
0,0,0
0,0,0
0,0,0
0,0,0
0,0,0
0,0,0
0,0,0
0,0,0
0,0,0
0,0,0
0,-4,0
0,0,0
0,0,0
0,0,0
