GestureName: swipe_front
Duration(ms): 564
Handedness: right

SpeakerAngles: 6
55
-55
0
0
110
-110

SpeakerElevations: 6
-10
-10
-10
0
30
30

InterpretedPoints: 12
-4.84024370466959,-0.0119558882093732,1.69459271066772
-0.00709039723777505,0.2686643887376,0.32635182233307
-4.04771721503354,12.3085065756063,3.7425736903299
-1.59214337650987,19.1634801210304,0.0270364466613929
-5.63986059154342,16.9315637791643,-0.104722665003955
-0.778345695160498,3.30657389681647,1.43716640099763
-2.43430264681035,2.06671387793552,5.08987004566377
-1.62050496546097,1.343321943688,1.63175911166535
-0.813797681349374,-0.351265620702872,2.15270364466614
0.813797681349374,-2.07338692908217,3.5
0.813797681349374,-0.296198132726024,0.5
0,0,0

StrokePoints: 13
0,0,0
-4.84024370466959,-0.0119558882093732,1.69459271066772
-4.84733410190737,0.256708500528226,2.02094453300079
-8.89505131694091,12.5652150761346,5.7635182233307
-10.4871946934508,31.7286951971649,5.79055466999209
-16.1270552849942,48.6602589763293,5.68583200498813
-16.9054009801547,51.9668328731457,7.12299840598576
-19.339703626965,54.0335467510813,12.2128684516495
-20.960208592426,55.3768686947693,13.8446275633149
-21.7740062737754,55.0256030740664,15.997331207981
-20.960208592426,52.9522161449842,19.497331207981
-20.1464109110766,52.6560180122582,19.997331207981
-20.1464109110766,52.6560180122582,19.997331207981

Velocities: 12
-6,0,2
1,0,0
2,5,6
4,9,7
0,8,7
2,7,0
5,6,0
2,3,0
1,1,0
0,0,0
0,0,0
0,0,0

InverseVelocities: 12
0,0,0
0,0,0
0,0,0
0,0,0
0,0,0
0,0,0
0,0,0
0,0,0
-1,0,0
0,0,0
0,0,0
0,0,0
