GestureName: swipe_left
Duration(ms): 658
Handedness: right

SpeakerAngles: 6
55
-55
0
0
110
-110

SpeakerElevations: 6
-10
-10
-10
0
30
30

InterpretedPoints: 14
1.62050496546097,0.2686643887376,0.32635182233307
7.30290794043104,1.10219129893882,0.479055466999209
12.1715132340517,2.23191634186607,0.131759111665348
12.9640397236878,2.1493151099008,2.61081457866456
21.1020165371815,4.51890017170899,-1.38918542133544
27.5556748100743,5.69173681440371,-1.69459271066772
29.9899774568847,-6.4642182925234,-0.958110933998418
36.457816524253,-15.0509130580011,2.38918542133544
20.3023996503077,-21.2428449942173,4.32025990867247
12.9782205181633,-6.18595399211144,1.08377813200316
10.5297370768774,-7.92365315626978,1.56283359900237
3.24100993092194,-3.65186157341465,-0.131759111665348
0.806707284111599,-0.564862521463623,0.17364817766693
0,0,0

StrokePoints: 15
0,0,0
1.62050496546097,0.2686643887376,0.32635182233307
8.92341290589201,1.37085568767642,0.805407289332279
21.0949261399437,3.60277202954249,0.937166400997627
34.0589658636315,5.75208713944329,3.54798097966218
55.160982400813,10.2709873111523,2.15879555832674
82.7166572108873,15.962724125556,0.46420284765902
112.706634667772,9.49850583303259,-0.493908086339398
149.164451192025,-5.55240722496854,1.89527733499605
169.466850842333,-26.7952522191858,6.21553724366851
182.445071360496,-32.9812062112972,7.29931537567168
192.974808437373,-40.904859367567,8.86214897467405
196.215818368295,-44.5567209409817,8.7303898630087
197.022525652407,-45.1215834624453,8.90403804067563
197.022525652407,-45.1215834624453,8.90403804067563

Velocities: 14
1,0,0
3,0,0
5,0,0
8,0,0
8,0,0
9,-7,2
7,-10,-3
11,-12,-7
-5,-11,-6
-3,-9,0
0,-7,-2
-1,-3,-1
0,-1,0
0,0,0

InverseVelocities: 14
0,0,0
0,0,0
0,0,0
0,0,0
0,0,0
0,0,0
-5,0,0
-9,3,0
0,0,0
0,0,0
0,0,0
0,0,0
0,0,0
0,0,0
