GestureName: swipe_up
Duration(ms): 705
Handedness: right

SpeakerAngles: 6
55
-55
0
0
110
-110

SpeakerElevations: 6
-10
-10
-10
0
30
30

InterpretedPoints: 15
-0.813797681349374,-0.296198132726024,0.5
-3.24100993092194,0.537328777475199,0.652703644666139
-4.04062681779577,0.778459422224374,1.80540728933228
-5.66822218049452,-0.406333108679721,3.80540728933228
-8.11670562178041,-0.971195630143344,3.97905546699921
0.785436092398274,-22.7885030574986,6.75742630967009
-0.0141807944755499,-13.6668354910807,7.47296355333861
-4.88987648533402,-16.8424137191017,10.4939080863394
-9.77266257343026,-15.6576211881976,8.4939080863394
8.13797681349374,-31.2428119400969,-0.922313781657437
6.49620065631944,-26.253606367099,1.68850079700712
3.26937151987305,-19.1575021769257,-0.874332801995254
4.06189800950909,-11.8382011743173,0.257426309670094
-0.806707284111599,-0.564862521463623,0.17364817766693
0,0,0

StrokePoints: 16
0,0,0
-0.813797681349374,-0.296198132726024,0.5
-4.05480761227132,0.241130644749175,1.15270364466614
-8.09543443006709,1.01959006697355,2.95811093399842
-13.7636566105616,0.613256958293829,6.7635182233307
-21.880362232342,-0.357938671849515,10.7425736903299
-21.0949261399437,-23.1464417293481,17.5
-21.1091069344193,-36.8132772204288,24.9729635533386
-25.9989834197533,-53.6556909395304,35.466871639678
-35.7716459931836,-69.313312127728,43.9607797260174
-27.6336691796898,-100.556124067825,43.03846594436
-21.1374685233704,-126.809730434924,44.7269667413671
-17.8680970034974,-145.96723261185,43.8526339393718
-13.8061989939883,-157.805433786167,44.1100602490419
-14.6129062780999,-158.370296307631,44.2837084267089
-14.6129062780999,-158.370296307631,44.2837084267089

Velocities: 15
0,0,0
0,2,0
0,4,0
0,4,0
0,3,0
0,-4,-9
-9,-11,0
-11,-12,0
-11,-12,0
-12,-12,-11
-8,-10,-9
-6,-4,-8
-4,-5,-4
-1,0,0
0,0,0

InverseVelocities: 15
0,0,0
0,0,0
0,0,0
0,0,0
0,0,0
0,0,0
0,0,0
0,0,0
0,0,0
0,0,0
0,0,0
0,0,0
0,0,0
0,0,0
0,0,0
