GestureName: swipe_front
Duration(ms): 564
Handedness: right

SpeakerAngles: 6
55
-55
0
0
110
-110

SpeakerElevations: 6
-10
-10
-10
0
30
30

InterpretedPoints: 12
0,-0.592396265452048,1
-4.04771721503354,6.4642182925234,0.958110933998418
-0.0141807944755501,10.4613675425362,-0.215537243668512
0.799616886873824,6.1955539037858,0.631759111665348
1.62759536269875,-1.1847925309041,2
2.44139304404812,-0.888594398178072,1.5
-0.813797681349374,-0.888594398178072,1.5
1.6417761571743,4.46383268373214,0.263518223330696
-0.806707284111599,3.95403765024536,-1.21553724366851
0.813797681349374,4.16763455100612,0.763518223330696
-1.62050496546097,-0.323731876714448,1.32635182233307
0,0,0

StrokePoints: 13
0,0,0
0,-0.592396265452048,1
-4.04771721503354,5.87182202707135,1.95811093399842
-4.06189800950909,16.3331895696076,1.74257369032991
-3.26228112263527,22.5287434733934,2.37433280199525
-1.63468575993652,21.3439509424893,4.37433280199525
0.806707284111599,20.4553565443112,5.87433280199525
-0.00709039723777483,19.5667621461332,7.37433280199525
1.63468575993652,24.0305948298653,7.63785102532595
0.827978475824924,27.9846324801107,6.42231378165744
1.6417761571743,32.1522670311168,7.18583200498813
0.0212711917133255,31.8285351544023,8.5121838273212
0.0212711917133255,31.8285351544023,8.5121838273212

Velocities: 12
0,0,0
0,3,3
2,0,5
2,0,3
0,0,0
0,0,0
0,0,0
4,6,0
3,4,0
5,5,0
0,1,0
0,0,0

InverseVelocities: 12
0,0,0
0,0,0
0,0,0
0,0,0
0,0,0
0,0,0
0,0,0
0,0,0
0,0,0
0,0,0
0,0,0
0,0,0
