GestureName: swipe_right
Duration(ms): 188
Handedness: right

SpeakerAngles: 6
55
-55
0
0
110
-110

SpeakerElevations: 6
-10
-10
-10
0
30
30

InterpretedPoints: 4
1.62759536269875,-0.592396265452048,1
0.820888078587149,-1.15725878691567,1.17364817766693
0.813797681349374,21.5366871504083,-1.41012995433623
0,0,0

StrokePoints: 5
0,0,0
1.62759536269875,-0.592396265452048,1
2.4484834412859,-1.74965505236772,2.17364817766693
3.26228112263527,19.7870320980405,0.763518223330697
3.26228112263527,19.7870320980405,0.763518223330697

Velocities: 4
0,0,0
-1,0,0
0,0,11
0,0,0

InverseVelocities: 4
0,0,0
0,0,0
0,0,0
0,0,0
