GestureName: swipe_left
Duration(ms): 658
Handedness: right

SpeakerAngles: 6
55
-55
0
0
110
-110

SpeakerElevations: 6
-10
-10
-10
0
30
30

InterpretedPoints: 14
2.44139304404812,1.68860962028618,0.32635182233307
10.543917871353,8.77873586635474,-1.38918542133544
17.8539162090218,4.78756456044659,-1.06283359900237
19.4886019689583,17.5024042447326,-1.12566719800475
26.770238717676,14.2018082920209,-3.41012995433623
29.1903605700108,2.58318196256894,-2.02094453300079
25.1284625605017,-9.31008669972526,-0.110814578664557
29.1619989810597,-12.977526128919,-1.11081457866456
17.0401185276724,-14.634980037647,0.299315375671677
4.84024370466959,-9.61824072066065,2.08377813200316
2.42721224957257,-1.96325195312847,0.194592710667721
0.00709039723777505,-3.38319718467705,0.194592710667721
0.806707284111599,-0.564862521463623,0.17364817766693
0,0,0

StrokePoints: 15
0,0,0
2.44139304404812,1.68860962028618,0.32635182233307
12.9853109154011,10.4673454866409,-1.06283359900237
30.8392271244229,15.2549100470875,-2.12566719800475
50.3278290933812,32.7573142918202,-3.25133439600949
77.0980678110573,46.959122583841,-6.66146435034573
106.288428381068,49.5423045464099,-8.68240888334652
131.41689094157,40.2322178466847,-8.79322346201107
160.57888992263,27.2546917177657,-9.90403804067563
177.619008450302,12.6197116801187,-9.60472266500395
182.459252154972,3.00147095945804,-7.52094453300079
184.886464404544,1.03821900632957,-7.32635182233307
184.893554801782,-2.34497817834748,-7.13175911166535
185.700262085894,-2.90984069981111,-6.95811093399842
185.700262085894,-2.90984069981111,-6.95811093399842

Velocities: 14
0,0,1
5,0,3
8,1,0
9,3,6
9,-3,5
9,-6,0
5,-9,-4
9,-10,-7
-4,-11,-4
-2,-8,-2
-1,-3,0
-2,-1,-1
0,-1,0
0,0,0

InverseVelocities: 14
0,0,0
0,0,0
0,0,0
0,0,0
0,0,0
0,1,0
-7,0,0
-1,0,0
0,0,0
0,0,0
0,0,0
0,0,0
0,0,0
0,0,0
