GestureName: swipe_right
Duration(ms): 705
Handedness: right

SpeakerAngles: 6
55
-55
0
0
110
-110

SpeakerElevations: 6
-10
-10
-10
0
30
30

InterpretedPoints: 15
-0.806707284111599,0.564862521463623,-0.17364817766693
0.806707284111599,1.10219129893882,0.479055466999209
-4.04771721503354,6.20153184789049,-0.215537243668512
-14.5916350863865,8.69613463438947,1.08987004566377
-17.0117569387213,7.59394333545064,0.610814578664557
-21.8874526295798,4.21074615077359,0.805407289332278
-22.6941599136914,-0.861060654189647,0.673648177666931
-25.9351698446133,-10.4673454866409,1.06283359900237
-21.0807453454682,-4.19516829499454,0.0628335990023734
-16.226320846323,-17.233739855995,1.45201902033782
-9.71593939552806,-5.43502831387548,3.71553724366851
-16.2334112435608,-3.98157139423379,2.04188906600158
-5.68240297497007,-2.61071570655737,2.84729635533386
-2.43430264681035,-1.15725878691567,1.17364817766693
0,0,0

StrokePoints: 16
0,0,0
-0.806707284111599,0.564862521463623,-0.17364817766693
-1.11022302462516E-16,1.66705382040245,0.305407289332279
-4.04771721503354,7.86858566829293,0.0898700456637661
-18.6393523014201,16.5647203026824,1.17974009132753
-35.6511092401414,24.158663638133,1.79055466999209
-57.5385618697212,28.3694097889066,2.59596195932437
-80.2327217834126,27.508349134717,3.2696101369913
-106.167891628026,17.0410036480761,4.33244373599367
-127.248636973494,12.8458353530815,4.39527733499604
-143.474957819817,-4.38790450291352,5.84729635533386
-153.190897215345,-9.822932816789,9.56283359900237
-169.424308458906,-13.8045042110228,11.604722665004
-175.106711433876,-16.4152199175802,14.4520190203378
-177.541014080686,-17.5724787044958,15.6256671980047
-177.541014080686,-17.5724787044958,15.6256671980047

Velocities: 15
0,1,0
2,1,0
1,4,2
0,8,3
-3,8,3
-5,7,2
-7,6,0
-10,5,-4
-10,1,0
-9,-2,-6
-7,0,0
-6,0,0
-2,0,0
-1,0,0
0,0,0

InverseVelocities: 15
0,0,0
0,0,0
0,0,0
0,0,0
1,0,0
0,-4,0
0,0,0
0,-4,0
0,0,0
0,0,0
0,0,0
0,0,0
0,0,0
0,0,0
0,0,0
