GestureName: swipe_front
Duration(ms): 564
Handedness: right

SpeakerAngles: 6
55
-55
0
0
110
-110

SpeakerElevations: 6
-10
-10
-10
0
30
30

InterpretedPoints: 12
-1.62759536269875,3.37721924057237,0.652703644666139
-1.62759536269875,-0.592396265452048,1
-3.2551907253975,-1.1847925309041,2
-6.47492946460611,4.19516829499454,-0.0628335990023732
-0.806707284111599,13.4501875067429,1.70068462432832
0.0212711917133254,0.213596900760751,1.97905546699921
-3.27646191711082,22.222945428993,1.15879555832674
-3.2551907253975,4.46383268373214,0.263518223330697
-0.813797681349374,3.09297699605572,-0.541889066001582
3.24100993092194,1.66705382040245,0.305407289332279
-1.62759536269875,1.39241148756016,0.82635182233307
0,0,0

StrokePoints: 13
0,0,0
-1.62759536269875,3.37721924057237,0.652703644666139
-3.2551907253975,2.78482297512032,1.65270364466614
-6.51038145079499,1.60003044421623,3.65270364466614
-12.9853109154011,5.79519873921077,3.58987004566377
-13.7920181995127,19.2453862459537,5.29055466999209
-13.7707470077994,19.4589831467145,7.2696101369913
-17.0472089249102,41.6819285757075,8.42840569531804
-20.3023996503077,46.1457612594396,8.69192391864873
-21.1161973316571,49.2387382554953,8.15003485264715
-17.8751874007351,50.9057920758978,8.45544214197943
-19.5027827634339,52.2982035634579,9.2817939643125
-19.5027827634339,52.2982035634579,9.2817939643125

Velocities: 12
0,0,2
0,0,0
0,0,0
2,7,0
7,8,4
0,3,0
10,7,8
5,5,0
3,3,0
3,1,0
0,0,1
0,0,0

InverseVelocities: 12
0,0,0
0,0,0
0,0,0
0,0,0
0,0,0
0,0,0
0,0,0
0,0,0
0,0,0
0,0,0
0,0,0
0,0,0
