GestureName: swipe_front
Duration(ms): 611
Handedness: right

SpeakerAngles: 6
55
-55
0
0
110
-110

SpeakerElevations: 6
-10
-10
-10
0
30
30

InterpretedPoints: 13
-1.62759536269875,-0.592396265452048,1
-0.820888078587149,-1.21232627489252,2.82635182233307
1.6134145682232,-0.0550674879768485,1.65270364466614
3.2551907253975,2.20438259787765,0.958110933998418
0.806707284111599,2.17684885388922,1.78446275633149
-4.06898840674687,0.130995668795479,4.45811093399842
4.86151489638292,2.47304698661525,1.28446275633149
0,11.4809576095098,2.7425736903299
-3.24810032815972,5.90533371516446,0.284462756331487
-0.813797681349374,-0.351265620702872,2.15270364466614
-0.806707284111599,-1.80472254034457,3.82635182233307
0.813797681349374,-0.296198132726024,0.5
0,0,0

StrokePoints: 14
0,0,0
-1.62759536269875,-0.592396265452048,1
-2.4484834412859,-1.80472254034457,3.82635182233307
-0.835068873062699,-1.85979002832142,5.47905546699921
2.4201218523348,0.34459256955623,6.43716640099763
3.2268291364464,2.52144142344545,8.22162915732911
-0.842159270300474,2.65243709224093,12.6797400913275
4.01935562608244,5.12548407885618,13.964202847659
4.01935562608244,16.606441688366,16.7067765379889
0.771255297922724,22.5117754035304,16.9912392943204
-0.0425423834266498,22.1605097828276,19.1439429389865
-0.849249667538249,20.355787242483,22.9702947613196
-0.035451986188875,20.059589109757,23.4702947613196
-0.035451986188875,20.059589109757,23.4702947613196

Velocities: 13
0,0,0
1,0,0
2,0,0
3,3,0
4,3,0
3,3,0
5,2,0
4,4,5
2,3,2
1,1,0
0,1,0
0,0,0
0,0,0

InverseVelocities: 13
0,0,0
0,0,0
0,0,0
0,0,0
0,0,0
0,0,0
0,0,0
0,0,0
0,0,0
0,0,0
0,0,0
0,0,0
0,0,0
