GestureName: tap_right
Duration(ms): 1316
Handedness: right

SpeakerAngles: 6
55
-55
0
0
110
-110

SpeakerElevations: 6
-10
-10
-10
0
30
30

InterpretedPoints: 28
-0.806707284111599,1.69458756439087,-0.520944533000791
-1.6134145682232,4.51890017170899,-1.38918542133544
-11.3718963471779,9.23944135596935,0.895277334996044
-21.1091069344193,18.1007784542894,-2.97296355333861
-17.8610066062596,15.2549100470875,-2.12566719800475
-28.3552916969481,-0.833526910201223,-0.152703644666139
-27.5627652073121,-14.9742897701405,0.757426309670095
-25.9564410363267,-20.0796082631969,2.29931537567168
-20.2740380613566,-3.57523828555407,-1.7635182233307
-17.8397354145462,-3.60277202954249,-0.937166400997626
-5.64695098878119,-3.95403765024536,1.21553724366851
-1.60632417098542,-3.65783951751934,0.715537243668512
-1.6134145682232,-1.12972504292725,0.347296355333861
0,0,0
1.6134145682232,1.12972504292725,-0.347296355333861
-4.05480761227132,2.50058073060367,0.458110933998418
3.23391953368417,5.86222211539699,0.242573690329906
7.25327515976661,5.35242708191021,-1.2364817766693
18.6322619041823,2.92777453212517,4.41622186799683
17.8255546200707,2.36291201066155,4.58987004566377
22.6941599136914,3.60277202954249,0.937166400997627
23.4937768005652,3.88701427405914,2.13175911166535
26.7347867314872,-6.51928578050025,0.694592710667722
24.3359360708657,-11.652138017545,3.06283359900237
21.1020165371815,-9.93599465327041,2.56283359900237
8.12379601901819,-9.61824072066065,2.08377813200316
7.30290794043104,-4.60150140367426,3.86824088833465
0,0,0

StrokePoints: 29
0,0,0
-0.806707284111599,1.69458756439087,-0.520944533000791
-2.4201218523348,6.21348773609986,-1.91012995433623
-13.7920181995127,15.4529290920692,-1.01485261934019
-34.901125133932,33.5537075463586,-3.9878161726788
-52.7621317401916,48.8086175934461,-6.11348337068354
-81.1174234371397,47.9750906832449,-6.26618701534968
-108.680188644452,33.0008009131043,-5.50876070567958
-134.636629680778,12.9211926499074,-3.20944533000791
-154.910667742135,9.34595436435337,-4.9729635533386
-172.750403156681,5.74318233481088,-5.91012995433623
-178.397354145462,1.78914468456551,-4.69459271066772
-180.003678316448,-1.86869483295383,-3.97905546699921
-181.617092884671,-2.99841987588108,-3.63175911166535
-181.617092884671,-2.99841987588108,-3.63175911166535
-180.003678316448,-1.86869483295383,-3.97905546699921
-184.058485928719,0.631885897649839,-3.52094453300079
-180.824566395035,6.49410801304682,-3.27837084267088
-173.571291235268,11.846535094957,-4.51485261934019
-154.939029331086,14.7743096270822,-0.098630751343352
-137.113474711015,17.1372216377438,4.49123929432041
-114.419314797324,20.7399936672862,5.42840569531804
-90.9255379967588,24.6270079413454,7.56016480698339
-64.1907512652717,18.1077221608451,8.25475751765111
-39.854815194406,6.45558414330013,11.3175911166535
-18.7527986572245,-3.48041050997029,13.8804247156559
-10.6290026382063,-13.0986512306309,15.964202847659
-3.32609469777524,-17.7001526343052,19.8324437359937
-3.32609469777524,-17.7001526343052,19.8324437359937

Velocities: 28
1,2,0
3,5,0
5,8,2
4,11,5
4,10,4
-10,8,0
-11,4,-6
-12,0,-7
-10,0,0
-9,0,0
-7,0,0
-5,-2,0
-2,0,0
0,0,0
2,0,0
2,4,0
8,5,0
10,0,0
12,0,0
11,0,0
11,-2,0
9,-6,2
8,-9,-3
3,-8,-4
1,-7,-3
-4,-6,-2
-1,-4,0
0,0,0

InverseVelocities: 28
0,0,0
0,0,0
0,0,0
-1,0,0
-7,-4,0
0,0,0
0,0,0
0,0,0
0,0,0
0,0,0
0,0,0
0,0,0
0,0,0
0,0,0
0,0,0
0,0,0
0,0,0
0,0,0
0,0,0
0,0,0
0,0,0
0,1,0
-6,0,0
0,0,0
-4,0,0
0,0,0
0,0,0
0,0,0
