GestureName: tap_down
Duration(ms): 1410
Handedness: right

SpeakerAngles: 6
55
-55
0
0
110
-110

SpeakerElevations: 6
-10
-10
-10
0
30
30

InterpretedPoints: 30
-1.62050496546097,0.2686643887376,0.32635182233307
0.813797681349374,4.21074615077359,0.805407289332279
-4.04062681779577,3.09297699605572,-0.541889066001582
-5.68949337220784,17.4748705007442,-0.299315375671677
-8.11670562178041,21.4229302068849,-0.667556264006329
0.0141807944755504,26.846002632551,-2.68850079700712
-4.06189800950909,6.64068153762136,2.04798097966218
-2.43430264681035,8.36280284600065,0.700684624328323
2.46266423576145,5.45588900671727,4.04798097966218
13.0349436960655,25.7713450776006,-3.9939080863394
8.94468409760534,20.6444707846605,-2.47296355333861
3.27646191711082,5.36800493768926,-0.368240888334652
0,0,0
1.62759536269875,0.592396265452048,-1
0,0,0
-1.62759536269875,-0.592396265452048,1
-3.24810032815972,-0.916128142166496,2.32635182233307
-4.87569569085847,-0.916128142166496,2.32635182233307
-11.3435347582268,1.8806507211632,2.28446275633149
-0.842159270300474,-17.6340950205701,4.41012995433623
-0.0212711917133259,-35.9760041196086,6.2303898630087
-10.5793698575419,-16.2224837096612,8.66755626400633
-11.3931675388912,-39.7439786130817,10.2513343960095
-3.2551907253975,-36.7819972858214,5.25133439600949
5.70367416668339,-32.1804958821472,1.38309350767484
3.25519072539749,-29.0384293422193,0.0357971523409799
-1.62050496546097,-4.19516829499454,0.0628335990023731
-0.806707284111599,-2.82431260731812,0.868240888334652
-0.806707284111599,-0.564862521463623,0.17364817766693
0,0,0

StrokePoints: 31
0,0,0
-1.62050496546097,0.2686643887376,0.32635182233307
-0.806707284111599,4.47941053951119,1.13175911166535
-4.84733410190737,7.57238753556691,0.589870045663766
-10.5368274741152,25.0472580363111,0.290554669992089
-18.6535330958956,46.470188243196,-0.37700159401424
-18.6393523014201,73.316190875747,-3.06550239102136
-22.7012503109292,79.9568724133684,-1.01752141135918
-25.1355529577395,88.319675259369,-0.316836787030852
-22.6728887219781,93.7755642660863,3.73114419263133
-9.63794502591253,119.546909343687,-0.262763893708067
-0.69326092830719,140.191380128347,-2.73572744704667
2.58320098880363,145.559385066037,-3.10396833538133
2.58320098880363,145.559385066037,-3.10396833538133
4.21079635150238,146.151781331489,-4.10396833538133
4.21079635150238,146.151781331489,-4.10396833538133
2.58320098880363,145.559385066037,-3.10396833538133
-0.66489933935609,144.64325692387,-0.777616513048256
-5.54059503021456,143.727128781704,1.54873530928481
-16.8841297884414,145.607779502867,3.8331980656163
-17.7262890587418,127.973684482297,8.24332801995253
-17.7475602504552,91.9976803626882,14.4737178829612
-28.326930107997,75.775196653027,23.1412741469676
-39.7200976468883,36.0312180399454,33.3926085429771
-42.9752883722858,-0.750779245876046,38.6439429389865
-37.2716142056024,-32.9312751280232,40.0270364466614
-34.0164234802049,-61.9697044702425,40.0628335990024
-35.6369284456658,-66.164872765237,40.1256671980047
-36.4436357297774,-68.9891853725551,40.9939080863394
-37.250343013889,-69.5540478940188,41.1675562640063
-37.250343013889,-69.5540478940188,41.1675562640063

Velocities: 30
0,1,0
1,1,2
1,5,0
6,7,6
7,10,7
8,10,9
8,9,0
9,10,0
7,10,0
6,8,9
7,6,7
0,3,2
0,0,0
0,0,0
0,0,0
0,0,0
0,1,0
0,1,0
0,7,0
0,-4,-7
-9,-12,-12
-12,-12,0
-12,-12,-12
-12,-12,-12
-10,-9,-12
-9,-9,-11
-5,-4,0
-3,-2,0
-1,0,0
0,0,0

InverseVelocities: 30
0,0,0
0,0,0
0,0,0
0,0,0
0,0,0
0,0,0
0,0,0
0,0,0
0,0,0
0,0,0
0,0,0
0,0,0
0,0,0
0,0,0
0,0,0
0,0,0
0,0,0
0,0,0
0,-1,0
0,0,0
0,0,0
0,0,0
0,0,0
0,0,0
0,0,0
0,0,0
0,0,0
0,0,0
0,0,0
0,0,0
