GestureName: tap_down
Duration(ms): 1363
Handedness: right

SpeakerAngles: 6
55
-55
0
0
110
-110

SpeakerElevations: 6
-10
-10
-10
0
30
30

InterpretedPoints: 29
-2.43430264681035,4.47941053951119,1.13175911166535
-3.24810032815972,6.38759500466281,2.58987004566377
-8.12379601901819,6.66821528160979,1.22162915732911
-5.68949337220784,5.51095649469412,2.39527733499604
-2.41303145509702,23.5327556845879,4.46420284765902
-2.42721224957257,26.0548922150753,4.94325831465823
-4.87569569085847,26.4672032678597,0.29055466999209
-5.68240297497007,32.98648904836,-0.404038040675632
-3.24810032815972,9.78872602165393,-0.146611731005537
17.1039321028124,34.55605888806,-6.2303898630087
3.29773310882415,17.7650906893656,0.0479809796621838
1.6701377461254,0.592396265452047,-1
5.67531257773229,-4.49136642772056,0.562833599002373
3.21973873920862,-1.93571820914005,-0.631759111665348
2.4201218523348,-1.69458756439087,0.520944533000791
-3.23391953368417,0.805993166212799,0.979055466999209
-4.86151489638292,1.8806507211632,2.28446275633149
-9.70884899829029,0.964522578996701,4.61081457866456
-4.86860529362069,-1.83225628433299,4.65270364466614
-12.95694932645,-18.8225095190438,3.84729635533386
-0.8350688730627,-36.8645985177867,7.7303898630087
-0.00709039723777616,-33.9361288786196,4.40403804067563
0,-28.2808306128367,-5.92231378165744
0.806707284111598,-29.7007758443853,-5.92231378165744
0.813797681349373,-30.6169039865518,-3.59596195932437
1.62050496546097,-5.21475836196809,-2.89527733499604
-0.00709039723777494,-1.8806507211632,-2.28446275633149
-1.62050496546097,-0.2686643887376,-0.32635182233307
0,0,0

StrokePoints: 30
0,0,0
-2.43430264681035,4.47941053951119,1.13175911166535
-5.68240297497007,10.867005544174,3.72162915732911
-13.8061989939883,17.5352208257838,4.94325831465823
-19.4956923661961,23.0461773204779,7.33853564965427
-21.9087238212931,46.5789330050658,11.8027384973133
-24.3359360708657,72.6338252201411,16.7459968119715
-29.2116317617242,99.1010284880008,17.0365514819636
-34.8940347366942,132.087517536361,16.632513441288
-38.1421350648539,141.876243558015,16.4859017102824
-21.0382029620415,176.432302446075,10.2555118472737
-17.7404698532174,194.19739313544,10.3034928269359
-16.070332107092,194.789789400892,9.30349282693592
-10.3950195293597,190.298422973172,9.86632642593829
-7.17528079015108,188.362704764032,9.23456731427295
-4.75515893781628,186.668117199641,9.75551184727374
-7.98907847150045,187.474110365854,10.7345673142729
-12.8505933678834,189.354761087017,13.0190300706044
-22.5594423661737,190.319283666013,17.629844649269
-27.4280476597944,188.48702738168,22.2825482939351
-40.3849969862444,169.664517862637,26.129844649269
-41.2200658593071,132.79991934485,33.8602345122777
-41.2271562565448,98.8637904662304,38.2642725529533
-41.2271562565448,70.5829598533937,32.3419587712959
-40.4204489724332,40.8821840090084,26.4196449896384
-39.6066512910839,10.2652800224567,22.8236830303141
-37.9861463256229,5.05052166048856,19.928405695318
-37.9932367228607,3.16987093932536,17.6439429389866
-39.6137416883216,2.90120655058776,17.3175911166535
-39.6137416883216,2.90120655058776,17.3175911166535

Velocities: 29
1,2,2
4,5,2
7,9,0
7,8,0
8,12,9
10,12,10
10,11,9
10,12,12
10,11,0
10,12,11
2,8,7
-3,3,0
-3,-6,0
0,-5,0
0,-3,0
0,3,0
2,5,0
0,8,0
0,2,0
0,9,-11
-9,-12,-12
-11,-12,-11
-12,-12,-11
-11,-12,-12
-11,-11,-12
-7,-8,0
-3,-4,0
-1,0,0
0,0,0

InverseVelocities: 29
0,0,0
0,0,0
0,0,0
0,0,0
0,0,0
0,0,0
0,0,0
0,0,0
0,0,0
0,0,0
0,0,0
0,-8,0
0,0,0
0,0,0
0,0,0
0,0,0
0,0,0
0,0,0
0,-1,0
0,-6,0
0,0,0
9,0,0
9,0,0
0,0,0
0,0,0
0,0,0
0,0,0
0,0,0
0,0,0
