GestureName: tap_left
Duration(ms): 1410
Handedness: right

SpeakerAngles: 6
55
-55
0
0
110
-110

SpeakerElevations: 6
-10
-10
-10
0
30
30

InterpretedPoints: 30
-0.813797681349374,-0.296198132726024,0.5
0,0,0
0,0,0
0,0,0
1.62050496546097,2.25347214174981,0.152703644666139
4.84733410190737,6.70534893727258,2.11081457866456
8.10252482730486,2.52811447459209,-0.368240888334652
22.7225215026425,4.78756456044659,-1.06283359900237
27.5698556045499,3.92650390625694,-0.389185421335442
28.3765628886615,9.96352839725884,-3.38918542133544
29.1761797755353,-8.48253773362872,0.889185421335442
25.1142817660262,-15.5391522916042,0.931074487337026
17.0472089249102,-21.4504639508733,1.4939080863394
16.226320846323,-18.3083974109454,0.146611731005538
4.06898840674687,-17.8536698654355,3.27837084267088
-0.806707284111599,-0.564862521463623,0.17364817766693
0,0,0
0.799616886873824,0.833526910201223,0.152703644666139
-2.43430264681035,9.52368360048601,2.08987004566377
-11.3718963471779,20.775466453456,1.98514738065981
-10.5013754879263,6.80588400155191,-2.91012995433623
-31.5963016278701,12.6873059402976,0.763518223330697
-28.3482012997104,-5.9268895150482,-0.305407289332278
-26.7489675259627,-17.792624433354,0.778370842670886
-21.9016334240553,-4.16763455100612,-0.763518223330696
-19.467330777245,-5.97235709135068,3.06283359900237
-12.9924013126389,-3.44424261675859,2.69459271066772
-5.68240297497007,-5.98793494712973,2.19459271066772
-1.62759536269875,-0.592396265452048,1
0,0,0

StrokePoints: 31
0,0,0
-0.813797681349374,-0.296198132726024,0.5
-0.813797681349374,-0.296198132726024,0.5
-0.813797681349374,-0.296198132726024,0.5
-0.813797681349374,-0.296198132726024,0.5
0.806707284111599,1.95727400902378,0.652703644666139
5.65404138601897,8.66262294629636,2.7635182233307
13.7565662133238,11.1907374208885,2.39527733499604
36.4790877159663,15.978301981335,1.33244373599367
64.0489433205162,19.904805887592,0.943258314658229
92.4255062091776,29.8683342848508,-2.44592710667721
121.601685984713,21.3857965512221,-1.55674168534177
146.715967750739,5.84664425961794,-0.625667198004746
163.763176675649,-15.6038196912554,0.868240888334652
179.989497521972,-33.9122171022008,1.01485261934019
184.058485928719,-51.7658869676363,4.29322346201108
183.251778644608,-52.3307494890999,4.46687163967801
183.251778644608,-52.3307494890999,4.46687163967801
184.051395531481,-51.4972225788987,4.61957528434414
181.617092884671,-41.9735389784127,6.70944533000791
170.245196537493,-21.1980725249567,8.69459271066772
159.743821049567,-14.3921885234048,5.78446275633149
128.147519421697,-1.70488258310719,6.54798097966218
99.7993181219864,-7.63177209815539,6.24257369032991
73.0503505960237,-25.4243965315094,7.02094453300079
51.1487171719684,-29.5920310825155,6.25742630967009
31.6813863947234,-35.5643881738662,9.32025990867247
18.6889850820845,-39.0086307906248,12.0148526193402
13.0065821071144,-44.9965657377545,14.2094453300079
11.3789867444157,-45.5889620032065,15.2094453300079
11.3789867444157,-45.5889620032065,15.2094453300079

Velocities: 30
0,0,0
0,0,0
0,0,0
0,0,0
1,0,1
5,0,3
5,0,0
9,0,0
11,-3,0
10,-5,3
6,-11,-3
4,-12,-6
-5,-11,-7
-4,-11,-6
-5,-5,-6
-1,0,0
0,0,0
2,0,0
3,4,4
8,11,7
0,11,0
-8,12,6
-10,9,-3
-12,3,-7
-10,0,0
-9,0,0
-4,0,0
-2,0,-2
0,0,0
0,0,0

InverseVelocities: 30
0,0,0
0,0,0
0,0,0
0,0,0
0,0,0
0,0,0
0,0,0
0,0,0
0,0,0
0,8,0
0,0,0
-6,0,0
0,0,0
0,0,0
0,0,0
0,0,0
0,0,0
0,0,0
0,0,0
0,0,0
0,0,0
6,0,0
4,-2,0
0,-2,0
0,0,0
0,0,0
0,0,0
0,0,0
0,0,0
0,0,0
