GestureName: tap_left
Duration(ms): 1410
Handedness: right

SpeakerAngles: 6
55
-55
0
0
110
-110

SpeakerElevations: 6
-10
-10
-10
0
30
30

InterpretedPoints: 30
0.799616886873824,0.833526910201223,0.152703644666139
1.62050496546097,1.93571820914005,0.631759111665348
9.74430098447916,0.805993166212799,0.979055466999209
17.8680970034974,2.52811447459209,-0.368240888334652
22.7225215026425,4.78756456044659,-1.06283359900237
22.7225215026425,7.04701464630108,-1.75742630967009
24.357207262579,10.7479657635879,-2.43107448733702
15.4621559456381,7.94158698858384,-4.10472266500395
16.2688632297497,-4.21436811834327,-3.36824088833465
25.1284625605017,-18.0612888220916,0.452019020337816
14.6058158808621,-16.9770313554668,3.47296355333861
0,-2.25945008585449,0.694592710667721
0,0,0
0,0,0
0,0,0
-0.813797681349374,-0.296198132726024,0.5
1.6134145682232,1.12972504292725,-0.347296355333861
-0.806707284111599,3.95403765024536,-1.21553724366851
-12.1502420423384,5.83468837140856,1.06892551266297
-17.0472089249102,14.3112481609326,1.02703644666139
-19.4744211744828,12.403063695781,-0.431074487337026
-24.3146648791524,2.52213653048741,0.479055466999209
-30.7966847409963,-1.7221213083793,1.34729635533386
-30.0041582513602,-5.67615895862466,2.56283359900237
-26.770238717676,-7.66694465574155,3.58377813200316
-17.0188473359591,-4.16763455100612,-0.763518223330697
-14.6199966753376,-18.7422642636136,4.77837084267088
-5.68240297497007,-9.84741547720045,-0.763518223330696
-0.00709039723777505,-2.25347214174981,-0.152703644666139
0,0,0

StrokePoints: 31
0,0,0
0.799616886873824,0.833526910201223,0.152703644666139
2.4201218523348,2.76924511934127,0.784462756331487
12.164422836814,3.57523828555407,1.7635182233307
30.0325198403113,6.10335276014616,1.39527733499604
52.7550413429538,10.8909173205928,0.332443735993671
75.4775628455963,17.9379319668938,-1.42498257367642
99.8347701081753,28.6858977304817,-3.85605706101345
115.296926053813,36.6274847190656,-7.9607797260174
131.565789283563,32.4131166007223,-11.3290206143521
156.694251844065,14.3518277786307,-10.8770015940142
171.300067724927,-2.62520357683609,-7.40403804067563
171.300067724927,-4.88465366269058,-6.70944533000791
171.300067724927,-4.88465366269058,-6.70944533000791
171.300067724927,-4.88465366269058,-6.70944533000791
171.300067724927,-4.88465366269058,-6.70944533000791
170.486270043578,-5.18085179541661,-6.20944533000791
172.099684611801,-4.05112675248936,-6.55674168534177
171.292977327689,-0.097089102243995,-7.77227892901028
159.142735285351,5.73759926916457,-6.70335341634731
142.095526360441,20.0488474300972,-5.67631696968592
122.621105185958,32.4519111258781,-6.10739145702294
98.3064403068054,34.9740476563655,-5.62833599002373
67.5097555658092,33.2519263479862,-4.28103963468987
37.505597314449,27.5757673893616,-1.7182060356875
10.7353585967729,19.90882273362,1.86557209631567
-6.28348873918618,15.7411881826139,1.10205387298497
-20.9034854145238,-3.00107608099967,5.88042471565585
-26.5858883894939,-12.8484915582001,5.11690649232516
-26.5929787867316,-15.1019636999499,4.96420284765902
-26.5929787867316,-15.1019636999499,4.96420284765902

Velocities: 30
2,0,0
3,2,0
3,0,0
5,0,0
9,0,0
11,2,0
10,2,2
8,8,-1
6,5,-6
2,-12,-7
-5,-11,-4
-2,-2,0
0,0,0
0,0,0
0,0,0
0,0,0
2,0,0
3,4,0
3,11,0
5,11,4
1,9,4
-6,8,1
-10,8,0
-12,3,0
-12,0,0
-10,0,0
-7,-3,-6
-4,-2,-4
0,-1,-1
0,0,0

InverseVelocities: 30
0,0,0
0,0,0
0,0,0
0,0,0
0,0,0
0,0,0
0,-4,0
0,-10,0
-5,-12,0
-6,0,0
0,0,0
0,0,0
0,0,0
0,0,0
0,0,0
0,0,0
0,0,0
0,0,0
0,0,0
-7,0,0
-3,0,0
0,0,0
0,0,0
0,0,0
0,0,0
0,0,0
0,0,0
0,0,0
0,0,0
0,0,0
