GestureName: tap_back
Duration(ms): 1175
Handedness: right

SpeakerAngles: 6
55
-55
0
0
110
-110

SpeakerElevations: 6
-10
-10
-10
0
30
30

InterpretedPoints: 25
-0.806707284111599,-1.95727400902378,-0.652703644666139
5.68240297497007,-8.12529416882116,-2.11081457866456
-2.44139304404812,-12.4246194956647,0.410129954336234
-2.43430264681035,-15.2154204148897,-0.395277334996045
2.4201218523348,-13.0110378170121,0.562833599002373
0.799616886873824,-12.7423734282745,0.889185421335443
2.4201218523348,-16.9926092112459,2.60472266500395
5.67531257773229,-15.8078166803418,0.604722665003955
-1.60632417098542,-7.35281269070147,0.541889066001582
0,-1.98480775301221,0.17364817766693
0,0,0
-0.813797681349374,-0.296198132726024,0.5
-0.00709039723777505,2.25347214174981,0.152703644666139
-2.44139304404812,1.09621335483414,1.32635182233307
-3.26228112263527,7.02310286988234,1.63175911166535
-1.59214337650987,11.8597569742011,-0.236481776669303
1.6134145682232,11.8537790300964,0.610814578664557
-1.62759536269875,9.33164249960899,0.131759111665348
-0.799616886873824,12.4246194956647,-0.410129954336234
0.820888078587149,11.3008723968422,-0.910129954336234
-2.43430264681035,7.0015470699986,1.61081457866456
-1.62050496546097,3.32812969670021,1.45811093399842
-4.87569569085847,4.18321240678517,1.63175911166535
0.00709039723777505,4.83067616021406,-1.02094453300079
0,0,0

StrokePoints: 26
0,0,0
-0.806707284111599,-1.95727400902378,-0.652703644666139
4.87569569085847,-10.0825681778449,-2.7635182233307
2.43430264681035,-22.5071876735097,-2.35338826899446
8.88178419700125E-16,-37.7226080883994,-2.74866560399051
2.4201218523348,-50.7336459054114,-2.18583200498813
3.21973873920862,-63.4760193336859,-1.29664658365269
5.63986059154342,-80.4686285449318,1.30807608135126
11.3151731692757,-96.2764452252735,1.91279874635522
9.70884899829029,-103.629257915975,2.4546878123568
9.70884899829029,-105.614065668987,2.62833599002373
9.70884899829029,-105.614065668987,2.62833599002373
8.89505131694091,-105.910263801713,3.12833599002373
8.88796091970314,-103.656791659963,3.28103963468987
6.44656787565502,-102.560578305129,4.60739145702294
3.18428675301974,-95.5374754352469,6.23915056868829
1.59214337650987,-83.6777184610458,6.00266879201898
3.20555794473307,-71.8239394309494,6.61348337068354
1.57796258203432,-62.4922969313404,6.74524248234889
0.778345695160498,-50.0676774356757,6.33511252801266
1.59923377374765,-38.7668050388336,5.42498257367642
-0.8350688730627,-31.765257968835,7.03579715234098
-2.45557383852367,-28.4371282721348,8.4939080863394
-7.33126952938214,-24.2539158653496,10.1256671980047
-7.32417913214436,-19.4232397051356,9.10472266500395
-7.32417913214436,-19.4232397051356,9.10472266500395

Velocities: 25
-1,0,-1
-1,-3,-4
-3,-3,-5
-5,-4,-6
0,-3,-6
0,-2,-6
-3,-6,-6
-3,-6,-6
-3,0,-3
0,0,-1
0,0,0
0,0,0
1,0,1
0,0,1
1,0,4
0,5,5
2,0,6
0,0,5
2,4,5
3,4,4
2,3,3
2,3,1
1,2,2
0,1,2
0,0,0

InverseVelocities: 25
0,0,0
0,0,0
0,0,0
0,0,0
0,0,0
0,0,0
0,0,0
0,0,0
0,0,0
0,0,0
0,0,0
0,0,0
0,0,0
0,0,0
0,0,0
0,0,0
0,0,0
0,0,0
0,0,0
0,0,0
0,0,0
0,0,0
0,0,0
0,0,0
0,0,0
