GestureName: tap_left
Duration(ms): 1504
Handedness: right

SpeakerAngles: 6
55
-55
0
0
110
-110

SpeakerElevations: 6
-10
-10
-10
0
30
30

InterpretedPoints: 32
0.813797681349374,2.22593839776138,0.979055466999209
2.42721224957257,0.778459422224375,1.80540728933228
-0.813797681349374,0.778459422224374,1.80540728933228
7.28872714595549,3.95403765024537,-1.21553724366851
15.4267039594492,3.41670887277017,-1.86824088833465
17.0330281304346,4.81509830443501,-1.88918542133544
18.6464426986578,3.57523828555407,1.7635182233307
27.5485844128365,0.805993166212799,0.979055466999208
29.1690893782975,-6.49175203651182,-0.131759111665348
27.5485844128365,-12.3970857516763,-0.416221867996835
21.880362232342,-15.8078166803418,0.604722665003956
13.7636566105616,-6.42708463686061,-0.0689255126629749
1.62759536269875,-12.995459961233,1.43107448733702
0.806707284111599,-8.18633960090269,0.389185421335443
-1.62050496546097,-0.2686643887376,-0.32635182233307
0,0,0
-3.2268291364464,2.25945008585449,-0.694592710667721
-1.62050496546097,2.52811447459209,-0.368240888334652
-3.2551907253975,3.33410764080489,0.610814578664557
-4.84733410190737,14.723559213717,-3.62566719800475
-17.0472089249102,17.4257809568721,0.506091913660602
-17.8610066062596,22.2839908610745,-1.34120444167326
-28.3552916969481,-0.888594398178071,1.5
-30.8108655354718,-9.93599465327041,2.56283359900237
-30.8179559327096,-16.1590823010446,2.75742630967009
-27.5556748100743,-6.29608896806513,4.38918542133544
-17.0330281304347,-8.2593409211936,4.58377813200316
-14.5916350863865,-5.70369270261308,3.38918542133544
-9.73012019000361,-11.059741752093,2.06283359900237
-2.43430264681035,-8.1863396009027,0.389185421335443
-0.806707284111599,-2.54967027447583,0.347296355333861
0,0,0

StrokePoints: 33
0,0,0
0.813797681349374,2.22593839776138,0.979055466999209
3.24100993092194,3.00439781998576,2.78446275633149
2.42721224957257,3.78285724221013,4.58987004566377
9.71593939552806,7.7368948924555,3.37433280199525
25.1426433549773,11.1536037652257,1.5060919136606
42.1756714854119,15.9687020696607,-0.383093507674841
60.8221141840698,19.5439403552147,1.38042471565585
88.3706985969063,20.3499335214275,2.35948018265506
117.539787975204,13.8581814849157,2.22772107098972
145.08837238804,1.46109573323943,1.81149920299288
166.968734620382,-14.3467209471023,2.41622186799684
180.732391230944,-20.7738055839629,2.34729635533386
182.359986593643,-33.769265545196,3.77837084267089
183.166693877754,-41.9556051460987,4.16755626400633
181.546188912293,-42.2242695348363,3.84120444167326
181.546188912293,-42.2242695348363,3.84120444167326
178.319359775847,-39.9648194489818,3.14661173100554
176.698854810386,-37.4367049743897,2.77837084267089
173.443664084989,-34.1025973335848,3.38918542133544
168.596329983081,-19.3790381198678,-0.236481776669303
151.549121058171,-1.95325716299571,0.269610136991299
133.688114451911,20.3307336980788,-1.07159430468196
105.332822754963,19.4421392999008,0.42840569531804
74.5219572194915,9.50614464663034,2.99123929432041
43.7040012867819,-6.65293765441429,5.74866560399051
16.1483264767076,-12.9490266224794,10.137851025326
-0.884701653727085,-21.208367543673,14.7216291573291
-15.4763367401136,-26.9120602462861,18.1108145786646
-25.2064569301172,-37.9718019983791,20.1736481776669
-27.6407595769276,-46.1581415992818,20.5628335990024
-28.4474668610392,-48.7078118737576,20.9101299543362
-28.4474668610392,-48.7078118737576,20.9101299543362

Velocities: 32
1,1,1
3,1,0
2,2,0
6,1,0
5,0,0
8,0,0
10,0,0
10,-7,0
8,-10,-3
5,-12,-5
2,-11,-6
-2,-12,0
-5,-5,-4
-2,-3,-3
-1,0,0
0,0,0
0,4,0
2,3,0
4,4,0
5,10,3
6,12,5
6,12,7
-9,9,0
-11,5,-3
-11,4,-6
-12,4,0
-10,-2,0
-8,0,0
-5,0,-4
-3,-2,-3
-1,0,-1
0,0,0

InverseVelocities: 32
0,0,0
0,0,0
0,0,0
0,0,0
0,0,0
0,0,0
0,0,0
0,0,0
0,0,0
-1,5,0
-2,0,0
0,0,0
0,0,0
0,0,0
0,0,0
0,0,0
0,0,0
0,0,0
0,0,0
0,0,0
0,-1,0
-4,0,0
0,0,0
0,-7,0
0,0,0
0,-7,0
0,0,0
0,0,0
0,0,0
0,0,0
0,0,0
0,0,0
