GestureName: tap_back
Duration(ms): 1269
Handedness: right

SpeakerAngles: 6
55
-55
0
0
110
-110

SpeakerElevations: 6
-10
-10
-10
0
30
30

InterpretedPoints: 27
1.62759536269875,-1.39241148756016,-0.82635182233307
-1.62050496546097,-5.96040120314131,1.36824088833465
-2.43430264681035,-12.1559551069271,0.736481776669304
0,-16.4277466897822,2.43107448733702
-4.10444039293574,-12.5711930202392,-4.91622186799683
4.03353642055799,-15.5331743474995,0.0837781320031642
3.2268291364464,-15.298021646855,2.08377813200316
1.64886655441207,-12.122443418834,-0.937166400997627
0,0,0
-1.6134145682232,-1.12972504292725,0.347296355333861
0,0,0
0,0,0
-1.62759536269875,1.39241148756016,0.82635182233307
-0.00709039723777505,6.22308764777422,-0.194592710667721
1.63468575993652,7.61549913533439,0.631759111665348
-0.785436092398274,11.2948944527375,-0.0628335990023732
-2.40594105785925,11.5635588414751,0.263518223330696
-4.04062681779577,2.50058073060367,0.458110933998418
0.00709039723777483,3.06544325206729,0.284462756331487
2.45557383852367,9.04740025509234,-1.06283359900237
3.26228112263527,5.36800493768926,-0.368240888334652
-0.792526489636048,4.27179158285513,-1.69459271066772
1.62050496546097,0.861060654189647,-0.67364817766693
-2.44139304404812,1.63354213230934,1.97905546699921
-3.2551907253975,1.92974026503536,1.47905546699921
-0.813797681349374,1.68860962028618,0.32635182233307
0,0,0

StrokePoints: 28
0,0,0
1.62759536269875,-1.39241148756016,-0.82635182233307
0.00709039723777516,-7.35281269070147,0.541889066001582
-2.42721224957257,-19.5087677976286,1.27837084267089
-2.42721224957257,-35.9365144874108,3.70944533000791
-6.53165264250832,-48.5077075076501,-1.20677653798892
-2.49811622195032,-64.0408818551495,-1.12299840598576
0.728712914496073,-79.3389035020045,0.960779726017404
2.37757946890815,-91.4613469208385,0.0236133250197774
2.37757946890815,-91.4613469208385,0.0236133250197774
0.764164900684949,-92.5910719637658,0.370909680353638
0.764164900684949,-92.5910719637658,0.370909680353638
0.764164900684949,-92.5910719637658,0.370909680353638
-0.863430462013799,-91.1986604762056,1.19726150268671
-0.870520859251574,-84.9755728284314,1.00266879201899
0.764164900684949,-77.360073693097,1.63442790368433
-0.0212711917133249,-66.0651792403595,1.57159430468196
-2.42721224957257,-54.5016203988845,1.83511252801266
-6.46783906736834,-52.0010396682808,2.29322346201108
-6.46074867013057,-48.9355964162135,2.57768621834256
-4.00517483160689,-39.8881961611212,1.51485261934019
-0.742893708971624,-34.5201912234319,1.14661173100554
-1.53542019860767,-30.2483996405768,-0.547980979662182
0.0850847668533004,-29.3873389863871,-1.22162915732911
-2.35630827719482,-27.7537968540778,0.757426309670096
-5.61149900259232,-25.8240565890424,2.2364817766693
-6.42529668394169,-24.1354469687563,2.56283359900237
-6.42529668394169,-24.1354469687563,2.56283359900237

Velocities: 27
0,0,-1
-2,-1,-2
-3,-2,-5
-4,-4,-6
0,-5,-7
0,-5,-7
-1,-5,-6
-3,0,-6
0,0,0
-2,0,0
0,0,0
0,0,0
0,0,1
1,0,3
0,1,4
0,4,5
0,5,5
1,5,0
3,4,0
2,4,3
1,2,2
0,3,1
1,0,0
1,1,1
1,1,1
0,0,1
0,0,0

InverseVelocities: 27
0,0,0
0,0,0
0,0,0
0,0,0
0,0,0
0,0,0
0,0,0
0,0,0
0,0,0
0,0,0
0,0,0
0,0,0
0,0,0
0,0,0
0,0,0
0,0,0
0,0,0
0,0,0
0,0,0
0,0,0
0,0,0
0,0,0
0,0,0
0,0,0
0,0,0
0,0,0
0,0,0
