GestureName: tap_down
Duration(ms): 1222
Handedness: right

SpeakerAngles: 6
55
-55
0
0
110
-110

SpeakerElevations: 6
-10
-10
-10
0
30
30

InterpretedPoints: 26
-1.62759536269875,2.52213653048741,0.479055466999209
1.60632417098542,1.39838943166485,-0.0209445330007911
-5.68949337220784,3.30657389681647,1.43716640099763
3.24810032815972,25.8077836262214,4.63785102532595
-2.43430264681035,7.66027160459491,5.0060919136606
0.813797681349374,11.4833135860448,-0.667556264006328
-1.62050496546097,10.9184510645812,-0.493908086339398
-1.6134145682232,11.8345792067477,-2.82025990867247
-7.26036555700439,20.9926853217864,6.52703644666139
-4.01226522884467,11.3619178289237,-3.41012995433623
0.827978475824924,-0.186063156772327,-2.80540728933228
8.90214171417869,-2.76924511934127,-0.784462756331487
4.04771721503354,-1.10219129893882,-0.479055466999209
-0.813797681349374,-0.296198132726024,0.5
-5.66113178325674,0.454727545509927,3.13175911166535
-9.70884899829029,2.1493151099008,2.61081457866456
-9.72302979276584,5.53849023868254,1.56892551266297
-11.3293539637513,-18.2301132535918,2.84729635533386
-7.33835992661991,-38.9104517028804,10.4040380406756
-12.2069652202406,-16.2224837096612,8.66755626400633
-12.2069652202406,-40.0401767458077,10.7513343960095
2.43430264681035,-32.0703609061935,-1.92231378165744
-0.0141807944755481,-29.1909808108985,-4.44325831465823
-2.44139304404812,-8.08218256905369,-2.06892551266297
0.806707284111599,-1.69458756439087,0.520944533000791
0,0,0

StrokePoints: 27
0,0,0
-1.62759536269875,2.52213653048741,0.479055466999209
-0.0212711917133255,3.92052596215225,0.458110933998418
-5.71076456392117,7.22709985896872,1.89527733499604
-2.46266423576145,33.0348834851902,6.53312836032199
-4.89696688257179,40.6951550897851,11.5392202739826
-4.08316920122242,52.1784686758299,10.8716640099763
-5.70367416668339,63.096919740411,10.3777559236369
-7.31708873490659,74.9314989471587,7.5574960149644
-14.577454291911,95.9241842689451,14.0845324616258
-18.5897195207556,107.286102097869,10.6744025072896
-17.7617410449307,107.100038941097,7.86899521795728
-8.85959933075203,104.330793821755,7.08453246162579
-4.81188211571849,103.228602522816,6.60547699462658
-5.62567979706786,102.93240439009,7.10547699462658
-11.2868115803246,103.3871319356,10.2372361062919
-20.9956605786149,105.536447045501,12.8480506849565
-30.7186903713807,111.074937284184,14.4169761976195
-42.048044335132,92.8448240305919,17.2642725529533
-49.3864042617519,53.9343723277114,27.668310593629
-61.5933694819925,37.7118886180503,36.3358668576353
-73.8003347022331,-2.32828812775742,47.0872012536448
-71.3660320554228,-34.3986490339509,45.1648874719873
-71.3802128498983,-63.5896298448494,40.7216291573291
-73.8216058939464,-71.6718124139031,38.6527036446661
-73.0148986098348,-73.3663999782939,39.1736481776669
-73.0148986098348,-73.3663999782939,39.1736481776669

Velocities: 26
1,1,1
3,0,0
4,5,0
9,8,11
11,12,0
12,12,0
11,12,0
10,12,0
0,9,11
0,8,3
-3,-1,0
0,-7,0
0,-3,0
0,0,0
0,5,0
0,8,0
4,10,0
0,9,-11
-10,-12,-12
-12,-12,0
-12,-12,-12
-11,-12,-12
-9,-11,-12
-6,-6,-2
-1,-2,0
0,0,0

InverseVelocities: 26
0,0,0
0,0,0
0,0,0
0,0,0
0,0,0
0,0,0
0,0,0
0,0,0
0,0,0
0,-6,0
0,0,0
0,0,0
0,0,0
0,0,0
0,0,0
0,0,0
0,-3,0
0,-6,0
0,0,0
0,0,0
0,0,0
0,0,0
0,0,0
0,0,0
0,0,0
0,0,0
