GestureName: tap_down
Duration(ms): 1457
Handedness: right

SpeakerAngles: 6
55
-55
0
0
110
-110

SpeakerElevations: 6
-10
-10
-10
0
30
30

InterpretedPoints: 31
0.806707284111599,0.564862521463623,-0.17364817766693
-1.63468575993652,1.93571820914005,0.631759111665348
-4.88278608809624,3.87143641828009,1.2635182233307
-7.30290794043104,16.5647203026824,1.17974009132753
-3.23391953368417,23.5602894285763,3.63785102532595
1.6417761571743,30.3207058538257,4.09596195932437
-6.49620065631944,33.282687181086,-0.904038040675632
-1.6134145682232,11.2421829412956,-1.82025990867247
7.33126952938214,13.101972969617,-7.29931537567168
7.38090231004656,21.8783528594368,-5.27837084267088
0.092175164091076,10.7300319312738,0.110814578664557
3.27646191711082,2.52811447459209,-0.368240888334652
6.47492946460611,-3.06544325206729,-0.284462756331487
4.86151489638292,-0.805993166212799,-0.979055466999209
0.806707284111599,-0.564862521463623,0.17364817766693
0,0,0
-2.42721224957257,0.833526910201223,0.152703644666139
-3.23391953368417,-0.378799364691296,2.97905546699921
-7.29581754319326,3.03790950807887,1.11081457866456
-10.5368274741152,-1.46903477542075,0.805407289332278
-11.3860771416535,-12.9894820171283,0.583778132003164
-0.820888078587149,-10.1950591303336,3.95201902033782
-7.33126952938214,-39.179116091618,10.0776862183426
-10.5864602547796,-39.7715123570701,11.0776862183426
-6.53165264250832,-37.7531929159648,9.2303898630087
4.88278608809624,-25.6612101016469,0.68850079700712
4.06189800950909,-20.0520745192085,1.47296355333861
4.06189800950909,-3.89897016226852,-0.437166400997627
4.05480761227132,-8.45500398964029,0.0628335990023732
-1.62050496546097,-2.25347214174981,-0.152703644666139
0,0,0

StrokePoints: 32
0,0,0
0.806707284111599,0.564862521463623,-0.17364817766693
-0.827978475824924,2.50058073060367,0.458110933998418
-5.71076456392117,6.37201714888376,1.72162915732911
-13.0136725043522,22.9367374515662,2.90136924865665
-16.2475920380364,46.4970268801425,6.5392202739826
-14.6058158808621,76.8177327339682,10.635182233307
-21.1020165371815,110.100419915054,9.73114419263133
-22.7154311054047,121.34260285635,7.91088428395886
-15.3841615760226,134.444575825967,0.611568908287188
-8.00325926597601,156.322928685404,-4.6668019343837
-7.91108410188494,167.052960616677,-4.55598735571914
-4.63462218477412,169.58107509127,-4.92422824405379
1.840307279832,166.515631839202,-5.20869100038528
6.70182217621491,165.709638672989,-6.18774646738449
7.50852946032651,165.144776151526,-6.01409828971756
7.50852946032651,165.144776151526,-6.01409828971756
5.08131721075394,165.978303061727,-5.86139464505142
1.84739767706977,165.599503697036,-2.88233917805221
-5.44841986612349,168.637413205115,-1.77152459938765
-15.9852473402387,167.168378429694,-0.966117310055375
-27.3713244818922,154.178896412566,-0.382339178052211
-28.1922125604793,143.983837282232,3.56967984228561
-35.5234820898614,104.804721190614,13.6473660606282
-46.1099423446411,65.0332088335438,24.7250522789707
-52.6415949871494,27.2800159175791,33.9554421419794
-47.7588088990532,1.61880581593214,34.6439429389865
-43.6969108895441,-18.4332687032763,36.1169064923252
-39.635012880035,-22.3322388655448,35.6797400913275
-35.5802052677637,-30.7872428551851,35.7425736903299
-37.2007102332246,-33.0407149969349,35.5898700456638
-37.2007102332246,-33.0407149969349,35.5898700456638

Velocities: 31
1,0,0
3,2,0
5,5,0
7,10,5
8,11,9
10,12,12
10,12,12
10,12,0
9,10,0
0,8,8
-5,8,5
1,4,0
-1,-6,0
0,-3,0
0,-1,0
0,0,0
0,2,0
0,3,0
2,6,0
0,6,-2
-4,-3,-5
-8,-9,0
-11,-12,-12
-11,-12,-12
-9,-12,-12
-9,-9,-9
-6,-7,-7
-4,-5,0
-2,-4,-3
-1,0,-1
0,0,0

InverseVelocities: 31
0,0,0
0,0,0
0,0,0
0,0,0
0,0,0
0,0,0
0,0,0
0,0,0
0,0,0
0,0,0
0,-5,0
0,-6,0
0,0,0
0,0,0
0,0,0
0,0,0
0,0,0
0,0,0
0,0,0
0,-3,0
0,0,0
0,0,0
4,0,0
0,0,0
0,0,0
0,0,0
0,0,0
0,0,0
0,0,0
0,0,0
0,0,0
