GestureName: tap_back
Duration(ms): 1222
Handedness: right

SpeakerAngles: 6
55
-55
0
0
110
-110

SpeakerElevations: 6
-10
-10
-10
0
30
30

InterpretedPoints: 26
-1.62759536269875,-1.72212130837929,1.34729635533386
5.68949337220784,-12.1008876189503,-0.916221867996835
5.69658376944562,-15.4840848036273,-0.721629157329114
-1.62050496546097,-16.8489625471991,-2.37433280199525
2.4484834412859,-11.2458049088653,-0.742573690329905
6.48201986184389,-13.7954751833411,-0.395277334996044
2.44139304404812,0.888594398178072,-1.5
0.0141807944755499,-5.89935577105978,-1.13175911166535
0.00709039723777516,-1.66107587629776,-1.15270364466614
0,0,0
0,0,0
-0.00709039723777505,0.2686643887376,0.32635182233307
-2.44139304404812,-0.888594398178072,1.5
0,1.98480775301221,-0.17364817766693
-1.6134145682232,3.11453279593945,-0.520944533000791
2.4201218523348,9.6338185764397,-1.21553724366851
0.00709039723777527,4.78756456044659,-1.06283359900237
0.820888078587149,13.2856801498544,-1.08377813200316
1.62050496546097,12.9894820171283,-0.583778132003164
-0.799616886873824,14.3543597607001,1.06892551266297
-2.4201218523348,9.6338185764397,-1.21553724366851
-1.6134145682232,8.21387334489112,-1.21553724366851
-0.813797681349374,1.96325195312847,-0.194592710667721
-1.62050496546097,1.39838943166485,-0.0209445330007911
-0.806707284111599,-0.0275337439884242,0.826351822333069
0,0,0

StrokePoints: 27
0,0,0
-1.62759536269875,-1.72212130837929,1.34729635533386
4.06189800950909,-13.8230089273296,0.431074487337025
9.75848177895471,-29.3070937309569,-0.290554669992089
8.13797681349374,-46.1560562781559,-2.66488747198734
10.5864602547796,-57.4018611870212,-3.40746116231725
17.0684801166235,-71.1973363703624,-3.80273849731329
19.5098731606716,-70.3087419721843,-5.30273849731329
19.5240539551472,-76.2080977432441,-6.43449760897864
19.531144352385,-77.8691736195418,-7.58720125364478
19.531144352385,-77.8691736195418,-7.58720125364478
19.531144352385,-77.8691736195418,-7.58720125364478
19.5240539551472,-77.6005092308042,-7.26084943131171
17.0826609110991,-78.4891036289823,-5.76084943131171
17.0826609110991,-76.5042958759701,-5.93449760897864
15.4692463428759,-73.3897630800306,-6.45544214197943
17.8893681952107,-63.7559445035909,-7.67097938564794
17.8964585924485,-58.9683799431443,-8.73381298465032
18.7173466710356,-45.68269979329,-9.81759111665348
20.3378516364966,-32.6932177761617,-10.4013692486566
19.5382347496227,-18.3388580154616,-9.33244373599367
17.118112897288,-8.70503943902188,-10.5479809796622
15.5046983290648,-0.491166094130762,-11.7635182233307
14.6909006477154,1.47208585899771,-11.9581109339984
13.0703956822544,2.87047529066255,-11.9790554669992
12.2636883981428,2.84294154667413,-11.1527036446661
12.2636883981428,2.84294154667413,-11.1527036446661

Velocities: 26
-1,-1,0
-3,-4,-5
-5,-5,-6
-6,-5,-7
-5,-4,-4
-3,-7,-5
0,0,0
-2,0,-3
-1,0,-1
0,0,0
0,0,0
1,0,0
0,0,0
0,0,1
0,2,1
3,0,4
4,5,0
3,4,5
4,3,5
3,5,6
0,3,4
1,3,3
2,2,0
1,2,0
0,1,0
0,0,0

InverseVelocities: 26
0,0,0
0,0,0
0,0,0
0,0,0
0,0,0
0,0,0
0,0,0
0,0,0
0,0,0
0,0,0
0,0,0
0,0,0
0,0,0
0,0,0
0,0,0
0,0,0
0,0,0
0,0,0
0,0,0
0,0,0
0,0,0
0,0,0
0,0,0
0,0,0
0,0,0
0,0,0
