GestureName: tap_up
Duration(ms): 1316
Handedness: right

SpeakerAngles: 6
55
-55
0
0
110
-110

SpeakerElevations: 6
-10
-10
-10
0
30
30

InterpretedPoints: 28
-0.813797681349374,-0.296198132726024,0.5
-4.06898840674687,0.296198132726024,-0.5
-4.08316920122242,-2.61071570655737,2.84729635533386
-2.45557383852367,-28.6447472287909,5.66755626400633
-7.33126952938214,-39.179116091618,10.0776862183426
-12.2069652202406,-16.2224837096612,8.66755626400633
-12.2069652202406,-40.0401767458077,10.7513343960095
8.95177449484311,-34.1162140912872,0.751334396009493
5.69658376944562,-30.2016660732396,2.05674168534177
8.93050330312979,-6.10335276014616,-1.39527733499604
4.07607880398464,-7.27618940284088,-1.08987004566377
2.42721224957257,-9.04740025509234,1.06283359900237
-0.806707284111599,-2.54967027447583,0.347296355333861
0,0,0
-0.00709039723777516,-0.323731876714448,1.32635182233307
-2.4484834412859,10.3907221987803,0.568925512662975
-3.23391953368417,18.9007936763975,-1.14661173100554
-8.13088641625596,9.14126226822503,2.5060919136606
-2.44139304404812,31.154232764027,4.24866560399051
-4.88278608809624,8.81753039151058,3.83244373599367
-4.06898840674687,9.70612478968865,2.33244373599367
0,12.3719079842229,-2.16755626400633
7.33835992661991,24.7421550989527,-8.66755626400633
12.2211460147162,17.9087373534124,-4.93107448733702
5.69658376944562,10.2872602739733,-4.71553724366851
0.813797681349374,2.28100588573823,-0.67364817766693
0.813797681349374,0.296198132726024,-0.5
0,0,0

StrokePoints: 29
0,0,0
-0.813797681349374,-0.296198132726024,0.5
-4.88278608809624,5.55111512312578E-17,5.55111512312578E-17
-8.96595528931866,-2.61071570655737,2.84729635533386
-11.4215291278423,-31.2554629353482,8.51485261934019
-18.7527986572245,-70.4345790269663,18.5925388376827
-30.9597638774651,-86.6570627366275,27.2600951016891
-43.1667290977057,-126.697239482435,38.0114294976986
-34.2149546028626,-160.813453573722,38.7627638937081
-28.518370833417,-191.015119646962,40.8195055790498
-19.5878675302872,-197.118472407108,39.4242282440538
-15.5117887263025,-204.394661809949,38.33435819839
-13.08457647673,-213.442062065041,39.3971917973924
-13.8912837608416,-215.991732339517,39.7444881527262
-13.8912837608416,-215.991732339517,39.7444881527262
-13.8983741580793,-216.315464216232,41.0708399750593
-16.3468575993652,-205.924742017451,41.6397654877223
-19.5807771330494,-187.023948341054,40.4931537567168
-27.7116635493054,-177.882686072829,42.9992456703774
-30.1530565933535,-146.728453308802,47.2479112743679
-35.0358426814497,-137.910922917291,51.0803550103615
-39.1048310881966,-128.204798127603,53.4127987463552
-39.1048310881966,-115.83289014338,51.2452424823489
-31.7664711615767,-91.090735044427,42.5776862183425
-19.5453251468605,-73.1819976910146,37.6466117310055
-13.8487413774149,-62.8947374170413,32.931074487337
-13.0349436960655,-60.6137315313031,32.2574263096701
-12.2211460147162,-60.3175333985771,31.7574263096701
-12.2211460147162,-60.3175333985771,31.7574263096701

Velocities: 28
0,0,0
0,0,0
0,-2,0
-6,-8,-10
-11,-12,-12
-12,-12,0
-12,-12,-12
-12,-12,-12
-11,-11,-10
-6,-9,0
-5,-4,-2
-2,-4,-3
-1,0,-1
0,0,0
1,0,0
6,5,3
6,9,6
11,12,0
12,12,12
12,12,0
12,12,0
12,12,0
8,10,6
3,5,6
2,2,3
0,0,1
0,0,0
0,0,0

InverseVelocities: 28
0,0,0
0,0,0
0,0,0
0,0,0
0,0,0
0,0,0
0,0,0
0,0,0
0,0,0
0,0,0
0,0,0
0,0,0
0,0,0
0,0,0
0,0,0
0,0,0
0,0,0
0,0,0
0,0,0
0,0,0
0,0,0
0,0,0
0,0,0
0,-2,0
0,0,0
0,0,0
0,0,0
0,0,0
