GestureName: tap_left
Duration(ms): 1410
Handedness: right

SpeakerAngles: 6
55
-55
0
0
110
-110

SpeakerElevations: 6
-10
-10
-10
0
30
30

InterpretedPoints: 30
-0.806707284111599,0.564862521463623,-0.17364817766693
1.62050496546097,2.52811447459209,-0.368240888334652
7.31708873490659,5.62109147064781,-0.910129954336234
9.77266257343026,4.73249707246974,0.589870045663766
19.4886019689583,2.20438259787765,0.958110933998417
22.7154311054047,3.87143641828009,1.2635182233307
25.1355529577395,16.345145457817,0.0479809796621837
27.5414940155988,1.0746575549504,1.30540728933228
28.3482012997104,-7.64901082342749,1.04188906600158
26.7489675259627,-13.8230089273296,0.431074487337026
16.226320846323,-15.7311933924812,-1.02703644666139
13.7991085967505,-10.1280357541474,0.604722665003955
3.2551907253975,-2.52213653048741,-0.479055466999209
0.806707284111599,-0.564862521463623,0.17364817766693
0,0,0
-0.813797681349374,3.94805970614068,-0.368240888334652
-4.04771721503354,9.64577446464908,-2.91012995433623
-8.91632250865424,13.8780764153064,-2.08377813200316
-17.054299322148,16.0273915252072,0.527036446661393
-17.8751874007351,10.6928982756111,-0.778370842670886
-30.7966847409963,-1.7221213083793,1.34729635533386
-30.8179559327096,-5.37996082589864,2.06283359900237
-28.3978340803748,-7.07454839028951,2.58377813200316
-25.1568241494528,-8.7966696986688,3.93107448733702
-26.770238717676,-7.66694465574155,3.58377813200316
-14.5916350863865,-7.48088149896923,6.38918542133544
-8.12379601901819,-5.11129643716104,2.38918542133544
0.00709039723777527,-6.49772998061651,0.715537243668512
-0.806707284111599,-0.564862521463623,0.17364817766693
0,0,0

StrokePoints: 31
0,0,0
-0.806707284111599,0.564862521463623,-0.17364817766693
0.813797681349374,3.09297699605572,-0.541889066001582
8.13088641625596,8.71406846670353,-1.45201902033782
17.9035489896862,13.4465655391733,-0.86214897467405
37.3921509586446,15.6509481370509,0.0959619593243672
60.1075820640493,19.522384555331,1.35948018265506
85.2431350217888,35.867530013148,1.40746116231725
112.784629037388,36.9421875680984,2.71286845164953
141.132830337098,29.2931767446709,3.75475751765111
167.881797863061,15.4701678173413,4.18583200498813
184.108118709384,-0.261025575139861,3.15879555832674
197.907227306134,-10.3890613292873,3.76351822333069
201.162418031532,-12.9111978597747,3.28446275633149
201.969125315643,-13.4760603812383,3.45811093399842
201.969125315643,-13.4760603812383,3.45811093399842
201.155327634294,-9.52800067509764,3.08987004566376
197.10761041926,0.117773789551435,0.179740091327531
188.191287910606,13.9958502048578,-1.90403804067563
171.136988588458,30.023241730065,-1.37700159401424
153.261801187723,40.7161400056761,-2.15537243668513
122.465116446727,38.9940186972968,-0.808076081351265
91.6471605140171,33.6140578713982,1.25475751765111
63.2493264336423,26.5395094811087,3.83853564965427
38.0925022841895,17.7428397824399,7.7696101369913
11.3222635665135,10.0758951266983,11.3533882689945
-3.26937151987308,2.59501362772908,17.7425736903299
-11.3931675388913,-2.51628280943196,20.1317591116653
-11.3860771416535,-9.01401279004847,20.8472963553339
-12.1927844257651,-9.57887531151209,21.0209445330008
-12.1927844257651,-9.57887531151209,21.0209445330008

Velocities: 30
0,1,0
3,2,0
6,5,0
5,6,0
6,0,0
10,0,0
12,-1,6
11,-7,0
8,-11,-3
3,-12,-5
-4,-11,-5
-4,-9,-2
-1,-1,-1
0,-1,0
0,0,0
2,2,1
3,6,2
1,6,5
5,10,5
5,9,2
-10,8,0
-12,3,0
-12,0,0
-12,-2,0
-12,0,0
-8,0,0
-5,-3,0
-3,-2,-2
-1,0,0
0,0,0

InverseVelocities: 30
0,0,0
0,0,0
0,0,0
0,0,0
0,0,0
0,0,0
0,0,0
0,0,0
0,0,0
-5,0,0
0,1,0
0,0,0
0,0,0
0,0,0
0,0,0
0,0,0
0,0,0
0,0,0
-2,-2,0
-5,0,0
0,0,0
0,-1,0
0,0,0
0,0,0
0,0,0
0,0,0
0,0,0
0,0,0
0,0,0
0,0,0
