GestureName: tap_up
Duration(ms): 1457
Handedness: right

SpeakerAngles: 6
55
-55
0
0
110
-110

SpeakerElevations: 6
-10
-10
-10
0
30
30

InterpretedPoints: 31
0,-0.592396265452048,1
-2.43430264681035,1.04712381096197,2.13175911166535
-3.26228112263527,-2.63824945054579,3.67364817766693
0.749984106209398,-27.509044241759,4.47296355333861
-1.64886655441207,-36.5684003850607,7.2303898630087
-9.76557217619249,-16.5186818423872,9.16755626400633
-12.2069652202406,-16.2224837096612,8.66755626400633
2.44139304404812,-36.4857991530954,4.75133439600949
6.51038145079499,-33.2276196931091,-0.748665603990507
3.24100993092195,-10.7048541638204,2.47296355333861
7.30999833766881,-6.96441341433581,-0.721629157329114
0.799616886873823,-4.11256706302927,-2.41622186799684
-1.62050496546097,0.378799364691297,-2.97905546699921
0,0,0
0,0,0
0,0,0
-1.63468575993652,1.93571820914005,0.631759111665348
1.59214337650987,1.93571820914005,0.631759111665348
-8.93050330312979,7.77040658054861,1.70068462432832
4.09025959846019,28.955828110254,2.44325831465823
0.827978475824923,6.20681468495322,6.67974009132753
0.0141807944755499,25.7586940823493,5.44325831465823
-9.75139138171693,8.87259787948743,2.17974009132753
-2.42721224957257,11.5383810740216,-2.32025990867247
-3.23391953368417,10.973518552558,-2.14661173100554
2.476845030237,22.7513694018358,-7.64661173100554
7.35963111833324,13.3407476378312,-2.7364817766693
-1.60632417098542,7.94520895615352,-1.54188906600158
8.10961522454264,2.24749419764512,1
2.43430264681035,2.01234149700063,-1
0,0,0

StrokePoints: 32
0,0,0
0,-0.592396265452048,1
-2.43430264681035,0.454727545509927,3.13175911166535
-5.69658376944562,-2.18352190503586,6.80540728933228
-4.94659966323622,-29.6925661467948,11.2783708426709
-6.59546621764829,-66.2609665318555,18.5087607056796
-16.3610383938408,-82.7796483742427,27.6763169696859
-28.5680036140814,-99.0021320839038,36.3438732336922
-26.1266105700333,-135.487931236999,41.0952076297017
-19.6162291192383,-168.715550930108,40.3465420257112
-16.3752191883163,-179.420405093929,42.8195055790498
-9.06522085064752,-186.384818508265,42.0978764217207
-8.26560396377369,-190.497385571294,39.6816545537239
-9.88610892923467,-190.118586206603,36.7025990867247
-9.88610892923467,-190.118586206603,36.7025990867247
-9.88610892923467,-190.118586206603,36.7025990867247
-9.88610892923467,-190.118586206603,36.7025990867247
-11.5207946891712,-188.182867997462,37.33435819839
-9.92865131266132,-186.247149788322,37.9661173100554
-18.8591546157911,-178.476743207774,39.6668019343837
-14.7688950173309,-149.52091509752,42.1100602490419
-13.940916541506,-143.314100412567,48.7898003403695
-13.9267357470304,-117.555406330217,54.2330586550277
-23.6781271287474,-108.68280845073,56.4127987463552
-26.1053393783199,-97.1444273767083,54.0925388376828
-29.3392589120041,-86.1709088241502,51.9459271066772
-26.8624138817671,-63.4195394223144,44.2993153756717
-19.5027827634339,-50.0787917844832,41.5628335990024
-21.1091069344193,-42.1335828283297,40.0209445330008
-12.9994917098767,-39.8860886306846,41.0209445330008
-10.5651890630663,-37.873747133684,40.0209445330008
-10.5651890630663,-37.873747133684,40.0209445330008

Velocities: 31
0,0,0
2,3,0
0,-1,0
0,-9,-11
-9,-12,-12
-12,-12,0
-12,-12,0
-12,-12,-12
-12,-12,-12
-9,-11,0
-7,-9,0
-5,-7,0
-2,-1,0
0,0,0
0,0,0
0,0,0
3,2,0
5,0,0
8,11,0
9,12,11
10,12,0
10,12,10
10,12,0
10,12,0
9,12,0
5,10,6
0,5,5
0,3,3
1,-3,2
0,-1,1
0,0,0

InverseVelocities: 31
0,0,0
0,0,0
0,0,0
0,0,0
0,0,0
0,0,0
0,0,0
0,0,0
0,0,0
0,0,0
0,0,0
0,0,0
0,0,0
0,0,0
0,0,0
0,0,0
0,0,0
0,0,0
0,0,0
0,0,0
0,0,0
0,0,0
0,0,0
0,0,0
0,0,0
0,0,0
0,0,0
0,0,0
0,0,0
0,0,0
0,0,0
