GestureName: tap_back
Duration(ms): 1222
Handedness: right

SpeakerAngles: 6
55
-55
0
0
110
-110

SpeakerElevations: 6
-10
-10
-10
0
30
30

InterpretedPoints: 26
-0.813797681349374,-0.296198132726024,0.5
-0.820888078587149,-1.15725878691567,1.17364817766693
1.62759536269875,0.0550674879768486,-1.65270364466614
4.87569569085847,-1.28825445571115,-3.28446275633149
-0.00709039723777483,-3.65783951751934,0.715537243668512
1.60632417098542,-2.52811447459209,0.368240888334652
4.04062681779577,-12.4246194956647,0.410129954336234
0,0,0
2.45557383852367,-14.9467560261521,-0.0689255126629749
0.00709039723777505,-11.3224281967259,0.889185421335443
0,0,0
-0.813797681349374,-0.296198132726024,0.5
0,0,0
-0.813797681349374,-0.296198132726024,0.5
-0.813797681349374,1.68860962028618,0.32635182233307
0.806707284111599,6.51928578050025,-0.694592710667721
-0.0141807944755508,7.82909603609514,2.61081457866456
-0.792526489636049,12.6932838844023,-0.0837781320031644
-0.792526489636048,3.36164138479332,-0.215537243668512
0.820888078587149,4.49136642772056,-0.562833599002373
0.0141807944755501,3.92650390625694,-0.389185421335443
0.00709039723777483,3.65783951751934,-0.715537243668512
0.813797681349374,7.32527894671305,0.284462756331487
-1.62050496546097,0.213596900760751,1.97905546699921
0.820888078587149,-0.0275337439884242,0.82635182233307
0,0,0

StrokePoints: 27
0,0,0
-0.813797681349374,-0.296198132726024,0.5
-1.63468575993652,-1.4534569196417,1.67364817766693
-0.00709039723777538,-1.39838943166485,0.0209445330007914
4.86860529362069,-2.686643887376,-3.2635182233307
4.86151489638292,-6.34448340489534,-2.54798097966218
6.46783906736834,-8.87259787948743,-2.17974009132753
10.5084658851641,-21.2972173751521,-1.7696101369913
10.5084658851641,-21.2972173751521,-1.7696101369913
12.9640397236878,-36.2439734013043,-1.83853564965427
12.9711301209256,-47.5664015980301,-0.94935022831883
12.9711301209256,-47.5664015980301,-0.94935022831883
12.1573324395762,-47.8625997307562,-0.44935022831883
12.1573324395762,-47.8625997307562,-0.44935022831883
11.3435347582268,-48.1587978634822,0.0506497716811697
10.5297370768774,-46.470188243196,0.377001594014239
11.336444360989,-39.9509024626958,-0.317591116653482
11.3222635665135,-32.1218064266006,2.29322346201107
10.5297370768774,-19.4285225421983,2.20944533000791
9.73721058724139,-16.066881157405,1.9939080863394
10.5580986658285,-11.5755147296844,1.43107448733702
10.5722794603041,-7.6490108234275,1.04188906600158
10.5793698575419,-3.99117130590816,0.326351822333069
11.3931675388912,3.33410764080489,0.610814578664557
9.77266257343026,3.54770454156564,2.58987004566377
10.5935506520174,3.52017079757722,3.41622186799684
10.5935506520174,3.52017079757722,3.41622186799684

Velocities: 26
0,0,0
0,-1,0
-1,-1,0
-3,-4,0
-3,-4,0
-1,-4,0
-1,-5,-5
0,0,0
-5,-3,-6
-2,-1,-5
0,0,0
0,0,0
0,0,0
0,0,0
0,0,1
1,0,3
3,1,4
2,5,5
2,5,0
4,5,0
3,5,0
3,4,0
2,2,3
1,2,0
0,1,0
0,0,0

InverseVelocities: 26
0,0,0
0,0,0
0,0,0
0,0,0
0,0,0
0,0,0
0,0,0
0,0,0
0,0,0
0,0,0
0,0,0
0,0,0
0,0,0
0,0,0
0,0,0
0,0,0
0,0,0
0,0,0
0,0,0
0,0,0
0,0,0
0,0,0
0,0,0
0,0,0
0,0,0
0,0,0
