GestureName: tap_down
Duration(ms): 1457
Handedness: right

SpeakerAngles: 6
55
-55
0
0
110
-110

SpeakerElevations: 6
-10
-10
-10
0
30
30

InterpretedPoints: 31
-0.00709039723777516,-0.323731876714448,1.32635182233307
-6.48911025908167,1.343321943688,1.63175911166535
0,0,0
-8.12379601901819,22.5466773057075,-0.167556264006329
-8.93759370036756,27.3498197219331,-0.36214897467405
-5.68949337220784,32.1254283941703,0.269610136991298
-4.86151489638292,32.4216265268963,-0.230389863008702
-5.68949337220784,33.8475497025496,-1.07768621834256
6.53165264250832,31.7987696569281,-8.70944533000791
2.46975463299922,25.5852819208283,-6.79931537567168
1.6417761571743,3.98157139423379,-2.04188906600158
4.06898840674687,0.888594398178072,-1.5
0.813797681349374,0.888594398178072,-1.5
0.799616886873824,-0.833526910201223,-0.152703644666139
0,0,0
0,0,0
-4.86151489638292,0.805993166212799,0.979055466999209
-4.04062681779577,-0.998729374131768,4.80540728933228
-5.66113178325674,2.65911014338757,4.08987004566377
-9.72302979276584,-6.90768505686591,1.95811093399842
3.2268291364464,-2.25945008585449,0.694592710667721
8.86668972798981,-7.07454839028951,2.58377813200316
-4.91114767704734,-38.0769247926792,10.5567416853418
-5.71785496115894,-38.6417873141428,10.7303898630087
-4.09025959846019,-34.0797755426664,9.38309350767484
7.32417913214436,-24.2352869259936,-0.158795558326741
4.06898840674687,-22.3055466609583,1.32025990867247
4.87569569085847,-3.60277202954249,-0.937166400997627
-1.6134145682232,-4.2442578388667,0.868240888334652
-0.806707284111599,-0.564862521463623,0.17364817766693
0,0,0

StrokePoints: 32
0,0,0
-0.00709039723777516,-0.323731876714448,1.32635182233307
-6.49620065631944,1.01959006697355,2.95811093399842
-6.49620065631944,1.01959006697355,2.95811093399842
-14.6199966753376,23.566267372681,2.79055466999209
-23.5575903757052,50.9160870946141,2.42840569531804
-29.247083747913,83.0415154887844,2.69801583230934
-34.1085986442959,115.463142015681,2.46762596930063
-39.7980920165038,149.31069171823,1.38993975095807
-33.2664393739955,181.109461375158,-7.31950557904984
-30.7966847409962,206.694743295987,-14.1188209547215
-29.1549085838219,210.67631469022,-16.1607100207231
-25.0859201770751,211.564909088399,-17.6607100207231
-24.2721224957257,212.453503486577,-19.1607100207231
-23.4725056088519,211.619976576375,-19.3134136653892
-23.4725056088519,211.619976576375,-19.3134136653892
-23.4725056088519,211.619976576375,-19.3134136653892
-28.3340205052348,212.425969742588,-18.33435819839
-32.3746473230306,211.427240368456,-13.5289509090577
-38.0357791062873,214.086350511844,-9.43908086339398
-47.7588088990531,207.178665454978,-7.48096992939556
-44.5319797626067,204.919215369124,-6.78637721872784
-35.6652900346169,197.844666978834,-4.20259908672468
-40.5764377116643,159.767742186155,6.35414259861709
-46.2942926728232,121.125954872012,17.0845324616258
-50.3845522712834,87.0461793293457,26.4676259693006
-43.0603731391391,62.8108924033521,26.3088304109739
-38.9913847323922,40.5053457423938,27.6290903196464
-34.1156890415337,36.9025737128513,26.6919239186487
-35.7291036097569,32.6583158739846,27.5601648069834
-36.5358108938685,32.093453352521,27.7338129846503
-36.5358108938685,32.093453352521,27.7338129846503

Velocities: 31
1,0,0
1,4,0
0,0,0
7,9,8
8,10,10
10,11,12
9,12,12
11,12,12
9,12,9
3,7,9
2,4,0
0,0,0
0,0,0
0,-2,0
0,0,0
0,0,0
0,3,0
0,4,0
3,8,0
3,9,-6
0,-4,0
0,-12,0
-8,-12,-12
-9,-12,-12
-9,-12,-10
-8,-8,-9
-7,-7,-8
-4,-5,0
-3,-1,-1
-1,0,0
0,0,0

InverseVelocities: 31
0,0,0
0,0,0
0,0,0
0,0,0
0,0,0
0,0,0
0,0,0
0,0,0
0,-1,0
0,0,0
0,0,0
0,0,0
0,0,0
0,0,0
0,0,0
0,0,0
0,0,0
0,0,0
-2,0,0
-5,-5,0
0,0,0
0,0,0
0,0,0
0,0,0
0,0,0
0,0,0
0,0,0
0,0,0
0,0,0
0,0,0
0,0,0
