GestureName: tap_front
Duration(ms): 1128
Handedness: right

SpeakerAngles: 6
55
-55
0
0
110
-110

SpeakerElevations: 6
-10
-10
-10
0
30
30

InterpretedPoints: 24
0.806707284111599,1.95727400902378,0.652703644666139
-1.62050496546097,1.39838943166485,-0.0209445330007911
-0.806707284111599,1.69458756439087,-0.520944533000791
2.43430264681035,3.03193156397418,1.95811093399842
1.62050496546097,0.2686643887376,0.32635182233307
-1.62050496546097,13.5148549063942,1.7635182233307
-4.06189800950909,2.12178136591237,3.43716640099763
-2.43430264681035,2.76924511934127,0.784462756331487
-8.95177449484311,-0.998729374131769,4.80540728933228
-0.806707284111599,-0.0826012319652729,2.47905546699921
-2.43430264681035,-0.0275337439884242,0.82635182233307
0,0,0
0.813797681349374,-0.296198132726024,0.5
0,-0.592396265452048,1
0,-3.98157139423379,2.04188906600158
1.64886655441207,-1.39838943166485,0.0209445330007911
3.24100993092194,-14.1802524921371,3.43107448733702
-4.85442449914514,-2.25945008585449,0.694592710667721
-1.62759536269875,-18.4125544427944,2.60472266500395
-2.41303145509702,-14.6721136933098,-0.589870045663766
-1.62050496546097,0.323731876714448,-1.32635182233307
0,0,0
0,-3.96961550602442,0.347296355333861
0,0,0

StrokePoints: 25
0,0,0
0.806707284111599,1.95727400902378,0.652703644666139
-0.813797681349374,3.35566344068863,0.631759111665348
-1.62050496546097,5.0502510050795,0.110814578664557
0.813797681349373,8.08218256905368,2.06892551266297
2.43430264681035,8.35084695779128,2.39527733499604
0.813797681349373,21.8657018641854,4.15879555832674
-3.24810032815972,23.9874832300978,7.59596195932437
-5.68240297497007,26.7567283494391,8.38042471565585
-14.6341774698132,25.7579989753073,13.1858320049881
-15.4408847539248,25.675397743342,15.6648874719873
-17.8751874007351,25.6478639993536,16.4912392943204
-17.8751874007351,25.6478639993536,16.4912392943204
-17.0613897193857,25.3516658666276,16.9912392943204
-17.0613897193857,24.7592696011755,17.9912392943204
-17.0613897193857,20.7776982069418,20.033128360322
-15.4125231649737,19.3793087752769,20.0540728933228
-12.1715132340517,5.19905628313979,23.4851473806598
-17.0259377331969,2.9396061972853,24.1797400913275
-18.6535330958956,-15.4729482455091,26.7844627563315
-21.0665645509926,-30.145061938819,26.1945927106677
-22.6870695164536,-29.8213300621045,24.8682408883346
-22.6870695164536,-29.8213300621045,24.8682408883346
-22.6870695164536,-33.7909455681289,25.2155372436685
-22.6870695164536,-33.7909455681289,25.2155372436685

Velocities: 24
1,0,1
1,2,0
1,2,0
3,2,1
1,0,0
1,2,7
4,5,0
3,4,0
2,2,0
1,2,0
0,1,0
0,0,0
0,0,0
0,0,0
-3,-3,0
-3,0,0
-4,-6,-4
-4,0,0
-4,-4,-7
-4,0,-7
-1,0,0
0,0,0
0,0,-2
0,0,0

InverseVelocities: 24
0,0,0
0,0,0
0,0,0
0,0,0
0,0,0
0,0,0
0,0,0
0,0,0
0,0,0
0,0,0
0,0,0
0,0,0
0,0,0
0,0,0
0,0,0
0,0,0
0,0,0
0,0,0
0,0,0
0,0,0
0,0,0
0,0,0
0,0,0
0,0,0
