GestureName: tap_front
Duration(ms): 987
Handedness: right

SpeakerAngles: 6
55
-55
0
0
110
-110

SpeakerElevations: 6
-10
-10
-10
0
30
30

InterpretedPoints: 21
-1.62759536269875,-0.592396265452048,1
-1.63468575993652,-0.323731876714448,1.32635182233307
3.23391953368417,6.16802015979738,1.45811093399842
0.835068873062699,15.7527491923649,1.04798097966218
-0.764164900684948,5.56602398267096,0.742573690329905
-0.778345695160498,5.56602398267096,0.742573690329905
-2.42721224957257,0.723391934247526,3.45811093399842
-4.05480761227132,1.37085568767642,0.805407289332278
-1.6134145682232,-0.647463753428896,2.65270364466614
1.62759536269875,-0.592396265452048,1
0,0,0
0,0,0
-3.2551907253975,-1.1847925309041,2
-7.31708873490659,-4.86418784830717,2.69459271066772
3.24810032815972,-3.06544325206729,-0.284462756331487
-1.62050496546097,-3.01037576409044,-1.93716640099763
-0.00709039723777538,-4.14010080701769,-1.58987004566377
-1.62050496546097,-18.5710838555783,-1.02703644666139
-2.4201218523348,0.0826012319652725,-2.47905546699921
1.62759536269875,1.1847925309041,-2
0,0,0

StrokePoints: 22
0,0,0
-1.62759536269875,-0.592396265452048,1
-3.26228112263527,-0.916128142166496,2.32635182233307
-0.0283615889511002,5.25189201763088,3.78446275633149
0.806707284111599,21.0046412099958,4.83244373599367
0.0425423834266512,26.5706651926668,5.57501742632358
-0.735803311733847,32.1366891753377,6.31759111665348
-3.16301556130642,32.8600811095852,9.7757020506519
-7.21782317357774,34.2309367972617,10.5811093399842
-8.83123774180093,33.5834730438328,13.2338129846503
-7.20364237910219,32.9910767783807,14.2338129846503
-7.20364237910219,32.9910767783807,14.2338129846503
-7.20364237910219,32.9910767783807,14.2338129846503
-10.4588331044997,31.8062842474766,16.2338129846503
-17.7759218394063,26.9420963991695,18.928405695318
-14.5278215112465,23.8766531471022,18.6439429389866
-16.1483264767075,20.8662773830117,16.7067765379889
-16.1554168739453,16.726176575994,15.1169064923252
-17.7759218394063,-1.84490727958432,14.0898700456638
-20.1960436917411,-1.76230604761904,11.6108145786646
-18.5684483290423,-0.577513516714948,9.61081457866456
-18.5684483290423,-0.577513516714948,9.61081457866456

Velocities: 21
0,0,0
1,0,0
3,0,3
4,7,6
3,10,0
4,9,0
2,4,0
1,3,0
0,2,0
0,0,0
0,0,0
0,0,0
0,0,0
-2,-1,-1
-3,-4,0
-5,-4,0
-5,-6,0
-7,-6,-7
-3,0,0
0,0,0
0,0,0

InverseVelocities: 21
0,0,0
0,0,0
0,0,0
0,0,0
0,0,0
0,0,0
0,0,0
0,0,0
0,0,0
0,0,0
0,0,0
0,0,0
0,0,0
0,0,0
0,0,0
0,0,0
0,0,0
0,0,0
0,0,0
0,0,0
0,0,0
