GestureName: tap_front
Duration(ms): 1175
Handedness: right

SpeakerAngles: 6
55
-55
0
0
110
-110

SpeakerElevations: 6
-10
-10
-10
0
30
30

InterpretedPoints: 25
1.62759536269875,-0.592396265452048,1
1.62050496546097,3.64588362930997,0.979055466999209
-2.42721224957257,12.4246194956647,-0.410129954336234
4.05480761227132,0.241130644749175,1.15270364466614
3.24100993092194,0.537328777475199,0.652703644666139
2.43430264681035,-0.0275337439884242,0.82635182233307
2.43430264681035,-0.619930009440472,1.82635182233307
0.813797681349374,1.63354213230934,1.97905546699921
0.00709039723777494,-1.50852440761854,3.32635182233307
-1.62759536269875,-1.77718879635614,3
-0.806707284111599,2.7572892311319,2.47905546699921
0.813797681349374,-0.296198132726024,0.5
0,0,0
0,0,0
0.813797681349374,-1.68860962028618,-0.32635182233307
0.820888078587149,0.619930009440472,-1.82635182233307
4.04062681779577,-8.45500398964029,0.0628335990023731
-5.67531257773229,-8.44902604553561,-0.784462756331487
-1.62759536269875,-13.3012580056334,0.215537243668512
4.06189800950909,-14.0306278839856,-2.39527733499604
0.0283615889511006,-9.49614985649758,-2.91622186799684
-4.86151489638292,-11.0046742641161,0.410129954336234
-2.42721224957257,-0.833526910201223,-0.152703644666139
-0.813797681349374,-5.6582251263106,0.0209445330007911
0,0,0

StrokePoints: 26
0,0,0
1.62759536269875,-0.592396265452048,1
3.24810032815972,3.05348736385792,1.97905546699921
0.820888078587148,15.4781068595226,1.56892551266298
4.87569569085847,15.7192375042718,2.72162915732911
8.11670562178041,16.256566281747,3.37433280199525
10.5510082685908,16.2290325377586,4.20068462432832
12.9853109154011,15.6091025283181,6.02703644666139
13.7991085967505,17.2426446606274,8.0060919136606
13.8061989939883,15.7341202530089,11.3324437359937
12.1786036312895,13.9569314566528,14.3324437359937
11.3718963471779,16.7142206877847,16.8114992029929
12.1856940285273,16.4180225550586,17.3114992029929
12.1856940285273,16.4180225550586,17.3114992029929
12.1856940285273,16.4180225550586,17.3114992029929
12.9994917098767,14.7294129347724,16.9851473806598
13.8203797884638,15.3493429442129,15.1587955583267
17.8610066062596,6.89433895457262,15.2216291573291
12.1856940285273,-1.55468709096298,14.4371664009976
10.5580986658285,-14.8559450965964,14.6527036446661
14.6199966753376,-28.886572980582,12.2574263096701
14.6483582642887,-38.3827228370796,9.34120444167326
9.78684336790581,-49.3873971011957,9.75133439600949
7.35963111833324,-50.2209240113969,9.59863075134335
6.54583343698387,-55.8791491377075,9.61957528434414
6.54583343698387,-55.8791491377075,9.61957528434414

Velocities: 25
0,0,0
1,0,2
2,4,5
2,0,0
2,0,0
1,0,0
1,0,0
1,1,1
0,1,0
0,0,0
0,1,2
0,0,0
0,0,0
0,0,0
0,0,-1
-1,0,0
-1,-5,-3
-3,0,-4
0,0,-7
-4,-5,-6
-6,-2,-4
-5,-2,-4
-2,0,0
0,0,-3
0,0,0

InverseVelocities: 25
0,0,0
0,0,0
0,0,0
0,0,0
0,0,0
0,0,0
0,0,0
0,0,0
0,0,0
0,0,0
0,0,0
0,0,0
0,0,0
0,0,0
0,0,0
0,0,0
0,0,0
0,0,0
0,0,0
0,0,0
0,0,0
0,0,0
0,0,0
0,0,0
0,0,0
