GestureName: tap_up
Duration(ms): 1316
Handedness: right

SpeakerAngles: 6
55
-55
0
0
110
-110

SpeakerElevations: 6
-10
-10
-10
0
30
30

InterpretedPoints: 28
-0.820888078587149,-0.0275337439884242,0.82635182233307
-6.53165264250832,1.39838943166485,-0.0209445330007911
-2.48393542747477,-20.9562467731656,2.10472266500395
-5.67531257773229,-30.3608905930655,6.16755626400633
-9.75848177895471,-15.6576211881976,8.4939080863394
-11.400257936129,-15.6576211881976,8.4939080863394
-9.77266257343026,-38.882917958892,9.57768621834256
6.51038145079499,-31.2428119400969,-0.922313781657437
8.13088641625597,-31.0292150393362,1.05674168534177
-4.88987648533402,-26.7849572004695,0.18850079700712
-3.2551907253975,-3.87143641828009,-1.2635182233307
-0.806707284111599,-6.51928578050025,0.694592710667721
0,0,0
-0.00709039723777505,0.2686643887376,0.32635182233307
-0.813797681349374,1.96325195312847,-0.194592710667721
-2.42721224957257,0.833526910201223,0.152703644666139
-6.50329105355721,7.41914095984574,3.85338826899446
-1.62759536269875,8.22513412605854,4.83244373599367
-6.51038145079499,32.6352234276571,1.74866560399051
-6.51038145079499,32.6352234276571,1.74866560399051
-5.69658376944562,10.2985210551407,1.33244373599367
-2.42721224957257,12.1307773394737,-3.32025990867247
10.543917871353,18.4951556747597,-5.08377813200316
-1.6134145682232,1.12972504292725,-0.347296355333861
-2.43430264681035,-1.21232627489252,2.82635182233307
0.799616886873824,-1.42592317565327,0.847296355333861
-0.00709039723777505,-0.861060654189647,0.67364817766693
0,0,0

StrokePoints: 29
0,0,0
-0.820888078587149,-0.0275337439884242,0.82635182233307
-7.35254072109547,1.37085568767642,0.805407289332278
-9.83647614857024,-19.5853910854892,2.91012995433623
-15.5117887263025,-49.9462816785547,9.07768621834256
-25.2702705052572,-65.6039028667522,17.571594304682
-36.6705284413863,-81.2615240549498,26.0655023910214
-46.4431910148165,-120.144442013842,35.6431886093639
-39.9328095640215,-151.387253953939,34.7208748277065
-31.8019231477656,-182.416468993275,35.7776165130483
-36.6917996330996,-209.201426193744,35.9661173100554
-39.9469903584971,-213.072862612024,34.7025990867247
-40.7536976426087,-219.592148392525,35.3971917973924
-40.7536976426087,-219.592148392525,35.3971917973924
-40.7607880398464,-219.323484003787,35.7235436197255
-41.5745857211958,-217.360232050659,35.5289509090577
-44.0017979707684,-216.526705140457,35.6816545537239
-50.5050890243256,-209.107564180612,39.5350428227183
-52.1326843870243,-200.882430054553,44.367486558712
-58.6430658378193,-168.247206626896,46.1161521627025
-65.1534472886143,-135.611983199239,47.864817766693
-70.85003105806,-125.313462144098,49.1972615026867
-73.2772433076325,-113.182684804625,45.8770015940142
-62.7333254362796,-94.6875291298648,40.7932234620111
-64.3467400045027,-93.5578040869376,40.4459271066772
-66.7810426513131,-94.7701303618301,43.2722789290103
-65.9814257644393,-96.1960535374834,44.1195752843441
-65.9885161616771,-97.057114191673,44.7932234620111
-65.9885161616771,-97.057114191673,44.7932234620111

Velocities: 28
1,0,0
3,0,0
0,-6,-9
-8,-5,-11
-12,-11,0
-11,-12,0
-11,-12,-12
-12,-12,-11
-10,-11,-11
-8,-9,-10
-5,-5,0
-1,0,-3
0,0,0
1,0,0
2,2,0
0,2,0
10,11,0
12,12,0
12,12,12
12,12,12
12,12,0
10,12,0
5,0,7
0,2,0
0,1,0
0,-2,0
0,-1,0
0,0,0

InverseVelocities: 28
0,0,0
0,0,0
0,0,0
4,0,0
0,0,0
0,0,0
0,0,0
0,0,0
0,0,0
0,0,0
0,0,0
0,0,0
0,0,0
0,0,0
0,0,0
0,0,0
-6,0,0
0,0,0
0,0,0
0,0,0
0,0,0
0,0,0
0,0,0
0,0,0
0,0,0
0,0,0
0,0,0
0,0,0
