GestureName: tap_back
Duration(ms): 1222
Handedness: right

SpeakerAngles: 6
55
-55
0
0
110
-110

SpeakerElevations: 6
-10
-10
-10
0
30
30

InterpretedPoints: 26
0,-1.12972504292725,0.347296355333861
-0.806707284111599,-0.564862521463623,0.17364817766693
4.87569569085847,-2.4179794986384,-2.93716640099763
0.806707284111599,-2.76924511934127,-0.784462756331487
2.42721224957257,-14.4094272486769,0.583778132003164
6.47492946460611,-11.8597569742011,0.236481776669303
4.03353642055799,-14.7331591253914,1.91012995433623
0,0,0
2.44139304404812,0.888594398178072,-1.5
0.813797681349374,0.296198132726024,-0.5
-0.813797681349374,-0.296198132726024,0.5
-0.813797681349374,-0.296198132726024,0.5
-1.62759536269875,1.39241148756016,0.82635182233307
0,2.78482297512032,1.65270364466614
-0.00709039723777494,5.03829511687013,1.80540728933228
0.806707284111599,8.50409353351246,-0.868240888334652
0.806707284111599,8.50409353351246,-0.868240888334652
-0.792526489636049,2.23191634186607,0.131759111665348
-1.59923377374765,2.79677886332969,-0.0418890660015822
-0.806707284111599,13.8230089273296,-0.431074487337025
-2.44139304404812,10.3847442546757,1.41622186799684
-2.44139304404812,1.90818446515162,1.45811093399842
-8.12379601901819,1.01959006697355,2.95811093399842
-4.05480761227132,1.37085568767642,0.805407289332278
-0.813797681349374,-0.296198132726024,0.5
0,0,0

StrokePoints: 27
0,0,0
0,-1.12972504292725,0.347296355333861
-0.806707284111599,-1.69458756439087,0.520944533000791
4.06898840674687,-4.11256706302927,-2.41622186799684
4.87569569085847,-6.88181218237054,-3.20068462432832
7.30290794043104,-21.2912394310475,-2.61690649232516
13.7778374050372,-33.1509964052485,-2.38042471565586
17.8113738255951,-47.8841555306399,-0.470294761319622
17.8113738255951,-47.8841555306399,-0.470294761319622
20.2527668696433,-46.9955611324618,-1.97029476131962
21.0665645509926,-46.6993629997358,-2.47029476131962
20.2527668696433,-46.9955611324618,-1.97029476131962
19.4389691882939,-47.2917592651879,-1.47029476131962
17.8113738255951,-45.8993477776277,-0.643942938986552
17.8113738255951,-43.1145248025074,1.00876070567959
17.8042834283574,-38.0762296856372,2.81416799501187
18.610990712469,-29.5721361521248,1.94592710667721
19.4176979965806,-21.0680426186123,1.07768621834256
18.6251715069445,-18.8361262767463,1.20944533000791
17.0259377331969,-16.0393474134166,1.16755626400633
16.2192304490853,-2.21633848608701,0.736481776669303
13.7778374050371,8.16840576858864,2.15270364466614
11.336444360989,10.0765902337403,3.61081457866456
3.21264834197084,11.0961803007138,6.56892551266297
-0.842159270300479,12.4670359883902,7.37433280199525
-1.65595695164985,12.1708378556642,7.87433280199525
-1.65595695164985,12.1708378556642,7.87433280199525

Velocities: 26
-1,-1,0
-1,0,0
-4,-5,0
-3,-4,0
-2,-4,-6
0,-5,-5
0,-5,-6
0,0,0
0,0,0
0,0,0
0,0,0
0,0,0
0,0,1
0,0,2
1,0,3
1,0,4
1,0,4
1,4,0
1,5,0
4,5,5
4,4,4
3,3,0
2,4,0
1,3,0
0,0,0
0,0,0

InverseVelocities: 26
0,0,0
0,0,0
0,0,0
0,0,0
0,0,0
0,0,0
0,0,0
0,0,0
0,0,0
0,0,0
0,0,0
0,0,0
0,0,0
0,0,0
0,0,0
0,0,0
0,0,0
0,0,0
0,0,0
0,0,0
0,0,0
0,0,0
0,0,0
0,0,0
0,0,0
0,0,0
