GestureName: tap_front
Duration(ms): 1504
Handedness: right

SpeakerAngles: 6
55
-55
0
0
110
-110

SpeakerElevations: 6
-10
-10
-10
0
30
30

InterpretedPoints: 32
6.45365827289279,-4.51890017170899,1.38918542133544
0,0,0
0,0,0
0,0,0
-1.62050496546097,0.2686643887376,0.32635182233307
0,0,0
-2.44139304404812,-0.888594398178072,1.5
-2.44139304404812,-0.888594398178072,1.5
-3.21264834197084,1.6119863324256,1.95811093399842
-2.40594105785925,5.60913558243844,0.784462756331487
-1.6134145682232,2.1493151099008,2.61081457866456
-2.4201218523348,2.71417763136442,2.43716640099763
-3.2551907253975,2.20438259787765,0.958110933998418
-8.94468409760534,0.992056322985126,3.78446275633149
-10.5580986658285,2.12178136591237,3.43716640099763
-1.62050496546097,0.2686643887376,0.32635182233307
0,0,0
0,0,0
0.813797681349374,-0.296198132726024,0.5
3.24100993092194,-2.52213653048741,-0.479055466999209
-1.63468575993652,-0.2686643887376,-0.32635182233307
2.4201218523348,-3.41670887277017,1.86824088833465
0.792526489636049,-6.79392811334253,1.21553724366851
1.6417761571743,-1.01959006697355,-2.95811093399842
-1.62759536269875,-1.66705382040245,-0.305407289332279
0.820888078587149,0.0826012319652729,-2.47905546699921
1.65595695164985,-1.6119863324256,-1.95811093399842
0,-9.33164249960899,-0.131759111665348
5.68240297497007,-9.57277314435817,-1.28446275633149
0.813797681349374,-2.4886248423943,-2.15270364466614
-1.62759536269875,0.592396265452048,-1
0,0,0

StrokePoints: 33
0,0,0
6.45365827289279,-4.51890017170899,1.38918542133544
6.45365827289279,-4.51890017170899,1.38918542133544
6.45365827289279,-4.51890017170899,1.38918542133544
6.45365827289279,-4.51890017170899,1.38918542133544
4.83315330743182,-4.25023578297139,1.71553724366851
4.83315330743182,-4.25023578297139,1.71553724366851
2.3917602633837,-5.13883018114946,3.21553724366851
-0.0496327806644246,-6.02742457932753,4.71553724366851
-3.26228112263527,-4.41543824690193,6.67364817766693
-5.66822218049452,1.19369733553651,7.45811093399842
-7.28163674871771,3.3430124454373,10.068925512663
-9.70175860105251,6.05719007680173,12.5060919136606
-12.95694932645,8.26157267467937,13.464202847659
-21.9016334240553,9.2536289976645,17.2486656039905
-32.4597320898839,11.3754103635769,20.6858320049881
-34.0802370553448,11.6440747523145,21.0121838273212
-34.0802370553448,11.6440747523145,21.0121838273212
-34.0802370553448,11.6440747523145,21.0121838273212
-33.2664393739955,11.3478766195884,21.5121838273212
-30.0254294430735,8.82574008910104,21.033128360322
-31.6601152030101,8.55707570036344,20.7067765379889
-29.2399933506753,5.14036682759328,22.5750174263236
-28.4474668610392,-1.65356128574926,23.7905546699921
-26.8056907038649,-2.67315135272281,20.8324437359937
-28.4332860665637,-4.34020517312525,20.5270364466614
-27.6123979879765,-4.25760394115998,18.0479809796622
-25.9564410363267,-5.86959027358558,16.0898700456638
-25.9564410363267,-15.2012327731946,15.9581109339984
-20.2740380613566,-24.7740059175527,14.6736481776669
-19.4602403800072,-27.262630759947,12.5209445330008
-21.087835742706,-26.670234494495,11.5209445330008
-21.087835742706,-26.670234494495,11.5209445330008

Velocities: 32
0,-8,0
0,0,0
0,0,0
0,0,0
0,1,0
0,0,0
0,0,0
0,0,0
0,6,0
0,5,2
3,5,0
3,6,0
3,3,0
3,4,0
3,6,0
0,1,0
0,0,0
0,0,0
0,0,0
0,-2,-1
0,-1,0
-1,-4,0
-1,-4,-2
-4,-2,0
-2,-2,0
-2,-1,0
-5,-1,0
0,0,-5
0,-2,-5
0,0,-2
0,0,0
0,0,0

InverseVelocities: 32
0,0,0
0,0,0
0,0,0
0,0,0
0,0,0
0,0,0
0,0,0
0,0,0
0,0,0
0,0,0
0,0,0
0,0,0
0,0,0
0,0,0
0,0,0
0,0,0
0,0,0
0,0,0
0,0,0
0,0,0
0,0,0
0,0,0
0,0,0
0,0,0
0,0,0
0,0,0
0,0,0
0,0,0
0,0,0
0,0,0
0,0,0
0,0,0
