GestureName: tap_left
Duration(ms): 1457
Handedness: right

SpeakerAngles: 6
55
-55
0
0
110
-110

SpeakerElevations: 6
-10
-10
-10
0
30
30

InterpretedPoints: 31
0.813797681349374,-0.296198132726024,0.5
1.62050496546097,2.52811447459209,-0.368240888334652
12.164422836814,3.09297699605572,-0.541889066001582
18.6677138903712,3.95403765024536,-1.21553724366851
21.9158142185309,4.81509830443501,-1.88918542133544
21.9016334240553,4.76003081645816,-0.236481776669304
25.1355529577395,8.1863396009027,-0.389185421335443
21.0523837565171,-2.04585318509374,2.67364817766693
23.4795960060897,-15.8628841683186,2.2574263096701
36.4719973187285,-17.5730495884885,1.91012995433623
12.9782205181633,-21.6915945956225,0.341204441673259
17.0330281304346,-14.1036292042765,1.79931537567168
-2.4201218523348,-7.92365315626978,1.56283359900237
-2.42721224957257,-2.81833466321343,0.0209445330007911
0,0,0
0,0,0
1.62759536269875,0.537328777475199,0.652703644666139
-4.06189800950909,0.509795033486775,1.47905546699921
-1.62759536269875,9.88092716529357,-0.910129954336234
-9.77266257343026,9.28255295573683,0.937166400997627
-19.4531499827694,19.1634801210304,0.0270364466613922
-20.3023996503077,19.4656561978611,-1.32025990867247
-28.3340205052348,1.74965505236772,-2.17364817766693
-29.9757966624091,-2.23191634186607,-0.131759111665348
-26.770238717676,-22.9530104143872,3.97296355333861
-26.7773291149138,-6.80588400155191,2.91012995433623
-20.2740380613566,-5.94482334736226,2.2364817766693
0,0,0
-4.85442449914514,-2.85184635130654,1.69459271066772
-1.62050496546097,-0.861060654189647,0.67364817766693
0,0,0

StrokePoints: 32
0,0,0
0.813797681349374,-0.296198132726024,0.5
2.43430264681035,2.23191634186607,0.131759111665348
14.5987254836243,5.32489333792179,-0.410129954336234
33.2664393739955,9.27893098816715,-1.62566719800475
55.1822535925264,14.0940292926022,-3.51485261934019
77.0838870165817,18.8540601090603,-3.75133439600949
102.219439974321,27.040399709963,-4.14051981734494
123.271823730838,24.9945465248693,-1.46687163967801
146.751419736928,9.13166235655066,0.790554669992089
183.223417055657,-8.44138723193787,2.70068462432832
196.20163757382,-30.1329818275604,3.04188906600158
213.234665704254,-44.2366110318369,4.84120444167326
210.81454385192,-52.1602641881067,6.40403804067563
208.387331602347,-54.9785988513201,6.42498257367642
208.387331602347,-54.9785988513201,6.42498257367642
208.387331602347,-54.9785988513201,6.42498257367642
210.014926965046,-54.4412700738449,7.07768621834256
205.953028955537,-53.9314750403581,8.55674168534177
204.325433592838,-44.0505478750646,7.64661173100554
194.552771019408,-34.7679949193277,8.58377813200316
175.099621036638,-15.6045147982973,8.61081457866456
154.797221386331,3.86114139956377,7.29055466999209
126.463200881096,5.61079645193149,5.11690649232516
96.4874042186867,3.37888011006542,4.98514738065981
69.7171655010107,-19.5741303043218,8.95811093399842
42.9398363860969,-26.3800143058737,11.8682408883347
22.6657983247403,-32.3248376532359,14.104722665004
22.6657983247403,-32.3248376532359,14.104722665004
17.8113738255951,-35.1766840045425,15.7993153756717
16.1908688601341,-36.0377446587321,16.4729635533386
16.1908688601341,-36.0377446587321,16.4729635533386

Velocities: 31
0,0,0
3,2,0
6,0,0
7,0,0
8,0,0
10,0,0
9,-4,3
7,-8,0
5,-12,-6
9,-12,-8
-6,-12,-7
-4,-12,-3
-5,-2,-2
-2,0,-1
0,0,0
0,0,0
1,1,0
1,2,0
4,4,3
3,2,4
1,12,7
5,11,6
-10,11,0
-12,7,0
-12,0,-8
-11,0,0
-10,0,0
0,0,0
-4,0,0
-1,0,0
0,0,0

InverseVelocities: 31
0,0,0
0,0,0
0,0,0
0,0,0
0,0,0
0,0,0
0,1,0
-4,0,0
-3,0,0
-3,0,0
0,0,0
0,0,0
0,0,0
0,0,0
0,0,0
0,0,0
0,0,0
0,0,0
0,0,0
0,0,0
0,0,0
-6,-4,0
0,0,0
0,0,0
0,0,0
0,0,0
0,0,0
0,0,0
0,0,0
0,0,0
0,0,0
