GestureName: tap_right
Duration(ms): 1645
Handedness: right

SpeakerAngles: 6
55
-55
0
0
110
-110

SpeakerElevations: 6
-10
-10
-10
0
30
30

InterpretedPoints: 35
-0.806707284111599,0.564862521463623,-0.17364817766693
-4.85442449914514,3.65186157341465,0.131759111665348
-7.28872714595549,2.76924511934127,0.784462756331487
-9.73012019000361,9.2945088439462,-0.757426309670095
-11.3506251554646,13.5327887387082,-0.778370842670886
-21.880362232342,4.47941053951119,1.13175911166535
-25.1284625605017,-3.41073092866548,1.02094453300079
-25.9564410363267,-6.24102148008828,2.7364817766693
-26.7773291149138,-18.9774169642581,2.77837084267089
-23.5363191839919,-5.62109147064781,0.910129954336234
-24.3288456736279,-6.18595399211144,1.08377813200316
-17.8610066062596,-17.2828293998672,2.25742630967009
-8.09543443006709,-1.6119863324256,-1.95811093399842
-6.48201986184389,-5.04427306097481,-0.958110933998418
0,0,0
0,0,0
0.806707284111599,0.564862521463623,-0.17364817766693
-2.44139304404812,2.50058073060367,0.458110933998418
6.48201986184389,10.4063000545594,1.43716640099763
4.05480761227132,18.3359311549339,-0.972963553338607
15.3983423704981,1.52938510046033,4.43716640099763
25.9706218308022,5.64862521463624,-1.7364817766693
21.087835742706,4.40876519575529,1.91622186799684
20.2811284585944,4.43629893974371,1.08987004566377
21.1020165371815,5.05622894918419,-0.736481776669304
22.6941599136914,-4.77560867223722,-0.631759111665348
18.6393523014201,-9.85339342130514,0.0837781320031641
10.543917871353,-12.9679262172446,0.604722665003955
3.24100993092194,-15.3099775350644,3.77837084267089
1.6134145682232,-2.25945008585449,0.694592710667721
0,0,0
0,0,0
0,0,0
0,-21.8328852831343,1.91012995433623
0,0,0

StrokePoints: 36
0,0,0
-0.806707284111599,0.564862521463623,-0.17364817766693
-5.66113178325674,4.21672409487828,-0.0418890660015821
-12.9498589292122,6.98596921421955,0.742573690329905
-22.6799791192158,16.2804780581658,-0.0148526193401892
-34.0306042746804,29.813266796874,-0.793223462011075
-55.9109665070225,34.2926773363852,0.338535649654273
-81.0394290675242,30.8819464077197,1.35948018265506
-106.995870103851,24.6409249276314,4.09596195932437
-133.773199218765,5.66350796337333,6.87433280199525
-157.309518402757,0.0424164927255202,7.78446275633149
-181.638364076384,-6.14353749938592,8.86824088833465
-199.499370682644,-23.4263668992531,11.1256671980047
-207.594805112711,-25.0383532316787,9.16755626400633
-214.076824974555,-30.0826262926535,8.20944533000791
-214.076824974555,-30.0826262926535,8.20944533000791
-214.076824974555,-30.0826262926535,8.20944533000791
-213.270117690443,-29.5177637711899,8.03579715234098
-215.711510734491,-27.0171830405862,8.4939080863394
-209.229490872648,-16.6108829860268,9.93107448733702
-205.174683260376,1.72504816890702,8.95811093399842
-189.776340889878,3.25443326936735,13.395277334996
-163.805719059076,8.90305848400358,11.6587955583267
-142.71788331637,13.3118236797589,13.5750174263236
-122.436754857776,17.7481226195026,14.6648874719873
-101.334738320594,22.8043515686868,13.928405695318
-78.6405784069027,18.0287428964496,13.2966465836527
-60.0012261054826,8.17534947514442,13.3804247156559
-49.4573082341296,-4.79257674210018,13.9851473806598
-46.2162983032077,-20.1025542771645,17.7635182233307
-44.6028837349845,-22.362004363019,18.4581109339984
-44.6028837349845,-22.362004363019,18.4581109339984
-44.6028837349845,-22.362004363019,18.4581109339984
-44.6028837349845,-22.362004363019,18.4581109339984
-44.6028837349845,-44.1948896461533,20.3682408883347
-44.6028837349845,-44.1948896461533,20.3682408883347

Velocities: 35
0,1,0
0,4,1
1,6,0
3,8,2
3,9,4
-5,8,2
-8,6,-1
-11,1,0
-10,1,-7
-10,-1,0
-12,0,0
-6,0,-7
-6,0,0
-4,0,-2
0,0,0
0,0,0
1,0,0
3,3,0
4,0,5
8,6,6
9,0,0
10,0,0
11,1,0
10,1,0
9,1,0
5,-8,-2
1,-10,-3
-3,-8,-4
-5,-7,-4
-1,-3,0
0,0,0
0,0,0
0,0,0
0,0,-11
0,0,0

InverseVelocities: 35
0,0,0
0,0,0
0,0,0
0,0,0
-3,0,0
0,-3,0
0,-3,0
0,-1,0
0,-1,0
0,0,0
0,0,0
0,0,0
0,0,0
0,0,0
0,0,0
0,0,0
0,0,0
0,0,0
0,0,0
0,0,0
0,0,0
0,0,0
0,0,0
-4,-5,0
0,-9,0
0,0,0
-4,0,0
0,0,0
0,0,0
0,0,0
0,0,0
0,0,0
0,0,0
0,0,0
0,0,0
