GestureName: tap_front
Duration(ms): 1457
Handedness: right

SpeakerAngles: 6
55
-55
0
0
110
-110

SpeakerElevations: 6
-10
-10
-10
0
30
30

InterpretedPoints: 31
-0.813797681349374,-0.296198132726024,0.5
-0.813797681349374,-0.296198132726024,0.5
-0.813797681349374,-0.296198132726024,0.5
1.60632417098542,5.36800493768926,-0.368240888334652
1.62759536269875,-0.592396265452048,1
-2.40594105785925,2.23191634186607,0.131759111665348
-2.41303145509702,0.186063156772327,2.80540728933228
0.00709039723777494,1.8806507211632,2.28446275633149
-1.62759536269875,1.66705382040245,0.305407289332279
0,0,0
-3.2551907253975,-1.1847925309041,2
-2.42721224957257,0.833526910201223,0.152703644666139
0,0,0
0,0,0
0,0,0
-0.806707284111599,0.0275337439884242,-0.826351822333069
2.44139304404812,1.48099066363012,-2.5
1.62759536269875,-5.04427306097482,-0.958110933998418
-3.24810032815972,-12.9894820171283,0.583778132003164
-8.93050330312979,-3.41670887277016,1.86824088833465
0.813797681349374,-1.96325195312847,0.194592710667721
-4.85442449914514,-12.3911078075716,-1.2635182233307
0.0141807944755508,-6.69937099316789,-2.95811093399842
3.24810032815972,-0.805993166212799,-0.979055466999209
0,0,0
0,0,0
7.26036555700439,5.08376269317261,-1.56283359900237
0,0,0
0,0,0
-5.64695098878119,-3.95403765024536,1.21553724366851
0,0,0

StrokePoints: 32
0,0,0
-0.813797681349374,-0.296198132726024,0.5
-1.62759536269875,-0.592396265452048,1
-2.44139304404812,-0.888594398178072,1.5
-0.835068873062699,4.47941053951119,1.13175911166535
0.792526489636048,3.88701427405914,2.13175911166535
-1.6134145682232,6.11893061592521,2.2635182233307
-4.02644602332022,6.30499377269754,5.06892551266297
-4.01935562608244,8.18564449386074,7.35338826899446
-5.64695098878119,9.85269831426318,7.65879555832674
-5.64695098878119,9.85269831426318,7.65879555832674
-8.90214171417869,8.66790578335909,9.65879555832674
-11.3293539637513,9.50143269356031,9.81149920299288
-11.3293539637513,9.50143269356031,9.81149920299288
-11.3293539637513,9.50143269356031,9.81149920299288
-11.3293539637513,9.50143269356031,9.81149920299288
-12.1360612478629,9.52896643754874,8.98514738065981
-9.69466820381474,11.0099571011789,6.48514738065981
-8.06707284111599,5.96568404020404,5.52703644666139
-11.3151731692757,-7.02379797692429,6.11081457866456
-20.2456764724055,-10.4405068496945,7.97905546699921
-19.4318787910561,-12.4037588028229,8.17364817766693
-24.2863032902013,-24.7948666103945,6.91012995433623
-24.2721224957257,-31.4942376035624,3.95201902033782
-21.024022167566,-32.3002307697752,2.97296355333861
-21.024022167566,-32.3002307697752,2.97296355333861
-21.024022167566,-32.3002307697752,2.97296355333861
-13.7636566105616,-27.2164680766026,1.41012995433623
-13.7636566105616,-27.2164680766026,1.41012995433623
-13.7636566105616,-27.2164680766026,1.41012995433623
-19.4106075993428,-31.170505726848,2.62566719800475
-19.4106075993428,-31.170505726848,2.62566719800475

Velocities: 31
0,0,0
0,0,0
0,0,0
3,0,2
0,0,0
0,5,0
0,4,0
3,4,0
2,2,0
0,0,0
0,0,0
0,2,0
0,0,0
0,0,0
0,0,0
-1,0,0
0,0,0
-2,-2,-2
-4,-3,-5
-4,-1,0
-2,-2,0
-4,0,-6
-2,0,-4
-1,-2,0
0,0,0
0,0,0
9,0,0
0,0,0
0,0,0
-7,0,0
0,0,0

InverseVelocities: 31
0,0,0
0,0,0
0,0,0
0,0,0
0,0,0
0,0,0
0,0,0
0,0,0
0,0,0
0,0,0
0,0,0
0,0,0
0,0,0
0,0,0
0,0,0
0,0,0
0,0,0
0,0,0
0,0,0
0,0,0
0,0,0
0,0,0
0,0,0
0,0,0
0,0,0
0,0,0
0,0,0
0,0,0
0,0,0
0,0,0
0,0,0
