GestureName: tap_up
Duration(ms): 1316
Handedness: right

SpeakerAngles: 6
55
-55
0
0
110
-110

SpeakerElevations: 6
-10
-10
-10
0
30
30

InterpretedPoints: 28
-1.62759536269875,-0.592396265452048,1
-4.88987648533402,-0.2686643887376,-0.32635182233307
1.59923377374765,-2.85184635130654,1.69459271066772
-0.827978475824924,-21.8663969712274,3.58377813200316
4.86151489638292,-39.9151590211169,16.0567416853418
-10.5793698575419,-16.8148799751132,9.66755626400633
-12.2069652202406,-40.0401767458077,10.7513343960095
6.50329105355721,-31.5665438168114,0.404038040675633
8.95886489208089,-31.2703456840853,-0.0959619593243675
1.62050496546097,-26.4001798916735,-3.63785102532595
-1.62759536269875,-1.55691884444875,-3.61081457866456
2.44139304404812,-2.50058073060367,-0.458110933998418
-0.806707284111599,-0.564862521463623,0.17364817766693
0,0,0
-1.6134145682232,2.25945008585449,-0.694592710667721
-5.68240297497007,8.99233276711549,0.589870045663766
-6.48911025908167,6.99194715832423,-0.104722665003955
-12.9853109154011,5.21475836196809,2.89527733499604
0,30.2656383658489,5.74866560399051
-0.813797681349374,30.5618364985749,5.24866560399051
-6.50329105355721,9.14126226822503,2.5060919136606
-0.806707284111598,11.8070454627592,-1.9939080863394
6.51747184803276,13.9354998798183,-7.14661173100554
11.400257936129,19.0109286523512,-4.45201902033781
2.48393542747477,13.9941893353648,-6.2364817766693
0.820888078587149,1.15725878691567,-1.17364817766693
0.806707284111599,-0.564862521463623,0.17364817766693
0,0,0

StrokePoints: 29
0,0,0
-1.62759536269875,-0.592396265452048,1
-6.51747184803277,-0.861060654189647,0.67364817766693
-4.91823807428512,-3.71290700549619,2.36824088833465
-5.74621655011004,-25.5793039767236,5.95201902033781
-0.884701653727126,-65.4944629978405,22.0087607056796
-11.464071511269,-82.3093429729537,31.6763169696859
-23.6710367315096,-122.349519718761,42.4276513656954
-17.1677456779524,-153.916063535573,42.831689406371
-8.20888078587149,-185.186409219658,42.7357274470467
-6.58837582041052,-211.586589111332,39.0978764217207
-8.21597118310927,-213.14350795578,35.4870618430562
-5.77457813906115,-215.644088686384,35.0289509090577
-6.58128542317275,-216.208951207848,35.2025990867247
-6.58128542317275,-216.208951207848,35.2025990867247
-8.19469999139594,-213.949501121993,34.5080063760569
-13.877102966366,-204.957168354878,35.0978764217207
-20.3662132254477,-197.965221196553,34.9931537567168
-33.3515241408488,-192.750462834585,37.8884310917128
-33.3515241408488,-162.484824468736,43.6370966957033
-34.1653218221982,-131.922987970161,48.8857622996938
-40.6686128757554,-122.781725701936,51.3918542133544
-41.475320159867,-110.974680239177,49.397946127015
-34.9578483118342,-97.0391803593589,42.2513343960095
-23.5575903757052,-78.0282517070077,37.7993153756717
-21.0736549482304,-64.0340623716429,31.5628335990024
-20.2527668696433,-62.8768035847273,30.3891854213354
-19.4460595855317,-63.4416661061909,30.5628335990024
-19.4460595855317,-63.4416661061909,30.5628335990024

Velocities: 28
0,0,0
0,-1,0
0,-4,0
0,-2,-10
-9,-12,-11
-12,-12,0
-12,-12,-12
-11,-12,-11
-12,-11,-11
-8,-9,-11
-4,-4,0
-3,-3,0
-1,0,0
0,0,0
1,3,0
3,5,3
6,9,0
5,10,0
12,12,12
12,12,12
11,12,0
11,12,0
10,11,0
5,6,6
0,6,4
0,1,0
0,-1,0
0,0,0

InverseVelocities: 28
0,0,0
0,0,0
0,0,0
0,0,0
0,0,0
0,0,0
0,0,0
0,0,0
0,0,0
0,0,0
0,0,0
0,0,0
0,0,0
0,0,0
0,0,0
0,0,0
0,0,0
0,0,0
0,0,0
0,0,0
0,0,0
0,0,0
0,0,0
0,0,0
0,0,0
0,0,0
0,0,0
0,0,0
