GestureName: tap_up
Duration(ms): 1363
Handedness: right

SpeakerAngles: 6
55
-55
0
0
110
-110

SpeakerElevations: 6
-10
-10
-10
0
30
30

InterpretedPoints: 29
-1.62759536269875,-0.592396265452048,1
-7.32417913214436,-2.55564821858052,1.19459271066772
-6.56001423145942,-24.0983133130935,3.45201902033782
-3.2835523143486,-37.4845285272272,9.55674168534177
-9.76557217619249,-17.1110781078393,10.1675562640063
-12.2069652202406,-40.0401767458077,10.7513343960095
6.51038145079499,-33.2276196931091,-0.748665603990507
8.13797681349374,-34.4124122240132,1.25133439600949
2.44139304404812,-9.27893098816715,1.62566719800475
4.88278608809624,-18.8948157322928,0.299315375671677
0.0141807944755503,-1.66705382040245,-0.305407289332279
-1.6134145682232,-0.537328777475199,-0.652703644666139
0,0,0
-0.813797681349374,-0.296198132726024,0.5
0.799616886873823,1.31578819969957,2.45811093399842
-3.24100993092194,11.8106674303289,0.568925512662975
-6.50329105355722,5.21475836196809,2.89527733499604
0.827978475824925,17.0410036480761,4.33244373599367
0.820888078587149,21.2792835428381,4.31149920299288
-0.79252648963605,24.6565027834104,4.96420284765902
2.4484834412859,5.93815029621562,6.35338826899446
-2.42721224957257,26.3175786597082,6.11690649232516
-4.86860529362069,8.39033658998908,-0.125667198004746
-5.67531257773229,8.4178703339775,-0.952019020337816
4.89696688257179,26.1561223863966,-7.82025990867247
9.79393376514359,20.7270720166258,-4.95201902033781
0.835068873062699,8.83380335433159,-3.04188906600158
3.26937151987305,3.7069290613915,-1.52094453300079
0,0,0

StrokePoints: 30
0,0,0
-1.62759536269875,-0.592396265452048,1
-8.95177449484311,-3.14804448403257,2.19459271066772
-15.5117887263025,-27.246357797126,5.64661173100554
-18.7953410406511,-64.7308863243532,15.2033534163473
-28.5609132168436,-81.8419644321924,25.3709096803536
-40.7678784370842,-121.882141178,36.1222440763631
-34.2574969862892,-155.109760871109,35.3735784723726
-26.1195201727955,-189.522173095122,36.6249128683821
-23.6781271287474,-198.80110408329,38.2505800663869
-18.7953410406511,-217.695919815582,38.5498954420585
-18.7811602461756,-219.362973635985,38.2444881527262
-20.3945748143988,-219.90030241346,37.5917845080601
-20.3945748143988,-219.90030241346,37.5917845080601
-21.2083724957482,-220.196500546186,38.0917845080601
-20.4087556088743,-218.880712346487,40.5498954420585
-23.6497655397963,-207.070044916158,41.1188209547215
-30.1530565933535,-201.85528655419,44.0140982897175
-29.3250781175286,-184.814282906114,48.3465420257112
-28.5041900389414,-163.534999363275,52.6580412287041
-29.2967165285775,-138.878496579865,57.6222440763631
-26.8482330872916,-132.940346283649,63.9756323453576
-29.2754453368641,-106.622767623941,70.0925388376827
-34.1440506304848,-98.2324310339521,69.966871639678
-39.8193632082171,-89.8145606999746,69.0148526193402
-34.9223963256453,-63.658438313578,61.1945927106677
-25.1284625605018,-42.9313662969522,56.2425736903299
-24.2933936874391,-34.0975629426206,53.2006846243283
-21.024022167566,-30.3906338812291,51.6797400913275
-21.024022167566,-30.3906338812291,51.6797400913275

Velocities: 29
0,0,0
-2,-2,0
0,-7,-10
-8,-12,-12
-12,-12,0
-12,-12,-12
-12,-12,-12
-12,-12,-12
-9,-9,0
-6,-6,-7
-3,-1,0
-2,0,0
0,0,0
0,0,0
4,2,0
4,6,4
7,8,0
8,10,6
9,10,8
8,11,10
10,11,0
9,11,11
8,10,0
7,10,0
6,8,8
3,7,7
0,3,3
0,2,1
0,0,0

InverseVelocities: 29
0,0,0
0,0,0
0,0,0
0,0,0
0,0,0
0,0,0
0,0,0
0,0,0
0,0,0
0,0,0
0,0,0
0,0,0
0,0,0
0,0,0
0,0,0
0,0,0
0,0,0
0,0,0
0,0,0
0,0,0
0,0,0
0,0,0
0,0,0
0,0,0
0,0,0
0,0,0
0,0,0
0,-1,0
0,0,0
