GestureName: tap_right
Duration(ms): 1551
Handedness: right

SpeakerAngles: 6
55
-55
0
0
110
-110

SpeakerElevations: 6
-10
-10
-10
0
30
30

InterpretedPoints: 33
-0.806707284111599,0.564862521463623,-0.17364817766693
-3.24100993092194,-0.647463753428896,2.65270364466614
-6.48201986184389,4.46383268373214,0.263518223330696
-9.73721058724139,6.13088650413459,0.568925512662975
-17.0188473359591,18.3359311549339,-0.972963553338607
-19.4744211744828,14.6625137816355,-1.12566719800475
-21.9087238212931,9.59070697667223,-1.25742630967009
-30.8108655354718,-3.98157139423379,2.04188906600158
-25.9493506390889,-5.32489333792179,0.410129954336234
-23.5221383895163,-5.02869520519576,-0.089870045663766
-14.577454291911,-8.01821027644443,5.7364817766693
-16.2405016407986,-3.12051074004414,1.36824088833465
-12.9853109154011,-3.12051074004414,1.36824088833465
-0.806707284111599,-2.54967027447583,0.347296355333861
0,0,0
1.6134145682232,1.12972504292725,-0.347296355333861
6.48911025908166,0.213596900760752,1.97905546699921
13.7991085967505,1.63952007641402,1.13175911166535
23.5363191839919,20.3698284518182,-1.95201902033782
21.9158142185309,3.63030577353092,0.110814578664557
21.0736549482304,3.27904015282804,2.2635182233307
31.6175728195834,1.69458756439087,-0.520944533000791
25.9351698446133,-3.64588362930997,-0.979055466999209
22.7012503109292,-8.75120212236632,0.562833599002373
21.0807453454682,-13.5818782825804,1.58377813200316
14.5987254836243,-12.1343993070434,0.757426309670094
1.62759536269875,-0.537328777475199,-0.652703644666139
0.813797681349374,-0.296198132726024,0.5
0,0,0
0,0,0
0,0,0
4.88278608809624,-1.77718879635614,3
0,0,0

StrokePoints: 34
0,0,0
-0.806707284111599,0.564862521463623,-0.17364817766693
-4.04771721503354,-0.0826012319652727,2.47905546699921
-10.5297370768774,4.38123145176687,2.7425736903299
-20.2669476641188,10.5121179559015,3.31149920299288
-37.2857950000779,28.8480491108353,2.33853564965427
-56.7602161745607,43.5105628924708,1.21286845164953
-78.6689399958538,53.101269869143,-0.0445578580205686
-109.479805531326,49.1196984749092,1.99733120798101
-135.429156170415,43.7948051369874,2.40746116231725
-158.951294559931,38.7661099317917,2.31759111665348
-173.528748851842,30.7478996553472,8.05407289332278
-189.76925049264,27.6273889153031,9.42231378165744
-202.754561408042,24.506878175259,10.7905546699921
-203.561268692153,21.9572079007831,11.1378510253259
-203.561268692153,21.9572079007831,11.1378510253259
-201.94785412393,23.0869329437104,10.7905546699921
-195.458743864848,23.3005298444711,12.7696101369913
-181.659635268098,24.9400499208852,13.9013692486566
-158.123316084106,45.3098783727034,11.9493502283188
-136.207501865575,48.9401841462343,12.0601648069834
-115.133846917345,52.2192242990623,14.3236830303141
-83.5162740977612,53.9138118634532,13.8027384973133
-57.5811042531479,50.2679282341432,12.8236830303141
-34.8798539422187,41.5167261117769,13.3865166293165
-13.7991085967505,27.9348478291965,14.9702947613196
0.799616886873753,15.8004485221532,15.7277210709897
2.4272122495725,15.263119744678,15.0750174263236
3.24100993092188,14.9669216119519,15.5750174263236
3.24100993092188,14.9669216119519,15.5750174263236
3.24100993092188,14.9669216119519,15.5750174263236
3.24100993092188,14.9669216119519,15.5750174263236
8.12379601901812,13.1897328155958,18.5750174263236
8.12379601901812,13.1897328155958,18.5750174263236

Velocities: 33
0,1,0
0,2,0
3,7,0
5,9,0
2,12,6
3,11,4
1,10,2
-11,5,0
-12,1,0
-11,0,0
-10,0,0
-5,0,0
-5,0,0
-1,0,-1
0,0,0
2,0,0
3,0,0
5,0,0
9,0,8
8,0,0
11,-1,0
10,-7,0
7,-8,-2
3,-9,-3
2,-9,-5
-1,-8,-4
-1,-1,0
0,0,0
0,0,0
0,0,0
0,0,0
0,0,0
0,0,0

InverseVelocities: 33
0,0,0
0,0,0
0,0,0
0,0,0
0,0,0
-3,0,0
-8,0,0
0,0,0
0,0,0
0,0,0
0,0,0
0,0,0
0,0,0
0,0,0
0,0,0
0,0,0
0,0,0
0,0,0
0,0,0
0,0,0
0,0,0
0,2,0
0,0,0
0,0,0
-3,2,2
0,0,0
0,0,0
0,0,0
0,0,0
0,0,0
0,0,0
0,0,0
0,0,0
