GestureName: tap_back
Duration(ms): 987
Handedness: right

SpeakerAngles: 6
55
-55
0
0
110
-110

SpeakerElevations: 6
-10
-10
-10
0
30
30

InterpretedPoints: 21
4.07607880398464,0.0826012319652729,-2.47905546699921
5.68949337220784,-10.1160798659381,-1.08987004566377
-1.63468575993652,-5.91728960337383,1.41012995433623
-0.820888078587149,-9.59070697667223,1.25742630967009
11.3435347582268,-17.1667164798088,-1.89527733499604
-3.24100993092194,-18.4005985545851,0.910129954336234
2.45557383852367,-11.5575808973704,-1.11081457866456
0.820888078587149,0.0275337439884242,-0.82635182233307
0,0,0
0,0,0
0,0,0
-4.06189800950909,5.33449324959615,1.30540728933228
-2.44139304404812,7.05063661387076,0.805407289332278
-4.84733410190737,1.93571820914005,0.631759111665348
-2.4201218523348,16.1375265011609,-2.77837084267089
-2.40594105785925,2.23191634186607,0.131759111665348
-3.21264834197084,2.20438259787765,0.958110933998418
0.820888078587149,3.36164138479332,-0.215537243668512
-3.24810032815972,0.805993166212799,0.979055466999209
-1.62050496546097,0.2686643887376,0.32635182233307
0,0,0

StrokePoints: 22
0,0,0
4.07607880398464,0.0826012319652729,-2.47905546699921
9.76557217619249,-10.0334786339728,-3.56892551266297
8.13088641625596,-15.9507682373466,-2.15879555832674
7.30999833766881,-25.5414752140188,-0.901369248656647
18.6535330958956,-42.7081916938277,-2.79664658365269
15.4125231649737,-61.1087902484127,-1.88651662931646
17.8680970034973,-72.6663711457831,-2.99733120798101
18.6889850820845,-72.6388374017947,-3.82368303031408
18.6889850820845,-72.6388374017947,-3.82368303031408
18.6889850820845,-72.6388374017947,-3.82368303031408
18.6889850820845,-72.6388374017947,-3.82368303031408
14.6270870725754,-67.3043441521985,-2.51827574098181
12.1856940285273,-60.2537075383278,-1.71286845164953
7.33835992661991,-58.3179893291877,-1.08110933998418
4.91823807428512,-42.1804628280268,-3.85948018265506
2.51229701642587,-39.9485464861607,-3.72772107098972
-0.700351325544971,-37.7441638882831,-2.7696101369913
0.120536753042177,-34.3825225034898,-2.98514738065981
-3.12756357511754,-33.576529337277,-2.0060919136606
-4.74806854057852,-33.3078649485394,-1.67974009132753
-4.74806854057852,-33.3078649485394,-1.67974009132753

Velocities: 21
-2,-1,0
-3,-4,-4
-5,-6,0
-5,-6,-2
0,-7,-8
-2,0,-9
-2,0,-6
-1,0,0
0,0,0
0,0,0
0,0,0
0,1,3
0,0,4
0,5,0
4,7,5
0,5,0
0,6,0
3,4,0
1,2,0
0,1,0
0,0,0

InverseVelocities: 21
0,0,0
0,0,0
0,0,0
0,0,0
0,0,0
0,0,0
0,0,0
0,0,0
0,0,0
0,0,0
0,0,0
0,0,0
0,0,0
0,0,0
0,0,0
0,0,0
0,0,0
0,0,0
0,0,0
0,0,0
0,0,0
