GestureName: tap_down
Duration(ms): 1410
Handedness: right

SpeakerAngles: 6
55
-55
0
0
110
-110

SpeakerElevations: 6
-10
-10
-10
0
30
30

InterpretedPoints: 30
-0.00709039723777505,0.2686643887376,0.32635182233307
-4.05480761227132,3.63030577353092,0.110814578664557
-8.10961522454264,2.74171137535285,1.61081457866456
-9.73721058724139,22.5466773057075,-0.167556264006329
-8.93050330312979,25.0412800922064,1.13785102532595
-6.49620065631944,28.1833466321343,-0.20944533000791
-7.30290794043104,32.7178246596224,-0.730389863008702
-4.06189800950909,31.3254131720622,-1.55674168534177
9.76557217619249,14.2592317565327,-8.47296355333861
8.15215760796929,20.1346757511737,-3.95201902033782
4.89696688257179,13.3132138938428,-1.91012995433623
1.6701377461254,1.12972504292725,-0.347296355333861
1.6417761571743,-1.12972504292725,0.347296355333861
3.23391953368417,-1.39838943166485,0.0209445330007911
0.806707284111599,-0.564862521463623,0.17364817766693
0,0,0
-2.42721224957257,0.833526910201223,0.152703644666139
-3.23391953368417,0.805993166212799,0.979055466999209
-7.30999833766881,0.241130644749175,1.15270364466614
-17.0472089249102,-3.44188664022358,-0.715537243668513
-16.2192304490853,-19.2676371528794,2.43107448733702
-10.6219122409685,-34.2814165552177,5.70944533000791
-8.95177449484311,-16.8148799751132,9.66755626400633
-10.5793698575419,-40.6325730112597,11.7513343960095
-17.1039321028124,-33.963662622608,5.2303898630087
4.03353642055799,-25.0412800922064,-1.13785102532595
8.90923211141646,-1.90818446515162,-1.45811093399842
2.43430264681035,-3.36164138479332,0.215537243668512
0,-1.12972504292725,0.347296355333861
0,0,0

StrokePoints: 31
0,0,0
-0.00709039723777505,0.2686643887376,0.32635182233307
-4.06189800950909,3.89897016226852,0.437166400997627
-12.1715132340517,6.64068153762136,2.04798097966218
-21.9087238212931,29.1873588433288,1.88042471565586
-30.8392271244229,54.2286389355352,3.0182757409818
-37.3354277807423,82.4119855676695,2.80883041097389
-44.6383357211734,115.129810227292,2.07844054796519
-48.7002337306825,146.455223399354,0.521698862623422
-38.93466155449,160.714455155887,-7.95126469071518
-30.7825039465207,180.849130907061,-11.903283711053
-25.8855370639489,194.162344800903,-13.8134136653892
-24.2153993178235,195.292069843831,-14.1607100207231
-22.5736231606492,194.162344800903,-13.8134136653892
-19.339703626965,192.763955369238,-13.7924691323884
-18.5329963428534,192.199092847775,-13.6188209547215
-18.5329963428534,192.199092847775,-13.6188209547215
-20.960208592426,193.032619757976,-13.4661173100554
-24.1941281261102,193.838612924189,-12.4870618430562
-31.504126463779,194.079743568938,-11.33435819839
-48.5513353886892,190.637856928714,-12.0498954420585
-64.7705658377745,171.370219775835,-9.61882095472151
-75.392478078743,137.088803220617,-3.9093756247136
-84.3442525735861,120.273923245504,5.75818063929272
-94.923622431128,79.6413502342444,17.5095150353022
-112.02755453394,45.6776876116364,22.7399048983109
-107.994018113382,20.6364075194299,21.602053872985
-99.0847860019659,18.7282230542783,20.1439429389865
-96.6504833551556,15.366581669485,20.3594801826551
-96.6504833551556,14.2368566265578,20.7067765379889
-96.6504833551556,14.2368566265578,20.7067765379889

Velocities: 30
1,0,0
3,5,0
2,6,0
6,10,8
8,11,9
9,11,10
9,12,12
10,11,11
10,10,0
4,6,7
2,4,5
-2,4,0
-2,0,0
0,-3,0
0,-1,0
0,0,0
0,2,0
0,3,0
0,2,0
3,9,-5
-7,1,-8
-6,-12,-12
-12,-12,0
-12,-12,-12
-10,-12,-11
-7,-12,-9
0,-6,0
-3,-4,0
-1,-1,0
0,0,0

InverseVelocities: 30
0,0,0
0,0,0
0,0,0
0,0,0
0,0,0
0,0,0
0,0,0
0,0,0
0,0,0
0,0,0
0,0,0
0,0,0
0,0,0
0,0,0
0,0,0
0,0,0
0,0,0
0,0,0
0,0,0
-2,-6,0
0,-8,0
0,0,0
0,0,0
0,0,0
0,0,0
0,0,0
0,0,0
0,0,0
0,0,0
0,0,0
