GestureName: tap_left
Duration(ms): 1410
Handedness: right

SpeakerAngles: 6
55
-55
0
0
110
-110

SpeakerElevations: 6
-10
-10
-10
0
30
30

InterpretedPoints: 30
0.00709039723777505,1.39838943166485,-0.0209445330007911
0,2.25945008585449,-0.694592710667721
8.94468409760534,5.62109147064781,-0.910129954336234
10.5226466796397,2.44551324262682,2.11081457866456
17.0330281304346,1.85311697717477,3.11081457866456
21.8945430268176,3.84390267429167,2.08987004566377
24.3004840846768,0.482261289498351,2.30540728933228
29.9828870596469,-0.241130644749175,-1.15270364466614
31.6104824223456,-16.3942350016891,0.757426309670095
20.3023996503077,-22.5801889938006,1.84120444167326
16.2263208463231,-18.3634648989223,1.79931537567168
-2.4201218523348,-1.69458756439087,0.520944533000791
0.785436092398274,-2.50058073060367,-0.458110933998418
0,0,0
0,0,0
-1.6134145682232,2.25945008585449,-0.694592710667721
1.6134145682232,8.48851567773341,-1.7364817766693
-12.1502420423384,6.96441341433581,0.721629157329114
-12.9924013126389,22.6137006818937,-3.51485261934019
-19.4886019689583,20.2991831080623,-1.16755626400633
-19.5027827634339,18.0516889104172,-2.16755626400633
-30.8108655354718,-10.7910773633554,2.38918542133544
-29.1974509672486,-20.1346757511737,3.95201902033782
-24.3359360708657,-5.91728960337383,1.41012995433623
-25.9635314335644,-6.50968586882588,2.41012995433623
-17.0401185276724,-20.1622094951622,4.77837084267088
-8.11670562178041,-16.641343590543,0.452019020337816
-1.6134145682232,-1.12972504292725,0.347296355333861
-1.6134145682232,-1.12972504292725,0.347296355333861
0,0,0

StrokePoints: 31
0,0,0
0.00709039723777505,1.39838943166485,-0.0209445330007911
0.00709039723777505,3.65783951751934,-0.715537243668512
8.95177449484311,9.27893098816715,-1.62566719800475
19.4744211744828,11.724444230794,0.485147380659811
36.5074493049174,13.5775612079687,3.59596195932437
58.401992331735,17.4214638822604,5.68583200498813
82.7024764164118,17.9037251717588,7.99123929432041
112.685363476059,17.6625945270096,6.83853564965427
144.295845898404,1.26835952532046,7.59596195932437
164.598245548712,-21.3118294684801,9.43716640099763
180.824566395035,-39.6752943674024,11.2364817766693
178.4044445427,-41.3698819317933,11.7574263096701
179.189880635099,-43.8704626623969,11.2993153756717
179.189880635099,-43.8704626623969,11.2993153756717
179.189880635099,-43.8704626623969,11.2993153756717
177.576466066875,-41.6110125765424,10.604722665004
179.189880635099,-33.122496898809,8.86824088833465
167.03963859276,-26.1580834844732,9.58987004566376
154.047237280121,-3.54438280257956,6.07501742632357
134.558635311163,16.7548003054828,4.90746116231724
115.055852547729,34.8064892159,2.73990489831092
84.2449870122572,24.0154118525446,5.12909031964636
55.0475360450086,3.88073610137088,9.08110933998417
30.7115999741429,-2.03655350200296,10.4912392943204
4.74806854057849,-8.54623937082884,12.9013692486566
-12.2920499870939,-28.708448865991,17.6797400913275
-20.4087556088743,-45.349792456534,18.1317591116653
-22.0221701770975,-46.4795174994612,18.4790554669992
-23.6355847453207,-47.6092425423885,18.8263518223331
-23.6355847453207,-47.6092425423885,18.8263518223331

Velocities: 30
1,2,0
2,2,0
6,5,0
8,0,0
8,0,0
11,0,0
10,-6,0
8,-10,0
6,-12,-7
-6,-12,-7
-3,-10,-6
-3,0,0
-1,-5,0
0,0,0
0,0,0
1,3,0
5,3,2
4,12,0
8,12,6
6,12,6
8,12,4
-10,6,-4
-12,2,-7
-11,0,0
-11,0,0
-8,-1,-7
-7,-4,-6
-2,0,0
-2,0,0
0,0,0

InverseVelocities: 30
0,0,0
0,0,0
0,0,0
0,0,0
0,0,0
0,0,0
0,0,0
0,0,0
-5,0,0
0,3,0
0,0,0
0,0,0
0,0,0
0,0,0
0,0,0
0,0,0
0,0,0
0,0,0
0,0,0
-3,0,0
-9,-6,0
0,-6,0
0,0,0
0,0,0
0,0,0
0,0,0
10,0,0
0,0,0
0,0,0
0,0,0
