GestureName: swipe_right
Duration(ms): 846
Handedness: right

SpeakerAngles: 2
55
-55

InterpretedPoints: 18
1.6134145682232,1.12972504292725
-1.6134145682232,1.12972504292725
-1.6134145682232,1.12972504292725
0,5.64862521463624
-1.6134145682232,5.64862521463624
-5.64695098878119,3.95403765024536
-7.26036555700439,1.69458756439087
-6.45365827289279,0
-6.45365827289279,0
0,0
-4.84024370466959,-3.38917512878174
0,0
0,0
0,0
-1.6134145682232,-1.12972504292725
2.4201218523348,-3.95403765024536
3.2268291364464,-2.25945008585449
0,0

StrokePoints: 19
177.6,130.333333333333
175.986585431777,129.203608290406
177.6,128.073883247479
179.213414568223,126.944158204552
179.213414568223,121.295532989915
180.826829136446,115.646907775279
186.473780125228,111.692870125034
193.734145682232,109.998282560643
200.187803955125,109.998282560643
206.641462228018,109.998282560643
206.641462228018,109.998282560643
211.481705932687,113.387457689425
211.481705932687,113.387457689425
211.481705932687,113.387457689425
211.481705932687,113.387457689425
213.09512050091,114.517182732352
210.674998648576,118.471220382597
207.448169512129,120.730670468452
207.448169512129,120.730670468452

Velocities: 18
2,0
0,2
0,2
5,5
4,6
0,7
-3,6
-4,4
-4,4
0,0
-6,0
0,0
0,0
0,0
-2,0
-2,-5
0,-4
0,0

InverseVelocities: 18
0,0
0,0
0,0
0,0
0,0
0,0
0,0
0,-3
0,0
0,0
0,0
0,0
0,0
0,0
0,0
0,0
0,0
0,0
