GestureName: swipe_right
Duration(ms): 893
Handedness: right

SpeakerAngles: 2
55
-55

InterpretedPoints: 19
0.806707284111599,0.564862521463623
1.6134145682232,1.12972504292725
0,0
-0.806707284111599,0.564862521463623
-1.6134145682232,1.12972504292725
-6.45365827289279,4.51890017170899
-3.2268291364464,6.77835025756348
-6.45365827289279,7.90807530049073
-8.87378012522759,6.21348773609986
-12.9073165457856,2.25945008585449
-10.4871946934508,-0.564862521463623
-9.68048740933918,-6.77835025756348
-8.87378012522759,-6.21348773609986
-7.26036555700439,-5.08376269317261
-4.84024370466959,-3.38917512878174
-4.03353642055799,-2.82431260731812
0,-1.12972504292725
0.806707284111599,-0.564862521463623
0,0

StrokePoints: 20
177.6,130.333333333333
176.793292715888,129.76847081187
175.179878147665,128.638745768942
175.179878147665,128.638745768942
175.986585431777,128.073883247479
177.6,126.944158204552
184.053658272893,122.425258032843
187.280487409339,115.646907775279
193.734145682232,107.738832474788
202.60792580746,101.525344738689
215.515242353245,99.265894652834
226.002437046696,99.8307571742976
235.682924456035,106.609107431861
244.556704581263,112.822595167961
251.817070138267,117.906357861134
256.657313842937,121.295532989915
260.690850263495,124.119845597233
260.690850263495,125.249570640161
259.884142979383,125.814433161624
259.884142979383,125.814433161624

Velocities: 19
1,0
2,0
0,0
0,1
0,2
0,8
4,8
3,11
0,11
-6,10
-7,6
-12,0
-11,0
-9,0
-6,0
-5,0
-1,-1
0,-1
0,0

InverseVelocities: 19
0,0
0,0
0,0
0,0
0,0
0,0
0,0
0,0
0,0
0,0
0,0
0,0
0,0
0,0
0,0
0,0
0,0
0,0
0,0
