GestureName: swipe_left
Duration(ms): 564
Handedness: right

SpeakerAngles: 2
55
-55

InterpretedPoints: 12
-0.806707284111599,0.564862521463623
3.2268291364464,2.25945008585449
0,0
0,0
-2.4201218523348,1.69458756439087
0,0
9.68048740933918,1.12972504292725
13.7140238298972,-2.82431260731812
8.87378012522759,-6.21348773609986
8.87378012522759,-6.21348773609986
4.84024370466959,-3.38917512878174
0,0

StrokePoints: 13
177.6,130.333333333333
178.406707284112,129.76847081187
175.179878147665,127.509020726015
175.179878147665,127.509020726015
175.179878147665,127.509020726015
177.6,125.814433161624
177.6,125.814433161624
167.919512590661,124.684708118697
154.205488760764,127.509020726015
145.331708635536,133.722508462115
136.457928510309,139.935996198215
131.617684805639,143.325171326997
131.617684805639,143.325171326997

Velocities: 12
0,1
4,0
0,0
0,0
0,3
0,0
7,-5
6,-11
0,-11
0,-11
0,-6
0,0

InverseVelocities: 12
0,0
0,0
0,0
0,0
0,0
0,0
0,0
0,0
0,0
0,0
0,0
0,0
