GestureName: swipe_up
Duration(ms): 470
Handedness: right

SpeakerAngles: 2
55
-55

InterpretedPoints: 10
0.806707284111599,0.564862521463623
0,0
0,0
0.806707284111599,6.21348773609986
-4.84024370466959,3.38917512878174
6.45365827289279,4.51890017170899
9.68048740933918,6.77835025756348
5.64695098878119,3.95403765024536
0.806707284111599,1.69458756439087
0,0

StrokePoints: 11
177.6,130.333333333333
176.793292715888,129.76847081187
176.793292715888,129.76847081187
176.793292715888,129.76847081187
175.986585431777,123.55498307577
180.826829136446,120.165807946988
174.373170863554,115.646907775279
164.692683454214,108.868557517716
159.045732465433,104.91451986747
158.239025181322,103.219932303079
158.239025181322,103.219932303079

Velocities: 10
1,0
0,0
0,0
6,5
0,6
8,0
12,0
7,0
2,1
0,0

InverseVelocities: 10
0,0
0,0
0,0
0,0
0,0
0,0
0,0
0,0
0,0
0,0
