GestureName: swipe_left
Duration(ms): 658
Handedness: right

SpeakerAngles: 2
55
-55

InterpretedPoints: 14
0,1.12972504292725
1.6134145682232,1.12972504292725
3.2268291364464,2.25945008585449
1.6134145682232,9.03780034341798
-4.03353642055799,2.82431260731812
-1.6134145682232,1.12972504292725
17.7475602504552,1.12972504292725
16.134145682232,-2.2594500858545
0,0
1.6134145682232,-6.77835025756348
3.2268291364464,-2.25945008585449
0,0
-1.6134145682232,-1.12972504292725
0,0

StrokePoints: 15
177.6,130.333333333333
177.6,129.203608290406
175.986585431777,128.073883247479
172.759756295331,125.814433161624
171.146341727107,116.776632818206
175.179878147665,113.952320210888
176.793292715888,112.822595167961
159.045732465433,111.692870125034
142.911586783201,113.952320210888
142.911586783201,113.952320210888
141.298172214978,120.730670468452
138.071343078532,122.990120554306
138.071343078532,122.990120554306
139.684757646755,124.119845597233
139.684757646755,124.119845597233

Velocities: 14
1,1
2,0
4,0
9,7
0,5
0,2
12,-10
8,-12
0,0
-5,-7
0,-4
0,0
-2,0
0,0

InverseVelocities: 14
0,0
0,0
0,0
0,0
0,0
0,0
0,0
0,0
0,0
0,0
0,0
0,0
0,0
0,0
