GestureName: swipe_up
Duration(ms): 799
Handedness: right

SpeakerAngles: 2
55
-55

InterpretedPoints: 17
0.806707284111599,0.564862521463623
0.806707284111599,0.564862521463623
2.4201218523348,1.69458756439087
4.03353642055799,2.82431260731812
3.22682913644639,4.51890017170899
4.03353642055799,5.08376269317261
0,0
3.2268291364464,2.25945008585449
2.4201218523348,1.69458756439087
0.806707284111599,1.69458756439087
-4.03353642055799,2.82431260731812
-2.4201218523348,1.69458756439087
0,0
0,0
0,0
-0.806707284111599,0.564862521463623
0,0

StrokePoints: 18
177.6,130.333333333333
176.793292715888,129.76847081187
175.986585431777,129.203608290406
173.566463579442,127.509020726015
169.532927158884,124.684708118697
166.306098022438,120.165807946988
162.27256160188,115.082045253815
162.27256160188,115.082045253815
159.045732465433,112.822595167961
156.625610613099,111.12800760357
155.818903328987,109.433420039179
159.852439749545,106.609107431861
162.27256160188,104.91451986747
162.27256160188,104.91451986747
162.27256160188,104.91451986747
162.27256160188,104.91451986747
163.079268885991,104.349657346007
163.079268885991,104.349657346007

Velocities: 17
1,0
1,0
3,0
5,0
6,2
7,2
0,0
4,0
3,0
2,1
0,5
0,3
0,0
0,0
0,0
0,1
0,0

InverseVelocities: 17
0,0
0,0
0,0
0,0
0,0
0,0
0,0
0,0
0,0
0,0
0,0
0,0
0,0
0,0
0,0
0,0
0,0
