GestureName: swipe_up
Duration(ms): 470
Handedness: right

SpeakerAngles: 2
55
-55

InterpretedPoints: 10
1.6134145682232,1.12972504292725
0,0
-4.03353642055799,2.82431260731812
0,6.77835025756348
0,7.90807530049073
0,7.90807530049073
-0.806707284111599,7.34321277902711
1.6134145682232,4.51890017170899
2.4201218523348,1.69458756439087
0,0

StrokePoints: 11
177.6,130.333333333333
175.986585431777,129.203608290406
175.986585431777,129.203608290406
180.020121852335,126.379295683088
180.020121852335,119.600945425524
180.020121852335,111.692870125034
180.020121852335,103.784794824543
180.826829136446,96.4415820455159
179.213414568223,91.9226818738069
176.793292715888,90.228094309416
176.793292715888,90.228094309416

Velocities: 10
2,0
0,0
0,5
6,6
7,7
7,7
6,7
5,3
3,0
0,0

InverseVelocities: 10
0,0
0,0
0,0
0,0
0,0
0,0
0,0
0,0
0,0
0,0
