GestureName: swipe_left
Duration(ms): 893
Handedness: right

SpeakerAngles: 2
55
-55

InterpretedPoints: 19
1.6134145682232,1.12972504292725
1.6134145682232,1.12972504292725
-1.6134145682232,1.12972504292725
0.806707284111599,1.69458756439087
1.6134145682232,2.25945008585449
-0.806707284111599,3.95403765024536
-4.84024370466959,3.38917512878174
0,0
1.6134145682232,1.12972504292725
8.87378012522759,6.21348773609986
9.68048740933918,6.77835025756348
12.9073165457856,4.51890017170899
14.5207311140088,-2.25945008585449
12.100609261674,-5.08376269317261
9.68048740933918,-6.77835025756348
4.84024370466959,-3.38917512878174
8.06707284111599,-5.64862521463624
0.806707284111599,-0.564862521463623
0,0

StrokePoints: 20
177.6,130.333333333333
175.986585431777,129.203608290406
174.373170863554,128.073883247479
175.986585431777,126.944158204552
175.179878147665,125.249570640161
173.566463579442,122.990120554306
174.373170863554,119.036082904061
179.213414568223,115.646907775279
179.213414568223,115.646907775279
177.6,114.517182732352
168.726219874773,108.303694996252
159.045732465433,101.525344738689
146.138415919648,97.0064445669795
131.617684805639,99.265894652834
119.517075543965,104.349657346007
109.836588134626,111.12800760357
104.996344429956,114.517182732352
96.9292715888402,120.165807946988
96.1225643047286,120.730670468452
96.1225643047286,120.730670468452

Velocities: 19
2,0
2,0
0,2
2,1
3,1
3,4
0,6
0,0
2,0
11,0
12,0
12,-4
7,-11
3,-12
0,-12
0,-6
0,-10
0,-1
0,0

InverseVelocities: 19
0,0
0,0
0,0
0,0
0,0
0,0
0,0
0,0
0,0
0,0
0,0
0,0
0,0
0,0
0,0
0,0
0,0
0,0
0,0
