GestureName: swipe_down
Duration(ms): 423
Handedness: right

SpeakerAngles: 2
55
-55

InterpretedPoints: 9
0.806707284111599,-0.564862521463623
0.806707284111599,-2.82431260731812
2.4201218523348,-1.69458756439087
-1.6134145682232,-3.38917512878174
-0.806707284111599,-5.08376269317261
-1.6134145682232,-4.51890017170899
-2.4201218523348,-3.95403765024536
-0.806707284111599,-5.08376269317261
0,0

StrokePoints: 10
177.6,130.333333333333
176.793292715888,130.898195854797
175.986585431777,133.722508462115
173.566463579442,135.417096026506
175.179878147665,138.806271155288
175.986585431777,143.89003384846
177.6,148.408934020169
180.020121852335,152.362971670415
180.826829136446,157.446734363587
180.826829136446,157.446734363587

Velocities: 9
0,-1
-2,-3
0,-3
-4,-2
-5,-4
-5,-3
-5,-2
-5,-4
0,0

InverseVelocities: 9
0,0
0,0
0,0
0,0
0,0
0,0
0,0
0,0
0,0
