GestureName: swipe_right
Duration(ms): 846
Handedness: right

SpeakerAngles: 2
55
-55

InterpretedPoints: 18
1.6134145682232,1.12972504292725
2.4201218523348,1.69458756439087
0,0
1.6134145682232,5.64862521463624
-1.6134145682232,7.90807530049073
-2.4201218523348,6.21348773609986
-6.45365827289279,6.77835025756348
-7.26036555700439,0.564862521463624
-8.87378012522759,-0.564862521463624
-7.26036555700439,-1.69458756439087
-6.45365827289279,-4.51890017170899
0,0
-5.64695098878119,-3.95403765024536
-4.84024370466959,-3.38917512878174
-4.84024370466959,-3.38917512878174
-3.2268291364464,-2.25945008585449
-0.806707284111599,-0.564862521463623
0,0

StrokePoints: 19
177.6,130.333333333333
175.986585431777,129.203608290406
173.566463579442,127.509020726015
173.566463579442,127.509020726015
171.953049011219,121.860395511379
173.566463579442,113.952320210888
175.986585431777,107.738832474788
182.44024370467,100.960482217225
189.700609261674,100.395619695761
198.574389386902,100.960482217225
205.834754943906,102.655069781616
212.288413216799,107.173969953325
212.288413216799,107.173969953325
217.93536420558,111.12800760357
222.77560791025,114.517182732352
227.615851614919,117.906357861134
230.842680751366,120.165807946988
231.649388035477,120.730670468452
231.649388035477,120.730670468452

Velocities: 18
2,0
3,0
0,0
6,4
6,8
4,7
2,10
-4,5
-6,5
-6,3
-8,0
0,0
-7,0
-6,0
-6,0
-4,0
-1,0
0,0

InverseVelocities: 18
0,0
0,0
0,0
0,0
0,0
0,0
0,0
0,0
0,-5
0,0
0,0
0,0
0,0
0,0
0,0
0,0
0,0
0,0
