GestureName: swipe_left
Duration(ms): 705
Handedness: right

SpeakerAngles: 2
55
-55

InterpretedPoints: 15
-0.806707284111599,0.564862521463623
-1.6134145682232,2.25945008585449
-1.6134145682232,4.51890017170899
-0.806707284111599,5.08376269317261
2.4201218523348,7.34321277902711
0,0
0,0
9.68048740933918,6.77835025756348
10.4871946934508,3.95403765024536
12.9073165457856,-2.25945008585449
9.68048740933918,-6.77835025756348
8.87378012522759,-6.21348773609986
7.26036555700439,-5.08376269317261
6.45365827289279,-4.51890017170899
0,0

StrokePoints: 16
177.6,130.333333333333
178.406707284112,129.76847081187
180.020121852335,127.509020726015
181.633536420558,122.990120554306
182.44024370467,117.906357861134
180.020121852335,110.563145082107
180.020121852335,110.563145082107
180.020121852335,110.563145082107
170.339634442996,103.784794824543
159.852439749545,99.8307571742976
146.945123203759,102.090207260152
137.26463579442,108.868557517716
128.390855669193,115.082045253815
121.130490112188,120.165807946988
114.676831839295,124.684708118697
114.676831839295,124.684708118697

Velocities: 15
0,1
1,3
3,5
4,5
8,5
0,0
0,0
12,0
10,-3
6,-10
0,-12
0,-11
0,-9
0,-8
0,0

InverseVelocities: 15
0,0
0,0
0,0
0,0
0,0
0,0
0,0
0,0
0,0
0,0
0,0
0,0
0,0
0,0
0,0
