GestureName: swipe_down
Duration(ms): 282
Handedness: right

SpeakerAngles: 2
55
-55

InterpretedPoints: 6
-0.806707284111599,-0.564862521463623
4.03353642055799,-2.82431260731812
-1.6134145682232,-5.64862521463624
-3.2268291364464,-9.03780034341798
-6.45365827289279,-4.51890017170899
0,0

StrokePoints: 7
177.6,130.333333333333
178.406707284112,130.898195854797
174.373170863554,133.722508462115
175.986585431777,139.371133676751
179.213414568223,148.408934020169
185.667072841116,152.927834191878
185.667072841116,152.927834191878

Velocities: 6
-1,0
0,-5
-6,-4
-10,-6
-8,0
0,0

InverseVelocities: 6
0,0
0,0
0,0
0,0
0,0
0,0
