GestureName: swipe_up
Duration(ms): 517
Handedness: right

SpeakerAngles: 2
55
-55

InterpretedPoints: 11
1.6134145682232,2.25945008585449
0,0
0,0
-5.64695098878119,3.95403765024536
1.6134145682232,10.1675253863452
-6.45365827289279,4.51890017170899
4.03353642055799,7.34321277902711
-0.806707284111599,3.95403765024536
-1.6134145682232,6.77835025756348
-2.4201218523348,3.95403765024536
0,0

StrokePoints: 12
177.6,130.333333333333
175.986585431777,128.073883247479
175.986585431777,128.073883247479
175.986585431777,128.073883247479
181.633536420558,124.119845597233
180.020121852335,113.952320210888
186.473780125228,109.433420039179
182.44024370467,102.090207260152
183.246950988781,98.1361696099068
184.860365557004,91.3578193523433
187.280487409339,87.4037817020979
187.280487409339,87.4037817020979

Velocities: 11
3,1
0,0
0,0
0,7
10,8
0,8
9,4
3,4
5,7
2,5
0,0

InverseVelocities: 11
0,0
0,0
0,0
0,0
0,0
0,0
0,0
0,0
0,0
0,0
0,0
