GestureName: swipe_left
Duration(ms): 658
Handedness: right

SpeakerAngles: 2
55
-55

InterpretedPoints: 14
-0.806707284111599,2.82431260731812
-2.4201218523348,6.21348773609986
1.6134145682232,6.77835025756348
0,0
-7.26036555700439,5.08376269317261
0,0
10.4871946934508,6.21348773609986
12.9073165457856,0
8.06707284111599,-4.51890017170899
7.26036555700439,-5.08376269317261
0,0
2.4201218523348,-1.69458756439087
1.6134145682232,-9.03780034341798
0,0

StrokePoints: 15
177.6,130.333333333333
178.406707284112,127.509020726015
180.826829136446,121.295532989915
179.213414568223,114.517182732352
179.213414568223,114.517182732352
186.473780125228,109.433420039179
186.473780125228,109.433420039179
175.986585431777,103.219932303079
163.079268885991,103.219932303079
155.012196044875,107.738832474788
147.751830487871,112.822595167961
147.751830487871,112.822595167961
145.331708635536,114.517182732352
143.718294067313,123.55498307577
143.718294067313,123.55498307577

Velocities: 14
2,3
4,7
7,5
0,0
0,9
0,0
12,-1
8,-8
1,-9
0,-9
0,0
0,-3
-7,-9
0,0

InverseVelocities: 14
0,0
0,0
0,0
0,0
0,0
0,0
0,0
0,0
0,0
0,0
0,0
0,0
0,0
0,0
