GestureName: swipe_down
Duration(ms): 329
Handedness: right

SpeakerAngles: 2
55
-55

InterpretedPoints: 7
-0.806707284111599,-1.69458756439087
0.806707284111599,-5.08376269317261
0,-4.51890017170899
3.2268291364464,-3.38917512878174
-1.6134145682232,-5.64862521463624
-3.2268291364464,-2.25945008585449
0,0

StrokePoints: 8
177.6,130.333333333333
178.406707284112,132.027920897724
177.6,137.111683590897
177.6,141.630583762606
174.373170863554,145.019758891388
175.986585431777,150.668384106024
179.213414568223,152.927834191878
179.213414568223,152.927834191878

Velocities: 7
-2,-1
-4,-5
-4,-4
-1,-5
-6,-4
-4,0
0,0

InverseVelocities: 7
0,0
0,0
0,0
0,0
0,0
0,0
0,0
