GestureName: swipe_left
Duration(ms): 705
Handedness: right

SpeakerAngles: 2
55
-55

InterpretedPoints: 15
-0.806707284111599,0.564862521463623
0,2.25945008585449
-2.4201218523348,1.69458756439087
1.6134145682232,7.90807530049073
0,0
0,0
14.5207311140088,3.38917512878174
18.5542675345668,-0.564862521463625
9.68048740933918,-6.77835025756348
6.45365827289279,-4.51890017170899
0,0
0,0
0,0
-0.806707284111599,-0.564862521463623
0,0

StrokePoints: 16
177.6,130.333333333333
178.406707284112,129.76847081187
178.406707284112,127.509020726015
180.826829136446,125.814433161624
179.213414568223,117.906357861134
179.213414568223,117.906357861134
179.213414568223,117.906357861134
164.692683454215,114.517182732352
146.138415919648,115.082045253815
136.457928510309,121.860395511379
130.004270237416,126.379295683088
130.004270237416,126.379295683088
130.004270237416,126.379295683088
130.004270237416,126.379295683088
130.810977521527,126.944158204552
130.810977521527,126.944158204552

Velocities: 15
0,1
2,2
0,3
8,6
0,0
0,0
12,-6
11,-12
0,-12
0,-8
0,0
0,0
0,0
-1,0
0,0

InverseVelocities: 15
0,0
0,0
0,0
0,0
0,0
0,0
0,0
-5,0
0,0
0,0
0,0
0,0
0,0
0,0
0,0
