GestureName: swipe_right
Duration(ms): 893
Handedness: right

SpeakerAngles: 2
55
-55

InterpretedPoints: 19
0.806707284111599,0.564862521463623
0,0
-0.806707284111599,0.564862521463623
1.6134145682232,4.51890017170899
-0.806707284111599,7.34321277902711
-2.4201218523348,7.34321277902711
-4.03353642055799,6.21348773609986
-6.45365827289279,4.51890017170899
-12.100609261674,2.82431260731812
-10.4871946934508,-0.564862521463623
-8.87378012522759,-5.08376269317261
-9.68048740933918,-6.77835025756348
-9.68048740933918,-6.77835025756348
-5.64695098878119,-3.95403765024536
0,-5.64862521463624
-1.6134145682232,-1.12972504292725
3.22682913644639,-4.51890017170899
-1.6134145682232,-1.12972504292725
0,0

StrokePoints: 20
177.6,130.333333333333
176.793292715888,129.76847081187
176.793292715888,129.76847081187
177.6,129.203608290406
175.986585431777,124.684708118697
176.793292715888,117.34149533967
179.213414568223,109.998282560643
183.246950988781,103.784794824543
189.700609261674,99.265894652834
201.801218523348,96.4415820455159
212.288413216799,97.0064445669795
221.162193342026,102.090207260152
230.842680751366,108.868557517716
240.523168160705,115.646907775279
246.170119149486,119.600945425524
246.170119149486,125.249570640161
247.783533717709,126.379295683088
244.556704581263,130.898195854797
246.170119149486,132.027920897724
246.170119149486,132.027920897724

Velocities: 19
1,0
0,0
0,1
5,3
6,7
5,8
3,8
0,8
-5,10
-7,6
-10,1
-12,0
-12,0
-7,0
-5,-5
-2,0
-2,-6
-2,0
0,0

InverseVelocities: 19
0,0
0,0
0,0
0,0
0,0
0,0
0,0
0,0
0,-3
0,0
0,0
0,0
0,0
0,0
0,0
0,0
0,0
0,0
0,0
