GestureName: swipe_left
Duration(ms): 705
Handedness: right

SpeakerAngles: 2
55
-55

InterpretedPoints: 15
-0.806707284111599,0.564862521463623
-2.4201218523348,1.69458756439087
-1.6134145682232,4.51890017170899
-0.806707284111599,3.95403765024536
5.64695098878119,3.95403765024536
0,0
0,0
7.26036555700439,6.21348773609986
9.68048740933918,6.77835025756348
16.9408529663436,0.564862521463623
13.7140238298972,-3.95403765024537
9.68048740933918,-6.77835025756348
9.68048740933918,-6.77835025756348
1.6134145682232,-1.12972504292725
0,0

StrokePoints: 16
177.6,130.333333333333
178.406707284112,129.76847081187
180.826829136446,128.073883247479
182.44024370467,123.55498307577
183.246950988781,119.600945425524
177.6,115.646907775279
177.6,115.646907775279
177.6,115.646907775279
170.339634442996,109.433420039179
160.659147033657,102.655069781616
143.718294067313,102.090207260152
130.004270237416,106.044244910398
120.323782828077,112.822595167961
110.643295418737,119.600945425524
109.029880850514,120.730670468452
109.029880850514,120.730670468452

Velocities: 15
0,1
0,3
3,5
3,4
7,0
0,0
0,0
10,1
12,0
11,-10
5,-12
0,-12
0,-12
0,-2
0,0

InverseVelocities: 15
0,0
0,0
0,0
0,0
0,0
0,0
0,0
0,0
0,0
0,0
0,0
0,0
0,0
0,0
0,0
