GestureName: swipe_up
Duration(ms): 517
Handedness: right

SpeakerAngles: 2
55
-55

InterpretedPoints: 11
-0.806707284111599,0.564862521463623
-2.4201218523348,1.69458756439087
0,0
3.2268291364464,3.38917512878174
1.6134145682232,6.77835025756348
2.4201218523348,7.34321277902711
3.2268291364464,6.77835025756348
3.2268291364464,2.25945008585449
0.806707284111599,1.69458756439087
-1.6134145682232,1.12972504292725
0,0

StrokePoints: 12
177.6,130.333333333333
178.406707284112,129.76847081187
180.826829136446,128.073883247479
180.826829136446,128.073883247479
177.6,124.684708118697
175.986585431777,117.906357861134
173.566463579442,110.563145082107
170.339634442996,103.784794824543
167.112805306549,101.525344738689
166.306098022438,99.8307571742976
167.919512590661,98.7010321313704
167.919512590661,98.7010321313704

Velocities: 11
0,1
0,3
0,0
5,1
7,5
8,5
8,4
4,0
2,1
0,2
0,0

InverseVelocities: 11
0,0
0,0
0,0
0,0
0,0
0,0
0,0
0,0
0,0
0,0
0,0
