GestureName: swipe_up
Duration(ms): 658
Handedness: right

SpeakerAngles: 2
55
-55

InterpretedPoints: 14
0.806707284111599,0.564862521463623
1.6134145682232,1.12972504292725
1.6134145682232,1.12972504292725
0,0
2.4201218523348,1.69458756439087
3.22682913644639,4.51890017170899
4.03353642055799,2.82431260731812
4.84024370466959,3.38917512878174
2.4201218523348,3.95403765024536
0,5.64862521463624
0,0
0,0
-1.6134145682232,1.12972504292725
0,0

StrokePoints: 15
177.6,130.333333333333
176.793292715888,129.76847081187
175.179878147665,128.638745768942
173.566463579442,127.509020726015
173.566463579442,127.509020726015
171.146341727107,125.814433161624
167.919512590661,121.295532989915
163.885976170103,118.471220382597
159.045732465433,115.082045253815
156.625610613099,111.12800760357
156.625610613099,105.479382388934
156.625610613099,105.479382388934
156.625610613099,105.479382388934
158.239025181322,104.349657346007
158.239025181322,104.349657346007

Velocities: 14
1,0
2,0
2,0
0,0
3,0
6,2
5,0
6,0
5,2
5,5
0,0
0,0
0,2
0,0

InverseVelocities: 14
0,0
0,0
0,0
0,0
0,0
0,0
0,0
0,0
-1,0
0,0
0,0
0,0
0,0
0,0
