GestureName: swipe_down
Duration(ms): 470
Handedness: right

SpeakerAngles: 2
55
-55

InterpretedPoints: 10
-3.2268291364464,-2.25945008585449
-1.6134145682232,-4.51890017170899
3.2268291364464,-2.25945008585449
3.2268291364464,-2.25945008585449
2.4201218523348,-1.69458756439087
0,0
-4.03353642055799,-2.82431260731812
-2.4201218523348,-1.69458756439087
-1.6134145682232,-1.12972504292725
0,0

StrokePoints: 11
177.6,130.333333333333
180.826829136446,132.592783419188
182.44024370467,137.111683590897
179.213414568223,139.371133676751
175.986585431777,141.630583762606
173.566463579442,143.325171326997
173.566463579442,143.325171326997
177.6,146.149483934315
180.020121852335,147.844071498706
181.633536420558,148.973796541633
181.633536420558,148.973796541633

Velocities: 10
-4,0
-5,-3
0,-4
0,-4
0,-3
0,0
-5,0
-3,0
-2,0
0,0

InverseVelocities: 10
0,0
0,0
0,0
0,0
0,0
0,0
0,0
0,0
0,0
0,0
