GestureName: swipe_right
Duration(ms): 987
Handedness: right

SpeakerAngles: 2
55
-55

InterpretedPoints: 21
0.806707284111599,0.564862521463623
1.6134145682232,1.12972504292725
2.4201218523348,1.69458756439087
-1.6134145682232,1.12972504292725
-1.6134145682232,1.12972504292725
0,4.51890017170899
-3.2268291364464,6.77835025756348
-5.64695098878119,3.95403765024536
-5.64695098878119,3.95403765024536
-8.06707284111599,3.38917512878174
-8.87378012522759,1.69458756439087
-6.45365827289279,-2.25945008585449
-4.84024370466959,-3.38917512878174
-8.06707284111599,-5.64862521463624
-8.06707284111599,-5.64862521463624
-8.06707284111599,-5.64862521463624
-4.03353642055799,-2.82431260731812
0.806707284111599,-2.82431260731812
1.6134145682232,-2.25945008585449
0.806707284111599,-0.564862521463623
0,0

StrokePoints: 22
177.6,130.333333333333
176.793292715888,129.76847081187
175.179878147665,128.638745768942
172.75975629533,126.944158204552
174.373170863554,125.814433161624
175.986585431777,124.684708118697
175.986585431777,120.165807946988
179.213414568223,113.387457689425
184.860365557004,109.433420039179
190.507316545786,105.479382388934
198.574389386902,102.090207260152
207.448169512129,100.395619695761
213.901827785022,102.655069781616
218.742071489692,106.044244910398
226.809144330808,111.692870125034
234.876217171924,117.34149533967
242.94329001304,122.990120554306
246.976826433598,125.814433161624
246.170119149486,128.638745768942
244.556704581263,130.898195854797
243.749997297151,131.463058376261
243.749997297151,131.463058376261

Velocities: 21
1,0
2,0
3,0
0,2
0,2
4,4
4,8
0,7
0,7
-2,8
-4,7
-6,2
-6,0
-10,0
-10,0
-10,0
-5,0
-2,-3
-1,-3
0,-1
0,0

InverseVelocities: 21
0,0
0,0
0,0
0,0
0,0
0,0
0,0
0,0
0,0
0,0
0,0
0,0
0,0
0,0
0,0
0,0
0,0
0,0
0,0
0,0
0,0
