GestureName: swipe_down
Duration(ms): 423
Handedness: right

SpeakerAngles: 2
55
-55

InterpretedPoints: 9
2.4201218523348,-1.69458756439087
0.806707284111599,-2.82431260731812
-0.806707284111599,-2.82431260731812
-0.806707284111599,-3.95403765024536
0,-3.38917512878174
0,-2.25945008585449
-0.806707284111599,-0.564862521463623
-0.806707284111599,-0.564862521463623
0,0

StrokePoints: 10
177.6,130.333333333333
175.179878147665,132.027920897724
174.373170863554,134.852233505042
175.179878147665,137.67654611236
175.986585431777,141.630583762606
175.986585431777,145.019758891388
175.986585431777,147.279208977242
176.793292715888,147.844071498706
177.6,148.408934020169
177.6,148.408934020169

Velocities: 9
0,-3
-2,-3
-3,-2
-4,-3
-3,-3
-2,-2
-1,0
-1,0
0,0

InverseVelocities: 9
0,0
0,0
0,0
0,0
0,0
0,0
0,0
0,0
0,0
