GestureName: swipe_right
Duration(ms): 940
Handedness: right

SpeakerAngles: 2
55
-55

InterpretedPoints: 20
0.806707284111599,0.564862521463623
1.6134145682232,1.12972504292725
3.2268291364464,2.25945008585449
-1.6134145682232,1.12972504292725
-3.2268291364464,2.25945008585449
-1.6134145682232,6.77835025756348
-4.84024370466959,9.03780034341798
-8.06707284111599,6.77835025756348
-6.45365827289279,1.12972504292725
-9.68048740933918,-4.51890017170899
-9.68048740933918,-6.77835025756348
-9.68048740933918,-6.77835025756348
0,0
0,0
-3.2268291364464,-2.25945008585449
-1.6134145682232,-1.12972504292725
0,0
2.4201218523348,-1.69458756439087
0.806707284111599,-0.564862521463623
0,0

StrokePoints: 21
177.6,130.333333333333
176.793292715888,129.76847081187
175.179878147665,128.638745768942
171.953049011219,126.379295683088
173.566463579442,125.249570640161
176.793292715888,122.990120554306
178.406707284112,116.211770296743
183.246950988781,107.173969953325
191.314023829897,100.395619695761
197.76768210279,99.265894652834
207.448169512129,103.784794824543
217.128656921468,110.563145082107
226.809144330808,117.34149533967
226.809144330808,117.34149533967
226.809144330808,117.34149533967
230.035973467254,119.600945425525
231.649388035477,120.730670468452
231.649388035477,120.730670468452
229.229266183142,122.425258032843
228.422558899031,122.990120554306
228.422558899031,122.990120554306

Velocities: 20
1,0
2,0
4,0
0,2
0,4
5,7
5,11
1,11
-3,5
-10,2
-12,0
-12,0
0,0
0,0
-4,0
-2,0
0,0
0,-3
0,-1
0,0

InverseVelocities: 20
0,0
0,0
0,0
0,0
0,0
0,0
0,0
-4,0
0,0
0,0
0,0
0,0
0,0
0,0
0,0
0,0
0,0
0,0
0,0
0,0
