GestureName: swipe_up
Duration(ms): 470
Handedness: right

SpeakerAngles: 2
55
-55

InterpretedPoints: 10
0,1.12972504292725
-0.806707284111599,2.82431260731812
0,4.51890017170899
-3.2268291364464,2.25945008585449
0.806707284111599,7.34321277902711
0,7.90807530049073
3.2268291364464,6.77835025756348
-6.45365827289279,7.90807530049073
-4.84024370466959,3.38917512878174
0,0

StrokePoints: 11
177.6,130.333333333333
177.6,129.203608290406
178.406707284112,126.379295683088
178.406707284112,121.860395511379
181.633536420558,119.600945425524
180.826829136446,112.257732646497
180.826829136446,104.349657346007
177.6,97.5713070884431
184.053658272893,89.6632317879524
188.893901977562,86.2740566591707
188.893901977562,86.2740566591707

Velocities: 10
1,1
2,3
4,4
0,4
7,6
7,7
8,4
3,11
0,6
0,0

InverseVelocities: 10
0,0
0,0
0,0
0,0
0,0
0,0
0,0
0,0
0,0
0,0
