GestureName: tap_up
Duration(ms): 846
Handedness: right

SpeakerAngles: 2
55
-55

InterpretedPoints: 18
0.806707284111599,1.69458756439087
0,2.25945008585449
2.4201218523348,1.69458756439087
4.84024370466959,3.38917512878174
1.6134145682232,6.77835025756348
-0.806707284111599,7.34321277902711
0,5.64862521463624
1.6134145682232,1.12972504292725
0,0
0,0
0,0
0,1.12972504292725
1.6134145682232,1.12972504292725
0.806707284111599,-1.69458756439087
1.6134145682232,-1.12972504292725
-2.4201218523348,-2.82431260731812
-3.2268291364464,-2.25945008585449
0,0

StrokePoints: 19
177.6,130.333333333333
176.793292715888,128.638745768942
176.793292715888,126.379295683088
174.373170863554,124.684708118697
169.532927158884,121.295532989915
167.919512590661,114.517182732352
168.726219874772,107.173969953325
168.726219874772,101.525344738689
167.112805306549,100.395619695761
167.112805306549,100.395619695761
167.112805306549,100.395619695761
167.112805306549,100.395619695761
167.112805306549,99.265894652834
165.499390738326,98.1361696099068
164.692683454214,99.8307571742976
163.079268885991,100.960482217225
165.499390738326,103.784794824543
168.726219874772,106.044244910398
168.726219874772,106.044244910398

Velocities: 18
2,1
2,2
3,0
6,0
7,5
6,7
5,5
2,0
0,0
0,0
0,0
1,1
2,0
-1,-2
0,-2
-4,-1
-4,0
0,0

InverseVelocities: 18
0,0
0,0
0,0
0,0
0,0
-2,0
0,0
0,0
0,0
0,0
0,0
-1,0
-3,0
0,0
0,0
0,0
0,0
0,0
