GestureName: tap_down
Duration(ms): 940
Handedness: right

SpeakerAngles: 2
55
-55

InterpretedPoints: 20
0.806707284111599,-0.564862521463623
-1.6134145682232,-1.12972504292725
1.6134145682232,-1.12972504292725
0.806707284111599,-2.82431260731812
-0.806707284111599,-5.08376269317261
-0.806707284111599,-3.95403765024536
-0.806707284111599,-2.82431260731812
0,-1.12972504292725
0,0
0,0
1.6134145682232,1.12972504292725
0,3.38917512878174
-0.806707284111599,5.08376269317261
-0.806707284111599,5.08376269317261
-0.806707284111599,3.95403765024536
3.2268291364464,3.38917512878174
2.4201218523348,3.95403765024536
0,0
0.806707284111599,0.564862521463623
0,0

StrokePoints: 21
177.6,130.333333333333
176.793292715888,130.898195854797
178.406707284112,132.027920897724
176.793292715888,133.157645940651
175.986585431777,135.98195854797
176.793292715888,141.065721241142
177.6,145.019758891388
178.406707284112,147.844071498706
178.406707284112,148.973796541633
178.406707284112,148.973796541633
178.406707284112,148.973796541633
176.793292715888,147.844071498706
176.793292715888,144.454896369924
177.6,139.371133676751
178.406707284112,134.287370983579
179.213414568223,130.333333333333
175.986585431777,126.944158204552
173.566463579442,122.990120554306
173.566463579442,122.990120554306
172.759756295331,122.425258032843
172.759756295331,122.425258032843

Velocities: 20
0,-1
-2,0
0,-2
-2,-3
-5,-4
-4,-3
-3,-2
-1,-1
0,0
0,0
2,0
3,3
4,5
4,5
3,4
5,1
5,2
0,0
1,0
0,0

InverseVelocities: 20
0,0
0,0
0,0
0,0
0,0
0,0
0,0
0,0
0,0
0,0
0,0
0,0
0,0
0,0
0,0
0,0
0,0
0,0
0,0
0,0
