GestureName: tap_left
Duration(ms): 846
Handedness: right

SpeakerAngles: 2
55
-55

InterpretedPoints: 18
8.06707284111599,5.64862521463624
8.87378012522759,1.69458756439087
6.45365827289279,-3.38917512878174
4.84024370466959,-3.38917512878174
-3.2268291364464,-2.25945008585449
-0.806707284111599,-0.564862521463623
0,0
0,0
-0.806707284111599,0.564862521463623
-1.6134145682232,1.12972504292725
-2.4201218523348,1.69458756439087
-5.64695098878119,3.95403765024536
-12.100609261674,2.82431260731812
-9.68048740933918,1.12972504292725
-5.64695098878119,-3.95403765024536
-1.6134145682232,-1.12972504292725
-0.806707284111599,-0.564862521463623
0,0

StrokePoints: 19
177.6,130.333333333333
169.532927158884,124.684708118697
160.659147033656,122.990120554306
154.205488760764,126.379295683088
149.365245056094,129.76847081187
152.59207419254,132.027920897724
153.398781476652,132.592783419188
153.398781476652,132.592783419188
153.398781476652,132.592783419188
154.205488760764,132.027920897724
155.818903328987,130.898195854797
158.239025181322,129.203608290406
163.885976170103,125.249570640161
175.986585431777,122.425258032843
185.667072841116,121.295532989915
191.314023829897,125.249570640161
192.92743839812,126.379295683088
193.734145682232,126.944158204552
193.734145682232,126.944158204552

Velocities: 18
10,0
7,-4
1,-7
0,-6
-4,0
-1,0
0,0
0,0
0,1
0,2
0,3
0,7
-5,10
-5,7
-7,0
-2,0
-1,0
0,0

InverseVelocities: 18
0,0
0,0
0,0
0,0
0,0
0,0
0,0
0,0
0,0
0,0
0,0
0,0
0,0
0,0
0,0
0,0
0,0
0,0
