GestureName: tap_left
Duration(ms): 940
Handedness: right

SpeakerAngles: 2
55
-55

InterpretedPoints: 20
0.806707284111599,0.564862521463623
5.64695098878119,3.95403765024536
1.6134145682232,1.12972504292725
9.68048740933918,1.12972504292725
8.87378012522759,-1.69458756439087
5.64695098878119,-3.95403765024536
1.6134145682232,-4.51890017170899
-2.4201218523348,-1.69458756439087
0,0
0,0
-0.806707284111599,0.564862521463623
1.6134145682232,3.38917512878174
-1.6134145682232,1.12972504292725
-7.26036555700439,5.08376269317261
-8.87378012522759,3.95403765024536
-8.87378012522759,2.82431260731812
0,0
-2.4201218523348,-1.69458756439087
-1.6134145682232,-1.12972504292725
0,0

StrokePoints: 21
177.6,130.333333333333
176.793292715888,129.76847081187
171.146341727107,125.814433161624
169.532927158884,124.684708118697
159.852439749545,123.55498307577
150.978659624317,125.249570640161
145.331708635536,129.203608290406
143.718294067313,133.722508462115
146.138415919648,135.417096026506
146.138415919648,135.417096026506
146.138415919648,135.417096026506
146.945123203759,134.852233505042
145.331708635536,131.463058376261
146.945123203759,130.333333333333
154.205488760764,125.249570640161
163.079268885991,121.295532989915
171.953049011219,118.471220382597
171.953049011219,118.471220382597
174.373170863554,120.165807946988
175.986585431777,121.295532989915
175.986585431777,121.295532989915

Velocities: 20
1,0
7,0
2,0
7,-5
4,-7
0,-7
-3,-5
-3,0
0,0
0,0
0,1
4,2
0,2
0,9
-2,9
-3,8
0,0
-3,0
-2,0
0,0

InverseVelocities: 20
0,0
0,0
0,0
0,0
0,0
0,0
0,0
0,0
0,0
0,0
0,0
0,0
0,0
0,0
0,0
0,0
0,0
0,0
0,0
0,0
