GestureName: tap_left
Duration(ms): 1128
Handedness: right

SpeakerAngles: 2
55
-55

InterpretedPoints: 24
0.806707284111599,0.564862521463623
0,0
3.2268291364464,2.25945008585449
3.2268291364464,2.25945008585449
5.64695098878119,1.69458756439087
7.26036555700439,-0.564862521463624
5.64695098878119,-1.69458756439087
3.2268291364464,-2.25945008585449
0,0
0,-1.12972504292725
-0.806707284111599,-0.564862521463623
-1.6134145682232,-1.12972504292725
-0.806707284111599,-0.564862521463623
0,0
0,0
0,0
0,2.25945008585449
-2.4201218523348,1.69458756439087
-0.806707284111599,5.08376269317261
-6.45365827289279,3.38917512878174
-8.87378012522759,2.82431260731812
-6.45365827289279,0
-0.806707284111599,0.564862521463623
0,0

StrokePoints: 25
177.6,130.333333333333
176.793292715888,129.76847081187
176.793292715888,129.76847081187
173.566463579442,127.509020726015
170.339634442996,125.249570640161
164.692683454215,123.55498307577
157.43231789721,124.119845597233
151.785366908429,125.814433161624
148.558537771983,128.073883247479
148.558537771983,128.073883247479
148.558537771983,129.203608290406
149.365245056094,129.76847081187
150.978659624317,130.898195854797
151.785366908429,131.463058376261
151.785366908429,131.463058376261
151.785366908429,131.463058376261
151.785366908429,131.463058376261
151.785366908429,129.203608290406
154.205488760764,127.509020726015
155.012196044875,122.425258032843
161.465854317768,119.036082904061
170.339634442996,116.211770296743
176.793292715889,116.211770296743
177.6,115.646907775279
177.6,115.646907775279

Velocities: 24
1,0
0,0
4,0
4,0
5,-2
4,-5
2,-5
0,-4
0,0
-1,-1
-1,0
-2,0
-1,0
0,0
0,0
0,0
2,2
0,3
4,5
-1,7
-3,8
-4,4
0,1
0,0

InverseVelocities: 24
0,0
0,0
0,0
0,0
0,0
-1,0
0,0
0,0
0,0
0,0
0,0
0,0
0,0
0,0
0,0
0,0
0,0
0,0
0,0
0,0
0,0
0,0
0,0
0,0
