GestureName: tap_right
Duration(ms): 1175
Handedness: right

SpeakerAngles: 2
55
-55

InterpretedPoints: 25
-0.806707284111599,2.82431260731812
-1.6134145682232,3.38917512878174
-0.806707284111599,3.95403765024536
-3.2268291364464,3.38917512878174
-8.06707284111599,1.12972504292725
-4.84024370466959,1.12972504292725
-6.45365827289279,-4.51890017170899
-4.84024370466959,-3.38917512878174
-4.03353642055799,-2.82431260731812
0,0
-0.806707284111599,-0.564862521463623
0,0
0,0
0,0
-0.806707284111599,0.564862521463623
-1.6134145682232,1.12972504292725
0,0
0,0
6.45365827289279,4.51890017170899
9.68048740933919,5.64862521463624
8.06707284111599,2.25945008585449
5.64695098878119,-0.564862521463623
3.2268291364464,-2.25945008585449
1.6134145682232,-1.12972504292725
0,0

StrokePoints: 26
177.6,130.333333333333
178.406707284112,127.509020726015
180.020121852335,124.119845597233
180.826829136446,120.165807946988
184.053658272893,116.776632818206
192.120731114009,115.646907775279
196.960974818678,114.517182732352
203.414633091571,119.036082904061
208.254876796241,122.425258032843
212.288413216799,125.249570640161
212.288413216799,125.249570640161
213.09512050091,125.814433161624
213.09512050091,125.814433161624
213.09512050091,125.814433161624
213.09512050091,125.814433161624
213.901827785022,125.249570640161
215.515242353245,124.119845597233
215.515242353245,124.119845597233
215.515242353245,124.119845597233
209.061584080352,119.600945425524
199.381096671013,113.952320210888
191.314023829897,111.692870125034
185.667072841116,112.257732646497
182.44024370467,114.517182732352
180.826829136447,115.646907775279
180.826829136447,115.646907775279

Velocities: 25
2,3
2,4
3,4
1,5
-4,6
-2,4
-8,0
-6,0
-5,0
0,0
-1,0
0,0
0,0
0,0
0,1
0,2
0,0
0,0
8,0
11,-1
7,-3
3,-4
0,-4
0,-2
0,0

InverseVelocities: 25
0,0
0,0
0,0
0,0
0,0
0,0
0,0
0,0
0,0
0,0
0,0
0,0
0,0
0,0
0,0
0,0
0,0
0,0
0,0
0,0
0,0
0,0
0,0
0,0
0,0
