GestureName: tap_up
Duration(ms): 1081
Handedness: right

SpeakerAngles: 2
55
-55

InterpretedPoints: 23
0.806707284111599,0.564862521463623
0,2.25945008585449
0,3.38917512878174
0.806707284111599,5.08376269317261
-0.806707284111599,6.21348773609986
2.4201218523348,6.21348773609986
0,7.90807530049073
0,6.77835025756348
1.6134145682232,3.38917512878174
-4.03353642055799,2.82431260731812
0,0
0,0
0.806707284111599,-0.564862521463623
0.806707284111599,-1.69458756439087
0.806707284111599,-0.564862521463623
0.806707284111599,-0.564862521463623
-1.6134145682232,-3.38917512878174
-1.6134145682232,-3.38917512878174
-0.806707284111599,-1.69458756439087
-1.6134145682232,-1.12972504292725
-0.806707284111599,-0.564862521463623
-0.806707284111599,-0.564862521463623
0,0

StrokePoints: 24
177.6,130.333333333333
176.793292715888,129.76847081187
176.793292715888,127.509020726015
176.793292715888,124.119845597233
175.986585431777,119.036082904061
176.793292715888,112.822595167961
174.373170863554,106.609107431861
174.373170863554,98.7010321313704
174.373170863554,91.9226818738069
172.75975629533,88.5335067450252
176.793292715888,85.709194137707
176.793292715888,85.709194137707
176.793292715888,85.709194137707
175.986585431777,86.2740566591707
175.179878147665,87.9686442235615
174.373170863554,88.5335067450252
173.566463579442,89.0983692664888
175.179878147665,92.4875443952705
176.793292715888,95.8767195240523
177.6,97.5713070884431
179.213414568223,98.7010321313704
180.020121852335,99.265894652834
180.826829136446,99.8307571742976
180.826829136446,99.8307571742976

Velocities: 23
1,0
2,2
3,3
5,4
5,6
7,4
7,7
6,6
4,2
0,5
0,0
0,0
0,-1
-1,-2
0,-1
0,-1
-4,-2
-4,-2
-2,-1
-2,0
-1,0
-1,0
0,0

InverseVelocities: 23
0,0
0,0
0,0
0,0
0,0
0,0
0,0
0,0
0,0
0,0
0,0
0,0
0,0
0,0
0,0
0,0
0,0
0,0
0,0
0,0
0,0
0,0
0,0
