GestureName: tap_right
Duration(ms): 1222
Handedness: right

SpeakerAngles: 2
55
-55

InterpretedPoints: 26
0.806707284111599,1.69458756439087
-0.806707284111599,2.82431260731812
-4.03353642055799,2.82431260731812
-4.03353642055799,2.82431260731812
-8.06707284111599,1.12972504292725
-8.06707284111599,-1.12972504292725
-8.06707284111599,-5.64862521463624
-8.06707284111599,-5.64862521463624
-6.45365827289279,-4.51890017170899
0,0
0.806707284111599,-0.564862521463623
0,0
0,0
0,0
-0.806707284111599,0.564862521463623
-1.6134145682232,1.12972504292725
-3.2268291364464,2.25945008585449
0,0
0,0
4.03353642055799,6.21348773609986
7.26036555700439,5.08376269317261
8.87378012522759,2.82431260731812
5.64695098878119,0.564862521463623
4.03353642055799,-0.564862521463624
0.806707284111599,-0.564862521463623
0,0

StrokePoints: 27
177.6,130.333333333333
176.793292715888,128.638745768942
177.6,125.814433161624
181.633536420558,122.990120554306
185.667072841116,120.165807946988
193.734145682232,119.036082904061
201.801218523348,120.165807946988
209.868291364464,125.814433161624
217.93536420558,131.463058376261
224.389022478473,135.98195854797
224.389022478473,135.98195854797
223.582315194361,136.546821069433
223.582315194361,136.546821069433
223.582315194361,136.546821069433
223.582315194361,136.546821069433
224.389022478473,135.98195854797
226.002437046696,134.852233505042
229.229266183142,132.592783419188
229.229266183142,132.592783419188
229.229266183142,132.592783419188
225.195729762584,126.379295683088
217.93536420558,121.295532989915
209.061584080352,118.471220382597
203.414633091571,117.906357861134
199.381096671013,118.471220382597
198.574389386902,119.036082904061
198.574389386902,119.036082904061

Velocities: 26
2,1
2,3
0,5
0,5
-4,6
-6,4
-10,0
-10,0
-8,0
0,0
0,-1
0,0
0,0
0,0
0,1
0,2
0,4
0,0
0,0
8,3
9,0
8,-3
4,-3
2,-3
0,-1
0,0

InverseVelocities: 26
0,0
0,0
0,0
0,0
0,-3
0,0
0,0
0,0
0,0
0,0
0,0
0,0
0,0
0,0
0,0
0,0
0,0
0,0
0,0
0,0
0,0
0,0
0,2
0,2
0,0
0,0
