GestureName: tap_right
Duration(ms): 940
Handedness: right

SpeakerAngles: 2
55
-55

InterpretedPoints: 20
-1.6134145682232,1.12972504292725
-1.6134145682232,1.12972504292725
-3.2268291364464,2.25945008585449
-3.2268291364464,2.25945008585449
-6.45365827289279,2.25945008585449
-8.87378012522759,0.564862521463624
-10.4871946934508,-2.82431260731812
-6.45365827289279,-4.51890017170899
0,0
0,0
0,0
0.806707284111599,0.564862521463623
1.6134145682232,2.25945008585449
-0.806707284111599,2.82431260731812
6.45365827289279,4.51890017170899
4.03353642055799,1.69458756439087
7.26036555700439,2.82431260731812
4.84024370466959,1.12972504292725
1.6134145682232,-1.12972504292725
0,0

StrokePoints: 21
177.6,130.333333333333
179.213414568223,129.203608290406
180.826829136446,128.073883247479
184.053658272893,125.814433161624
187.280487409339,123.55498307577
193.734145682232,121.295532989915
202.60792580746,120.730670468452
213.09512050091,123.55498307577
219.548778773803,128.073883247479
219.548778773803,128.073883247479
219.548778773803,128.073883247479
219.548778773803,128.073883247479
218.742071489692,127.509020726015
217.128656921468,125.249570640161
217.93536420558,122.425258032843
211.481705932687,117.906357861134
207.448169512129,116.211770296743
200.187803955125,113.387457689425
195.347560250455,112.257732646497
193.734145682232,113.387457689425
193.734145682232,113.387457689425

Velocities: 20
0,2
0,2
0,4
0,4
-2,6
-5,6
-9,4
-8,0
0,0
0,0
0,0
1,0
3,1
2,3
8,0
4,-1
7,-2
4,-2
0,-2
0,0

InverseVelocities: 20
0,0
0,0
0,0
0,0
0,0
0,0
0,0
0,0
0,0
0,0
0,0
0,0
0,0
0,0
0,0
0,0
0,0
0,3
0,0
0,0
