GestureName: tap_left
Duration(ms): 987
Handedness: right

SpeakerAngles: 2
55
-55

InterpretedPoints: 21
0.806707284111599,0.564862521463623
0,0
0,0
4.03353642055799,2.82431260731812
8.87378012522759,2.82431260731812
9.68048740933918,1.12972504292725
7.26036555700439,-0.564862521463624
2.4201218523348,-3.95403765024536
-1.6134145682232,-1.12972504292725
0,0
0,0
0,0
-0.806707284111599,0.564862521463623
0.806707284111599,3.95403765024536
0,3.38917512878174
-6.45365827289279,5.64862521463624
-11.2939019775624,3.38917512878174
-11.2939019775624,1.12972504292725
-7.26036555700439,-1.69458756439087
-3.2268291364464,-2.25945008585449
0,0

StrokePoints: 22
177.6,130.333333333333
176.793292715888,129.76847081187
176.793292715888,129.76847081187
176.793292715888,129.76847081187
172.75975629533,126.944158204552
163.885976170103,124.119845597233
154.205488760764,122.990120554306
146.945123203759,123.55498307577
144.525001351425,127.509020726015
146.138415919648,128.638745768942
146.138415919648,128.638745768942
146.138415919648,128.638745768942
146.138415919648,128.638745768942
146.945123203759,128.073883247479
146.138415919648,124.119845597233
146.138415919648,120.730670468452
152.592074192541,115.082045253815
163.885976170103,111.692870125034
175.179878147665,110.563145082107
182.44024370467,112.257732646497
185.667072841116,114.517182732352
185.667072841116,114.517182732352

Velocities: 21
1,0
0,0
0,0
5,0
8,-3
7,-5
4,-5
-2,-5
-2,0
0,0
0,0
0,0
0,1
4,3
3,3
1,9
-4,10
-6,8
-6,3
-4,0
0,0

InverseVelocities: 21
0,0
0,0
0,0
0,0
0,0
0,0
0,0
0,0
0,0
0,0
0,0
0,0
0,0
0,0
0,0
0,0
0,0
0,0
0,0
0,0
0,0
