GestureName: tap_down
Duration(ms): 987
Handedness: right

SpeakerAngles: 2
55
-55

InterpretedPoints: 21
-0.806707284111599,-0.564862521463623
0,-2.25945008585449
2.4201218523348,-1.69458756439087
-3.2268291364464,-2.25945008585449
3.2268291364464,-2.25945008585449
-0.806707284111599,-5.08376269317261
-0.806707284111599,-3.95403765024536
-0.806707284111599,-2.82431260731812
0,0
0,0
0,0
0.806707284111599,1.69458756439087
3.2268291364464,2.25945008585449
-0.806707284111599,6.21348773609986
0.806707284111599,6.21348773609986
0.806707284111599,5.08376269317261
2.4201218523348,5.08376269317261
0,5.64862521463624
0,0
-0.806707284111599,2.82431260731812
0,0

StrokePoints: 22
177.6,130.333333333333
178.406707284112,130.898195854797
178.406707284112,133.157645940651
175.986585431777,134.852233505042
179.213414568223,137.111683590897
175.986585431777,139.371133676751
176.793292715888,144.454896369924
177.6,148.408934020169
178.406707284112,151.233246627487
178.406707284112,151.233246627487
178.406707284112,151.233246627487
178.406707284112,151.233246627487
177.6,149.538659063097
174.373170863554,147.279208977242
175.179878147665,141.065721241142
174.373170863554,134.852233505042
173.566463579442,129.76847081187
171.146341727107,124.684708118697
171.146341727107,119.036082904061
171.146341727107,119.036082904061
171.953049011219,116.211770296743
171.953049011219,116.211770296743

Velocities: 21
-1,0
-2,-2
0,-3
-4,0
0,-4
-5,-4
-4,-3
-3,-2
0,0
0,0
0,0
2,1
4,0
5,6
6,5
5,4
6,3
5,5
0,0
2,3
0,0

InverseVelocities: 21
0,0
0,0
0,0
0,0
0,0
0,0
0,0
0,0
0,0
0,0
0,0
0,0
0,0
0,0
0,0
0,0
0,0
0,0
0,0
0,0
0,0
