GestureName: tap_down
Duration(ms): 1034
Handedness: right

SpeakerAngles: 2
55
-55

InterpretedPoints: 22
-0.806707284111599,-1.69458756439087
-2.4201218523348,-1.69458756439087
0,-3.38917512878174
-1.6134145682232,-1.12972504292725
0.806707284111599,-2.82431260731812
-1.6134145682232,-1.12972504292725
-1.6134145682232,-1.12972504292725
-0.806707284111599,-0.564862521463623
0,0
0,0
0,0
0,1.12972504292725
0,3.38917512878174
0,4.51890017170899
-1.6134145682232,4.51890017170899
0,2.25945008585449
0,0
-3.2268291364464,2.25945008585449
0,3.38917512878174
0.806707284111599,0.564862521463623
-0.806707284111599,0.564862521463623
0,0

StrokePoints: 23
177.6,130.333333333333
178.406707284112,132.027920897724
180.826829136446,133.722508462115
180.826829136446,137.111683590897
182.44024370467,138.241408633824
181.633536420558,141.065721241142
183.246950988781,142.195446284069
184.860365557004,143.325171326997
185.667072841116,143.89003384846
185.667072841116,143.89003384846
185.667072841116,143.89003384846
185.667072841116,143.89003384846
185.667072841116,142.760308805533
185.667072841116,139.371133676751
185.667072841116,134.852233505042
187.280487409339,130.333333333333
187.280487409339,128.073883247479
187.280487409339,128.073883247479
190.507316545786,125.814433161624
190.507316545786,122.425258032843
189.700609261674,121.860395511379
190.507316545786,121.295532989915
190.507316545786,121.295532989915

Velocities: 22
-2,-1
-3,0
-3,-3
-2,0
-2,-3
-2,0
-2,0
-1,0
0,0
0,0
0,0
1,1
3,3
4,4
3,5
2,2
0,0
0,4
3,3
1,0
0,1
0,0

InverseVelocities: 22
0,0
0,0
0,0
0,0
0,0
0,0
0,0
0,0
0,0
0,0
0,0
0,0
0,0
0,0
0,0
0,0
0,0
0,0
0,0
0,0
0,0
0,0
