GestureName: tap_down
Duration(ms): 940
Handedness: right

SpeakerAngles: 2
55
-55

InterpretedPoints: 20
0,-2.25945008585449
1.6134145682232,-1.12972504292725
-0.806707284111599,-3.95403765024536
0,0
2.4201218523348,-1.69458756439087
-0.806707284111599,-5.08376269317261
0,-2.25945008585449
-0.806707284111599,-1.69458756439087
0,0
0,0
-0.806707284111599,2.82431260731812
0.806707284111599,2.82431260731812
0,5.64862521463624
0,5.64862521463624
0,5.64862521463624
0,5.64862521463624
0,0
0,0
-1.6134145682232,1.12972504292725
0,0

StrokePoints: 21
177.6,130.333333333333
177.6,132.592783419188
175.986585431777,133.722508462115
176.793292715888,137.67654611236
176.793292715888,137.67654611236
174.373170863554,139.371133676751
175.179878147665,144.454896369924
175.179878147665,146.714346455778
175.986585431777,148.408934020169
175.986585431777,148.408934020169
175.986585431777,148.408934020169
176.793292715889,145.584621412851
175.986585431777,142.760308805533
175.986585431777,137.111683590897
175.986585431777,131.463058376261
175.986585431777,125.814433161624
175.986585431777,120.165807946988
175.986585431777,120.165807946988
175.986585431777,120.165807946988
177.6,119.036082904061
177.6,119.036082904061

Velocities: 20
-2,-2
0,-2
-4,-3
0,0
0,-3
-5,-4
-2,-2
-2,-1
0,0
0,0
2,3
3,2
5,5
5,5
5,5
5,5
0,0
0,0
0,2
0,0

InverseVelocities: 20
0,0
0,0
0,0
0,0
0,0
0,0
0,0
0,0
0,0
0,0
0,0
0,0
0,0
0,0
0,0
0,0
0,0
0,0
0,0
0,0
