GestureName: tap_right
Duration(ms): 1081
Handedness: right

SpeakerAngles: 2
55
-55

InterpretedPoints: 23
-2.4201218523348,1.69458756439087
-4.84024370466959,3.38917512878174
-4.84024370466959,2.25945008585449
-9.68048740933918,1.12972504292725
-9.68048740933918,-1.12972504292725
-8.87378012522759,-6.21348773609986
-0.806707284111599,0.564862521463623
0,0
-1.6134145682232,-1.12972504292725
-0.806707284111599,-0.564862521463623
0,0
0,0
1.6134145682232,1.12972504292725
2.4201218523348,3.95403765024536
0,0
5.64695098878119,3.95403765024536
7.26036555700439,5.08376269317261
7.26036555700439,2.82431260731812
4.84024370466959,1.12972504292725
4.03353642055799,0.564862521463624
3.2268291364464,0
0.806707284111599,-0.564862521463623
0,0

StrokePoints: 24
177.6,130.333333333333
180.020121852335,128.638745768942
184.860365557004,125.249570640161
189.700609261674,122.990120554306
199.381096671013,121.860395511379
209.061584080352,122.990120554306
217.93536420558,129.203608290406
218.742071489692,128.638745768942
218.742071489692,128.638745768942
220.355486057915,129.76847081187
221.162193342026,130.333333333333
221.162193342026,130.333333333333
221.162193342026,130.333333333333
219.548778773803,129.203608290406
217.128656921468,125.249570640161
217.128656921468,125.249570640161
211.481705932687,121.295532989915
204.221340375683,116.211770296743
196.960974818679,113.387457689425
192.120731114009,112.257732646497
188.087194693451,111.692870125034
184.860365557005,111.692870125034
184.053658272893,112.257732646497
184.053658272893,112.257732646497

Velocities: 23
0,3
0,6
-1,5
-5,7
-7,5
-11,0
0,1
0,0
-2,0
-1,0
0,0
0,0
2,0
5,2
0,0
7,0
9,0
7,-2
4,-2
3,-2
2,-2
0,-1
0,0

InverseVelocities: 23
0,0
0,0
0,0
0,0
0,0
0,0
0,0
0,0
0,0
0,0
0,0
0,0
0,0
0,0
0,0
0,0
0,0
0,0
0,0
0,0
0,0
0,0
0,0
