GestureName: tap_left
Duration(ms): 1222
Handedness: right

SpeakerAngles: 2
55
-55

InterpretedPoints: 26
0.806707284111599,0.564862521463623
0,1.12972504292725
4.03353642055799,2.82431260731812
4.84024370466959,3.38917512878174
4.03353642055799,2.82431260731812
6.45365827289279,1.12972504292725
5.64695098878119,-0.564862521463623
4.84024370466959,-2.25945008585449
5.64695098878119,-3.95403765024536
4.84024370466959,-3.38917512878174
2.4201218523348,-5.08376269317261
4.84024370466959,-3.38917512878174
-0.806707284111599,-0.564862521463623
0,0
0,0
1.6134145682232,2.25945008585449
-3.2268291364464,6.77835025756348
-3.2268291364464,7.90807530049073
-5.64695098878119,6.21348773609986
-5.64695098878119,3.95403765024536
-2.4201218523348,6.21348773609986
-8.06707284111599,2.25945008585449
-4.84024370466959,0
-2.4201218523348,-1.69458756439087
-1.6134145682232,-1.12972504292725
0,0

StrokePoints: 27
177.6,130.333333333333
176.793292715888,129.76847081187
176.793292715888,128.638745768942
172.75975629533,125.814433161624
167.919512590661,122.425258032843
163.885976170103,119.600945425524
157.43231789721,118.471220382597
151.785366908429,119.036082904061
146.945123203759,121.295532989915
141.298172214978,125.249570640161
136.457928510309,128.638745768942
134.037806657974,133.722508462115
129.197562953304,137.111683590897
130.004270237416,137.67654611236
130.004270237416,137.67654611236
130.004270237416,137.67654611236
128.390855669193,135.417096026506
131.617684805639,128.638745768942
134.844513942085,120.730670468452
140.491464930866,114.517182732352
146.138415919648,110.563145082107
148.558537771982,104.349657346007
156.625610613098,102.090207260152
161.465854317768,102.090207260152
163.885976170103,103.784794824543
165.499390738326,104.91451986747
165.499390738326,104.91451986747

Velocities: 26
1,0
1,1
5,0
6,0
5,0
5,-3
3,-4
1,-5
0,-7
0,-6
-3,-6
0,-6
-1,0
0,0
0,0
3,1
4,8
5,9
2,9
0,7
4,7
-3,7
-3,3
-3,0
-2,0
0,0

InverseVelocities: 26
0,0
0,0
0,0
0,0
0,0
0,0
0,0
0,0
0,0
0,0
0,0
0,0
0,0
0,0
0,0
0,0
0,0
0,0
0,0
0,0
-2,0
0,0
0,0
0,0
0,0
0,0
