GestureName: tap_up
Duration(ms): 940
Handedness: right

SpeakerAngles: 2
55
-55

InterpretedPoints: 20
0,1.12972504292725
0,2.25945008585449
-1.6134145682232,2.25945008585449
1.6134145682232,4.51890017170899
0,0
0,0
0,0
-3.2268291364464,2.25945008585449
0,0
0,0
0,0
-0.806707284111599,-0.564862521463623
-0.806707284111599,-0.564862521463623
0,0
-2.4201218523348,-1.69458756439087
0,-1.12972504292725
-1.6134145682232,-2.25945008585449
-1.6134145682232,-2.25945008585449
-0.806707284111599,-1.69458756439087
0,0

StrokePoints: 21
177.6,130.333333333333
177.6,129.203608290406
177.6,126.944158204552
179.213414568223,124.684708118697
177.6,120.165807946988
177.6,120.165807946988
177.6,120.165807946988
177.6,120.165807946988
180.826829136446,117.906357861134
180.826829136446,117.906357861134
180.826829136446,117.906357861134
180.826829136446,117.906357861134
181.633536420558,118.471220382597
182.44024370467,119.036082904061
182.44024370467,119.036082904061
184.860365557004,120.730670468452
184.860365557004,121.860395511379
186.473780125228,124.119845597233
188.087194693451,126.379295683088
188.893901977562,128.073883247479
188.893901977562,128.073883247479

Velocities: 20
1,1
2,2
1,3
5,3
0,0
0,0
0,0
0,4
0,0
0,0
0,0
-1,0
-1,0
0,0
-3,0
-1,-1
-3,-1
-3,-1
-2,-1
0,0

InverseVelocities: 20
0,0
0,0
0,0
0,0
0,0
0,0
0,0
0,0
0,0
0,0
0,0
0,0
0,0
0,0
0,0
0,0
0,0
0,0
0,0
0,0
