GestureName: tap_up
Duration(ms): 752
Handedness: right

SpeakerAngles: 2
55
-55

InterpretedPoints: 16
0,1.12972504292725
0,3.38917512878174
4.03353642055799,2.82431260731812
0.806707284111599,9.6026628648816
-4.03353642055799,5.08376269317261
-0.806707284111599,5.08376269317261
0,0
-0.806707284111599,-1.69458756439087
2.4201218523348,-1.69458756439087
0,0
2.4201218523348,-5.08376269317261
-1.6134145682232,-5.64862521463624
1.6134145682232,-1.12972504292725
1.6134145682232,-1.12972504292725
-0.806707284111599,-0.564862521463623
0,0

StrokePoints: 17
177.6,130.333333333333
177.6,129.203608290406
177.6,125.814433161624
173.566463579442,122.990120554306
172.75975629533,113.387457689425
176.793292715888,108.303694996252
177.6,103.219932303079
177.6,103.219932303079
178.406707284112,104.91451986747
175.986585431777,106.609107431861
175.986585431777,106.609107431861
173.566463579442,111.692870125034
175.179878147665,117.34149533967
173.566463579442,118.471220382597
171.953049011219,119.600945425525
172.759756295331,120.165807946988
172.759756295331,120.165807946988

Velocities: 16
1,1
3,3
5,0
9,8
2,7
4,5
0,0
-2,-1
0,-3
0,0
-3,-6
-6,-4
0,-2
0,-2
-1,0
0,0

InverseVelocities: 16
0,0
0,0
0,0
0,0
0,0
0,0
0,0
0,0
0,0
0,0
0,0
0,0
0,0
0,0
0,0
0,0
