GestureName: swipe_right
Duration(ms): 705
Handedness: right

SpeakerAngles: 6
55
-55
0
0
110
-110

SpeakerElevations: 6
-10
-10
-10
0
30
30

InterpretedPoints: 15
-0.806707284111599,0.564862521463623,-0.17364817766693
-4.86151489638292,4.77560867223722,0.631759111665348
-5.66113178325674,9.31606464382994,-0.736481776669304
-9.71593939552806,7.83507398019982,1.7635182233307
-9.72302979276584,7.24865565885246,1.91622186799684
-7.27454635147994,9.46861611250916,3.7425736903299
-12.1218804533873,-1.53605815160697,4.15270364466614
-9.69466820381473,-6.87652934530781,3.69459271066772
-10.5297370768774,-3.36164138479332,0.215537243668512
-10.5368274741152,-4.27776952695981,2.54188906600158
-1.62759536269875,-0.592396265452048,1
-1.62759536269875,-5.36202699358458,-0.479055466999209
-1.62759536269875,-1.39241148756016,-0.82635182233307
-0.813797681349374,0.296198132726024,-0.5
0,0,0

StrokePoints: 16
0,0,0
-0.806707284111599,0.564862521463623,-0.17364817766693
-5.66822218049452,5.34047119370084,0.458110933998418
-11.3293539637513,14.6565358375308,-0.278370842670886
-21.0452933592793,22.4916098177306,1.48514738065981
-30.7683231520452,29.7402654765831,3.40136924865665
-38.0428695035251,39.2088815890922,7.14394293898655
-50.1647499569124,37.6728234374852,11.2966465836527
-59.8594181607271,30.7962940921774,14.9912392943204
-70.3891552376046,27.4346527073841,15.2067765379889
-80.9259827117198,23.1568831804243,17.7486656039905
-82.5535780744185,22.5644869149723,18.7486656039905
-84.1811734371173,17.2024599213877,18.2696101369913
-85.808768799816,15.8100484338275,17.4432583146582
-86.6225664811654,16.1062465665536,16.9432583146582
-86.6225664811654,16.1062465665536,16.9432583146582

Velocities: 15
0,1,0
0,3,2
1,6,3
0,7,3
2,8,2
1,8,4
-5,7,0
-6,4,-2
-7,0,0
-6,0,0
0,0,0
0,0,-3
0,0,-1
0,0,0
0,0,0

InverseVelocities: 15
0,0,0
0,0,0
0,0,0
0,0,0
-1,0,0
-3,0,0
0,0,0
0,-2,0
0,0,0
0,0,0
0,0,0
0,0,0
0,0,0
0,0,0
0,0,0
