GestureName: swipe_up
Duration(ms): 376
Handedness: right

SpeakerAngles: 6
55
-55
0
0
110
-110

SpeakerElevations: 6
-10
-10
-10
0
30
30

InterpretedPoints: 8
-4.87569569085847,-5.36800493768926,0.368240888334652
-3.24100993092195,-11.3284061408306,1.7364817766693
-14.6199966753376,-6.24102148008828,2.7364817766693
-8.10961522454264,-13.7954751833411,-0.395277334996044
-4.86860529362069,-12.0733538749618,-1.74257369032991
-0.820888078587149,-6.14646435991364,-1.43716640099763
0,-2.25945008585449,0.694592710667721
0,0,0

StrokePoints: 9
0,0,0
-4.87569569085847,-5.36800493768926,0.368240888334652
-8.11670562178041,-16.6964110785198,2.10472266500396
-22.736702297118,-22.9374325586081,4.84120444167326
-30.8463175216607,-36.7329077419492,4.44592710667721
-35.7149228152814,-48.8062616169111,2.70335341634731
-36.5358108938685,-54.9527259768247,1.26618701534968
-36.5358108938685,-57.2121760626792,1.9607797260174
-36.5358108938685,-57.2121760626792,1.9607797260174

Velocities: 8
-2,-1,-2
-4,-2,-4
-7,-3,0
-7,-3,-5
-5,-3,-5
-3,-4,-2
-2,-2,0
0,0,0

InverseVelocities: 8
0,0,0
0,0,0
0,0,0
0,0,0
0,0,0
0,0,0
0,0,0
0,0,0
