GestureName: swipe_back
Duration(ms): 376
Handedness: right

SpeakerAngles: 6
55
-55
0
0
110
-110

SpeakerElevations: 6
-10
-10
-10
0
30
30

InterpretedPoints: 8
-9.67339701210141,-2.22956036533106,-3.54188906600158
0.00709039723777583,-19.4261665656633,-1.20068462432832
-1.6134145682232,-29.1359133229216,-6.09596195932437
0.00709039723777494,-28.867248934184,-5.7696101369913
-7.28163674871771,-9.27893098816715,1.62566719800475
-8.88087052246536,-5.35242708191021,1.2364817766693
6.45365827289279,-3.92650390625694,0.389185421335443
0,0,0

StrokePoints: 9
0,0,0
-9.67339701210141,-2.22956036533106,-3.54188906600158
-9.66630661486363,-21.6557269309944,-4.74257369032991
-11.2797211830868,-50.791640253916,-10.8385356496543
-11.2726307858491,-79.6588891881001,-16.6081457866456
-18.5542675345668,-88.9378201762672,-14.9824785886408
-27.4351380570321,-94.2902472581774,-13.7459968119715
-20.9814797841393,-98.2167511644344,-13.3568113906361
-20.9814797841393,-98.2167511644344,-13.3568113906361

Velocities: 8
-1,12,-5
-6,-5,-8
-12,-10,-12
-11,-10,-12
-12,-6,0
-10,0,0
0,-8,0
0,0,0

InverseVelocities: 8
0,-1,0
0,0,0
0,0,0
0,0,0
0,0,0
0,0,0
0,0,0
0,0,0
