GestureName: swipe_up
Duration(ms): 423
Handedness: right

SpeakerAngles: 6
55
-55
0
0
110
-110

SpeakerElevations: 6
-10
-10
-10
0
30
30

InterpretedPoints: 9
-7.28163674871771,-11.2948944527375,0.0628335990023732
0.806707284111599,-23.5267777404832,-5.31149920299288
-1.62050496546097,-28.3299201567088,-5.11690649232516
0.00709039723777494,-27.7375238912568,-6.11690649232516
0.00709039723777583,-23.5602894285763,-3.63785102532595
-3.24100993092195,-19.9694732872432,-1.0060919136606
-4.04062681779577,-5.87779997117604,-1.11081457866456
-0.792526489636048,-5.07180680496324,-0.131759111665348
0,0,0

StrokePoints: 10
0,0,0
-7.28163674871771,-11.2948944527375,0.0628335990023732
-6.47492946460611,-34.8216721932207,-5.24866560399051
-8.09543443006709,-63.1515923499295,-10.3655720963157
-8.08834403282931,-90.8891162411863,-16.4824785886408
-8.08125363559154,-114.449405669763,-20.1203296139668
-11.3222635665135,-134.418878957006,-21.1264215276274
-15.3628903843093,-140.296678928182,-22.2372361062919
-16.1554168739453,-145.368485733145,-22.3689952179573
-16.1554168739453,-145.368485733145,-22.3689952179573

Velocities: 9
-5,1,-5
-8,-9,-10
-10,-9,-12
-10,-9,-12
-10,-9,-9
-9,-7,-7
-5,-1,-2
-3,0,-2
0,0,0

InverseVelocities: 9
0,-1,0
0,0,0
0,0,0
0,0,0
0,0,0
0,0,0
0,0,0
0,0,0
0,0,0
