GestureName: swipe_up
Duration(ms): 470
Handedness: right

SpeakerAngles: 6
55
-55
0
0
110
-110

SpeakerElevations: 6
-10
-10
-10
0
30
30

InterpretedPoints: 10
-3.24100993092194,-6.49175203651182,-0.131759111665348
-3.24100993092194,-19.1575021769257,-0.874332801995253
-0.806707284111599,-24.3818604505682,-5.48514738065981
-1.60632417098542,-26.0704700708543,-5.81149920299288
-1.60632417098542,-27.5849724225776,-1.63785102532595
-4.86151489638292,-17.9786875901263,-2.02703644666139
0.820888078587149,-14.9527339702568,0.778370842670886
0.820888078587149,-9.31606464382994,0.736481776669304
-0.806707284111599,-0.564862521463623,0.17364817766693
0,0,0

StrokePoints: 11
0,0,0
-3.24100993092194,-6.49175203651182,-0.131759111665348
-6.48201986184389,-25.6492542134375,-1.0060919136606
-7.28872714595549,-50.0311146640057,-6.49123929432041
-8.89505131694091,-76.10158473486,-12.3027384973133
-10.5013754879263,-103.686557157438,-13.9405895226392
-15.3628903843093,-121.665244747564,-15.9676259693006
-14.5420023057221,-136.617978717821,-15.1892551266297
-13.721114227135,-145.934043361651,-14.4527733499604
-14.5278215112466,-146.498905883114,-14.2791251722935
-14.5278215112466,-146.498905883114,-14.2791251722935

Velocities: 10
-2,0,-3
-6,-4,-8
-8,-7,-11
-9,-6,-12
-10,-7,-11
-8,-5,-7
-6,-5,-5
-4,-3,-3
-1,0,0
0,0,0

InverseVelocities: 10
0,0,0
0,0,0
0,0,0
0,0,0
0,0,0
0,0,0
0,0,0
0,0,0
0,0,0
0,0,0
