GestureName: swipe_front
Duration(ms): 423
Handedness: right

SpeakerAngles: 6
55
-55
0
0
110
-110

SpeakerElevations: 6
-10
-10
-10
0
30
30

InterpretedPoints: 9
-4.04062681779577,1.96325195312847,-0.194592710667721
4.87569569085847,18.0337550781032,0.374332801995254
-0.806707284111599,18.2198182348755,3.17974009132753
-1.62050496546097,19.9084278551617,3.5060919136606
-1.62050496546097,14.8641547941868,2.54798097966218
-0.792526489636048,16.6078319024499,1.22162915732911
2.42721224957257,3.35566344068863,0.631759111665348
0.00709039723777505,0.2686643887376,0.32635182233307
0,0,0

StrokePoints: 10
0,0,0
-4.04062681779577,1.96325195312847,-0.194592710667721
0.835068873062699,19.9970070312316,0.179740091327532
0.0283615889510997,38.2168252661071,3.35948018265506
-1.59214337650987,58.1252531212688,6.86557209631567
-3.21264834197085,72.9894079154556,9.41355307597785
-4.00517483160689,89.5972398179055,10.635182233307
-1.57796258203432,92.9529032585941,11.2669413449723
-1.57087218479655,93.2215676473317,11.5932931673054
-1.57087218479655,93.2215676473317,11.5932931673054

Velocities: 9
0,4,0
6,5,7
7,8,7
7,8,8
5,6,6
3,6,7
3,1,1
0,1,0
0,0,0

InverseVelocities: 9
0,0,0
0,0,0
0,0,0
0,0,0
0,0,0
0,0,0
0,0,0
0,0,0
0,0,0
