GestureName: swipe_down
Duration(ms): 376
Handedness: right

SpeakerAngles: 6
55
-55
0
0
110
-110

SpeakerElevations: 6
-10
-10
-10
0
30
30

InterpretedPoints: 8
0,-1.98480775301221,0.17364817766693
0,0,0
0.813797681349374,2.50058073060367,0.458110933998418
6.48201986184389,24.0916402619468,5.13785102532595
4.84733410190737,30.2172439290187,-1.18850079700712
5.70367416668339,7.12294282711971,4.35338826899446
-4.04771721503354,13.3280966425799,6.70068462432832
0,0,0

StrokePoints: 9
0,0,0
0,-1.98480775301221,0.17364817766693
0,-1.98480775301221,0.17364817766693
0.813797681349374,0.515772977591462,0.631759111665348
7.29581754319326,24.6074132395383,5.7696101369913
12.1431516451006,54.824657168557,4.58110933998418
17.846825811784,61.9475999956767,8.93449760897864
13.7991085967505,75.2756966382566,15.635182233307
13.7991085967505,75.2756966382566,15.635182233307

Velocities: 8
0,0,-1
0,0,0
3,3,0
11,7,10
10,5,12
10,11,0
5,8,6
0,0,0

InverseVelocities: 8
0,0,0
0,0,0
0,0,0
0,0,0
0,0,0
0,0,0
0,0,0
0,0,0
