GestureName: swipe_up
Duration(ms): 470
Handedness: right

SpeakerAngles: 6
55
-55
0
0
110
-110

SpeakerElevations: 6
-10
-10
-10
0
30
30

InterpretedPoints: 10
0.806707284111599,-8.77873586635474,1.38918542133544
-2.4201218523348,-6.79392811334253,1.21553724366851
2.44139304404812,-21.6580829075294,-1.33244373599367
-1.62050496546097,-21.3008393427218,-4.33244373599367
-0.806707284111599,-20.4673124325206,-4.17974009132753
1.6417761571743,-17.4473367567558,-0.527036446661393
-0.806707284111599,-12.3755299517925,-0.395277334996045
0.806707284111599,-10.7084761313901,-0.0898700456637662
0,-2.25945008585449,0.694592710667721
0,0,0

StrokePoints: 11
0,0,0
0.806707284111599,-8.77873586635474,1.38918542133544
-1.6134145682232,-15.5726639796973,2.60472266500396
0.827978475824923,-37.2307468872267,1.27227892901028
-0.792526489636052,-58.5315862299485,-3.06016480698339
-1.59923377374765,-78.9988986624691,-7.23990489831092
0.0425423834266465,-96.4462354192249,-7.76694134497231
-0.764164900684952,-108.821765371017,-8.16221867996836
0.042542383426647,-119.530241502408,-8.25208872563212
0.042542383426647,-121.789691588262,-7.5574960149644
0.042542383426647,-121.789691588262,-7.5574960149644

Velocities: 10
-2,-3,-3
-4,-1,-2
-8,-8,-8
-8,-7,-9
-7,-6,-9
-8,-6,-6
-6,-5,-4
-3,-4,-4
-2,-2,0
0,0,0

InverseVelocities: 10
0,0,0
0,0,0
0,0,1
0,0,0
0,0,0
0,0,0
0,0,0
0,0,0
0,0,0
0,0,0
