GestureName: swipe_back
Duration(ms): 423
Handedness: right

SpeakerAngles: 6
55
-55
0
0
110
-110

SpeakerElevations: 6
-10
-10
-10
0
30
30

InterpretedPoints: 9
-1.62759536269875,-3.37721924057237,-0.652703644666139
4.04062681779577,-17.4688925566395,-0.547980979662184
-0.799616886873823,-26.3726461476851,-4.46420284765902
-0.00709039723777316,-28.3299201567088,-5.11690649232516
-0.00709039723777316,-27.2001951137816,-5.46420284765902
-1.6134145682232,-27.4688595025192,-5.79055466999209
-3.24100993092195,-28.293481608088,3.51485261934019
-1.62050496546097,-22.3330804049467,2.14661173100554
0,0,0

StrokePoints: 10
0,0,0
-1.62759536269875,-3.37721924057237,-0.652703644666139
2.41303145509702,-20.8461117972119,-1.20068462432832
1.6134145682232,-47.218757944897,-5.66488747198734
1.60632417098542,-75.5486781016058,-10.7817939643125
1.59923377374765,-102.748873215387,-16.2459968119715
-0.0141807944755454,-130.217732717907,-22.0365514819636
-3.25519072539749,-158.511214325995,-18.5216988626234
-4.87569569085846,-180.844294730941,-16.3750871316179
-4.87569569085846,-180.844294730941,-16.3750871316179

Velocities: 9
0,0,-2
-3,-7,-7
-10,-8,-11
-9,-10,-12
-8,-9,-12
-10,-8,-12
-9,-7,-10
-7,-6,-8
0,0,0

InverseVelocities: 9
0,0,0
0,0,0
0,0,0
0,0,0
0,0,0
0,0,0
0,0,0
0,0,0
0,0,0
