GestureName: swipe_back
Duration(ms): 470
Handedness: right

SpeakerAngles: 6
55
-55
0
0
110
-110

SpeakerElevations: 6
-10
-10
-10
0
30
30

InterpretedPoints: 10
-0.806707284111599,-4.53447802748804,0.520944533000791
-1.62759536269875,-9.01388856699923,-0.610814578664557
4.83315330743182,-16.3235896579332,-0.027036446661393
-3.24810032815972,-18.0337550781031,-0.374332801995254
-1.6134145682232,-17.1176269359367,-2.70068462432832
-0.806707284111599,-19.6672972104125,-2.35338826899446
2.4484834412859,-17.7375569453771,-0.874332801995254
2.4484834412859,-4.43629893974372,-1.08987004566377
0.792526489636048,-1.10219129893882,-0.479055466999209
0,0,0

StrokePoints: 11
0,0,0
-0.806707284111599,-4.53447802748804,0.520944533000791
-2.43430264681035,-13.5483665944873,-0.0898700456637661
2.39885066062147,-29.8719562524205,-0.116906492325159
-0.849249667538248,-47.9057113305236,-0.491239294320413
-2.46266423576145,-65.0233382664603,-3.19192391864874
-3.26937151987304,-84.6906354768728,-5.5453121876432
-0.820888078587148,-102.42819242225,-6.41964498963845
1.62759536269875,-106.864491361994,-7.50951503530222
2.4201218523348,-107.966682660932,-7.98857050230143
2.4201218523348,-107.966682660932,-7.98857050230143

Velocities: 10
-1,0,-2
-2,-2,-4
-4,-11,-5
-6,-5,-7
-7,-5,-7
-7,-6,-8
-6,-5,-7
-6,-5,0
0,-3,0
0,0,0

InverseVelocities: 10
0,0,0
0,0,0
0,0,0
0,0,0
0,0,0
0,0,0
0,0,0
0,0,0
0,0,0
0,0,0
