GestureName: swipe_left
Duration(ms): 564
Handedness: right

SpeakerAngles: 6
55
-55
0
0
110
-110

SpeakerElevations: 6
-10
-10
-10
0
30
30

InterpretedPoints: 12
0,1.98480775301221,-0.17364817766693
4.85442449914514,7.02908081398702,0.784462756331487
9.70884899829029,7.02908081398702,0.784462756331487
7.24618476252884,4.09463323071521,4.95811093399842
8.05998244387821,-10.6325479505715,6.02094453300079
13.7778374050372,-6.1955539037858,-0.631759111665348
10.5510082685908,-0.778459422224375,-1.80540728933228
14.577454291911,-4.46383268373214,-0.263518223330697
8.90214171417869,-3.95403765024536,1.21553724366851
1.62050496546097,-0.861060654189647,0.67364817766693
0,-3.96961550602442,0.347296355333861
0,0,0

StrokePoints: 13
0,0,0
0,1.98480775301221,-0.17364817766693
4.85442449914514,9.01388856699923,0.610814578664557
14.5632734974354,16.0429693809863,1.39527733499604
21.8094582599643,20.1376026117015,6.35338826899446
29.8694407038425,9.50505466112999,12.3743328019953
43.6472781088796,3.30950075734419,11.7425736903299
54.1982863774704,2.53104133511982,9.93716640099763
68.7757406693814,-1.93279134861232,9.67364817766693
77.6778823835601,-5.88682899885769,10.8891854213354
79.298387349021,-6.74788965304734,11.5628335990024
79.298387349021,-10.7175051590718,11.9101299543362
79.298387349021,-10.7175051590718,11.9101299543362

Velocities: 12
0,0,1
4,0,3
6,-2,3
7,-4,3
6,-5,-4
3,-5,-3
0,-4,0
0,-10,0
0,-7,0
0,-1,0
0,0,-2
0,0,0

InverseVelocities: 12
0,0,0
0,0,0
0,0,0
-1,0,-1
-3,1,0
0,0,0
0,0,0
0,0,0
0,0,0
0,0,0
0,0,0
0,0,0
