GestureName: swipe_down
Duration(ms): 517
Handedness: right

SpeakerAngles: 6
55
-55
0
0
110
-110

SpeakerElevations: 6
-10
-10
-10
0
30
30

InterpretedPoints: 11
4.87569569085847,2.47304698661525,1.28446275633149
5.68240297497007,11.7340441424683,2.20068462432832
8.11670562178041,18.2533299229686,1.5060919136606
3.22682913644639,3.92650390625694,-0.389185421335443
0,0,0
1.62759536269875,-3.58483819722843,-3.47905546699921
0.00709039723777494,-7.24267771474777,-2.7635182233307
0.813797681349374,1.48099066363012,-2.5
-0.813797681349374,-10.7575656752623,0.715537243668512
0.813797681349374,-8.77275792225005,0.541889066001582
0,0,0

StrokePoints: 12
0,0,0
4.87569569085847,2.47304698661525,1.28446275633149
10.5580986658285,14.2070911290836,3.48514738065981
18.674804287609,32.4604210520522,4.99123929432041
21.9016334240553,36.3869249583091,4.60205387298497
21.9016334240553,36.3869249583091,4.60205387298497
23.5292287867541,32.8020867610807,1.12299840598576
23.5363191839919,25.5594090463329,-1.64051981734493
24.3501168653412,27.040399709963,-4.14051981734493
23.5363191839919,16.2828340347008,-3.42498257367642
24.3501168653412,7.5100761124507,-2.88309350767484
24.3501168653412,7.5100761124507,-2.88309350767484

Velocities: 11
4,3,0
9,7,3
10,7,6
6,2,0
0,0,0
0,0,-3
-4,-3,-3
0,0,0
-1,-1,-5
-1,-1,-4
0,0,0

InverseVelocities: 11
0,0,0
0,0,0
0,0,0
0,0,0
0,0,0
0,0,0
0,0,0
0,0,0
0,0,0
0,0,0
0,0,0
