GestureName: swipe_back
Duration(ms): 517
Handedness: right

SpeakerAngles: 6
55
-55
0
0
110
-110

SpeakerElevations: 6
-10
-10
-10
0
30
30

InterpretedPoints: 11
0,-1.98480775301221,0.17364817766693
2.42721224957257,-8.45500398964029,0.0628335990023731
5.65404138601897,-15.1663308710176,-1.20068462432832
4.03353642055799,-18.5495280556946,-1.0060919136606
-0.806707284111599,-19.0749009449604,-3.35338826899446
0.813797681349374,-20.198648043783,-3.85338826899446
-5.69658376944562,-20.583425352579,-0.0270364466613926
2.44139304404812,-14.9467560261521,-0.0689255126629751
3.23391953368417,-10.7300319312738,-0.110814578664557
0.806707284111599,-0.564862521463623,0.17364817766693
0,0,0

StrokePoints: 12
0,0,0
0,-1.98480775301221,0.17364817766693
2.42721224957257,-10.4398117426525,0.236481776669303
8.08125363559154,-25.6061426136701,-0.96420284765902
12.1147900561495,-44.1556706693647,-1.97029476131962
11.3080827720379,-63.2305716143251,-5.32368303031408
12.1218804533873,-83.4292196581081,-9.17707129930854
6.42529668394169,-104.012645010687,-9.20410774596994
8.86668972798981,-118.959401036839,-9.27303325863291
12.100609261674,-129.689432968113,-9.38384783729747
12.9073165457856,-130.254295489577,-9.21019965963054
12.9073165457856,-130.254295489577,-9.21019965963054

Velocities: 11
0,0,-1
-2,-4,-3
-4,-10,-5
-6,-11,-6
-7,-6,-8
-6,-6,-9
-6,-6,-8
-4,-4,-6
0,-3,-5
0,-1,0
0,0,0

InverseVelocities: 11
0,0,0
0,0,0
0,0,0
0,0,0
0,0,0
0,0,0
0,0,0
0,0,0
0,0,0
0,0,0
0,0,0
