GestureName: swipe_back
Duration(ms): 470
Handedness: right

SpeakerAngles: 6
55
-55
0
0
110
-110

SpeakerElevations: 6
-10
-10
-10
0
30
30

InterpretedPoints: 10
-0.813797681349374,-7.91767521216509,0.715537243668512
-0.813797681349373,-18.8062365562228,-3.02703644666139
0.813797681349373,-28.8947826781725,-4.94325831465823
-0.806707284111599,-28.0337220239828,-5.61690649232516
-9.75139138171694,-31.0232370952315,0.20944533000791
-10.5013754879263,-29.4387845067943,2.9939080863394
-6.46074867013056,-22.5957668495796,0.972963553338607
-1.62759536269875,0.592396265452048,-1
1.63468575993652,0.323731876714448,-1.32635182233307
0,0,0

StrokePoints: 11
0,0,0
-0.813797681349374,-7.91767521216509,0.715537243668512
-1.62759536269875,-26.7239117683879,-2.31149920299288
-0.813797681349375,-55.6186944465604,-7.25475751765111
-1.62050496546097,-83.6524164705432,-12.8716640099763
-11.3718963471779,-114.675653565775,-12.6622186799684
-21.8732718351042,-144.114438072569,-9.66831059362896
-28.3340205052348,-166.710204922149,-8.69534704029035
-29.9616158679336,-166.117808656697,-9.69534704029035
-28.326930107997,-165.794076779982,-11.0216988626234
-28.326930107997,-165.794076779982,-11.0216988626234

Velocities: 10
-2,-2,-3
-6,-6,-8
-10,-10,-12
-10,-9,-12
-10,-8,-12
-11,0,-12
-9,-2,-9
0,0,0
-1,0,0
0,0,0

InverseVelocities: 10
0,0,0
0,0,0
0,0,0
0,0,0
0,0,0
0,0,0
0,0,0
0,0,0
0,0,0
0,0,0
