GestureName: swipe_right
Duration(ms): 705
Handedness: right

SpeakerAngles: 6
55
-55
0
0
110
-110

SpeakerElevations: 6
-10
-10
-10
0
30
30

InterpretedPoints: 15
-0.813797681349374,-0.296198132726024,0.5
-1.62050496546097,0.2686643887376,0.32635182233307
-2.42721224957257,2.81833466321343,-0.0209445330007911
-3.24100993092194,2.52213653048741,0.479055466999209
-3.23391953368417,3.38319718467706,-0.194592710667721
-6.47492946460611,0.805993166212799,0.979055466999209
-4.85442449914514,-0.592396265452048,1
-8.90923211141646,-4.26581363875044,0.847296355333861
-6.47492946460611,-4.23827989476202,0.0209445330007911
-5.66822218049452,-2.81833466321343,0.0209445330007911
-4.04771721503354,-3.67939531740308,0.694592710667721
-3.24810032815972,-1.39838943166485,0.0209445330007911
-1.62050496546097,-0.2686643887376,-0.32635182233307
-0.813797681349374,0.296198132726024,-0.5
0,0,0

StrokePoints: 16
0,0,0
-0.813797681349374,-0.296198132726024,0.5
-2.43430264681035,-0.0275337439884242,0.826351822333069
-4.86151489638292,2.79080091922501,0.805407289332278
-8.10252482730486,5.31293744971241,1.28446275633149
-11.336444360989,8.69613463438947,1.08987004566377
-17.8113738255951,9.50212780060227,2.06892551266297
-22.6657983247403,8.90973153515022,3.06892551266297
-31.5750304361568,4.64391789639978,3.91622186799684
-38.0499599007629,0.405638001637766,3.93716640099763
-43.7181820812574,-2.41269666157567,3.95811093399842
-47.7658992962909,-6.09209197897874,4.65270364466614
-51.0139996244506,-7.49048141064359,4.67364817766693
-52.6345045899116,-7.75914579938119,4.34729635533386
-53.448302271261,-7.46294766665517,3.84729635533386
-53.448302271261,-7.46294766665517,3.84729635533386

Velocities: 15
0,0,0
0,1,0
0,2,1
0,2,1
0,3,1
-1,4,0
-2,2,0
-3,3,-2
-3,2,-2
-3,1,-1
-3,0,-1
-2,-1,0
-1,0,0
0,0,0
0,0,0

InverseVelocities: 15
0,0,0
0,0,0
0,0,0
0,0,0
0,0,0
0,0,0
0,0,0
0,-2,0
0,-1,0
0,0,0
0,0,0
0,0,0
0,0,0
0,0,0
0,0,0
