GestureName: swipe_left
Duration(ms): 564
Handedness: right

SpeakerAngles: 6
55
-55
0
0
110
-110

SpeakerElevations: 6
-10
-10
-10
0
30
30

InterpretedPoints: 12
1.62050496546097,0.2686643887376,0.32635182233307
0.792526489636049,4.47941053951119,1.13175911166535
4.01935562608244,11.7831336863405,1.39527733499604
10.5084658851641,8.88219779116179,3.89527733499604
10.5155562824019,-6.67253235622142,3.95811093399842
17.8184642228329,-20.3422947078298,1.12566719800475
17.8255546200707,-4.73249707246974,-0.589870045663766
11.336444360989,-3.33410764080489,-0.610814578664557
4.84024370466959,-3.38917512878174,1.04188906600158
3.2268291364464,-2.25945008585449,0.694592710667721
0,-1.98480775301221,0.17364817766693
0,0,0

StrokePoints: 13
0,0,0
1.62050496546097,0.2686643887376,0.32635182233307
2.41303145509702,4.74807492824879,1.45811093399842
6.43238708117946,16.5312086145893,2.85338826899446
16.9408529663436,25.4134064057511,6.74866560399051
27.4564092487455,18.7408740495297,10.7067765379889
45.2748734715784,-1.60142065830014,11.8324437359937
63.1004280916491,-6.33391773076987,11.2425736903299
74.4368724526381,-9.66802537157477,10.6317591116653
79.2771161573077,-13.0572005003565,11.6736481776669
82.5039452937541,-15.316650586211,12.3682408883347
82.5039452937541,-17.3014583392232,12.5418890660016
82.5039452937541,-17.3014583392232,12.5418890660016

Velocities: 12
1,0,0
3,0,2
9,2,4
11,1,3
10,1,-5
1,-11,-8
0,-11,0
0,-8,0
0,-6,0
0,-4,0
0,0,-1
0,0,0

InverseVelocities: 12
0,0,0
0,0,0
0,-2,0
-1,-6,-4
-6,-5,0
-7,0,0
0,0,0
0,0,0
0,0,0
0,0,0
0,0,0
0,0,0
