GestureName: swipe_front
Duration(ms): 470
Handedness: right

SpeakerAngles: 6
55
-55
0
0
110
-110

SpeakerElevations: 6
-10
-10
-10
0
30
30

InterpretedPoints: 10
0.813797681349374,-0.296198132726024,0.5
-2.44139304404812,2.39044575464997,3.7635182233307
2.3917602633837,16.8705183470828,2.39527733499604
9.72302979276583,12.9284365850468,1.91622186799684
0.00709039723777583,17.6489777693072,4.20068462432832
0,14.0030941399972,3.22162915732911
0.799616886873823,10.6593865875179,0.895277334996044
1.60632417098542,5.0502510050795,0.110814578664557
-0.00709039723777516,0.805993166212799,0.979055466999209
0,0,0

StrokePoints: 11
0,0,0
0.813797681349374,-0.296198132726024,0.5
-1.62759536269875,2.09424762192395,4.2635182233307
0.764164900684949,18.9647659690067,6.65879555832674
10.4871946934508,31.8932025540535,8.57501742632358
10.4942850906886,49.5421803233607,12.7757020506519
10.4942850906886,63.5452744633579,15.997331207981
11.2939019775624,74.2046610508758,16.8926085429771
12.9002261485478,79.2549120559553,17.0034231216416
12.89313575131,80.0609052221681,17.9824785886408
12.89313575131,80.0609052221681,17.9824785886408

Velocities: 10
0,0,0
5,5,0
7,0,8
6,0,6
5,6,8
5,5,6
7,5,3
5,2,1
2,1,0
0,0,0

InverseVelocities: 10
0,0,0
0,0,0
0,0,0
0,0,0
0,0,0
0,0,0
0,0,0
0,0,0
0,0,0
0,0,0
