GestureName: swipe_up
Duration(ms): 423
Handedness: right

SpeakerAngles: 6
55
-55
0
0
110
-110

SpeakerElevations: 6
-10
-10
-10
0
30
30

InterpretedPoints: 9
0.00709039723777494,-15.7743049922487,-1.06892551266297
-0.792526489636047,-17.3527796365811,-4.70068462432832
-1.60632417098542,-22.7483183182588,-3.5060919136606
0,-20.1770922438993,-3.83244373599367
-2.4484834412859,-16.6078319024499,-1.22162915732911
0,-11.8657349183058,1.08377813200316
1.62050496546097,-1.39838943166485,0.0209445330007911
0,-1.98480775301221,0.17364817766693
0,0,0

StrokePoints: 10
0,0,0
0.00709039723777494,-15.7743049922487,-1.06892551266297
-0.785436092398272,-33.1270846288298,-5.7696101369913
-2.39176026338369,-55.8754029470886,-9.2757020506519
-2.39176026338369,-76.0524951909879,-13.1081457866456
-4.84024370466959,-92.6603270934377,-14.3297749439747
-4.84024370466959,-104.526062011744,-13.2459968119715
-3.21973873920862,-105.924451443408,-13.2250522789707
-3.21973873920862,-107.909259196421,-13.0514041013038
-3.21973873920862,-107.909259196421,-13.0514041013038

Velocities: 9
-4,-3,-7
-7,-4,-8
-8,-5,-10
-8,-8,-8
-4,-5,-7
-4,-4,-4
-1,-2,0
0,0,-1
0,0,0

InverseVelocities: 9
0,0,0
0,0,0
0,0,0
0,0,0
0,0,0
0,0,0
0,0,0
0,0,0
0,0,0
