GestureName: swipe_down
Duration(ms): 423
Handedness: right

SpeakerAngles: 6
55
-55
0
0
110
-110

SpeakerElevations: 6
-10
-10
-10
0
30
30

InterpretedPoints: 9
0.00709039723777527,14.1192070600556,-0.931074487337025
2.4201218523348,23.5267777404832,5.31149920299288
3.23391953368417,25.2153873607694,5.63785102532595
2.42721224957257,19.2884978457212,5.33244373599367
2.42721224957257,19.7834101304709,-1.79931537567168
0,0,0
0,0,0
-1.62050496546097,-0.2686643887376,-0.32635182233307
0,0,0

StrokePoints: 10
0,0,0
0.00709039723777527,14.1192070600556,-0.931074487337025
2.42721224957257,37.6459848005388,4.38042471565585
5.66113178325674,62.8613721613082,10.0182757409818
8.08834403282931,82.1498700070294,15.3507194769755
10.5155562824019,101.9332801375,13.5514041013038
10.5155562824019,101.9332801375,13.5514041013038
10.5155562824019,101.9332801375,13.5514041013038
8.89505131694091,101.664615748763,13.2250522789707
8.89505131694091,101.664615748763,13.2250522789707

Velocities: 9
4,5,5
10,7,10
10,7,11
9,7,8
7,5,7
0,0,0
0,0,0
-1,0,0
0,0,0

InverseVelocities: 9
0,0,0
0,0,0
0,0,0
0,0,0
0,0,0
0,0,0
0,0,0
0,0,0
0,0,0
