GestureName: swipe_down
Duration(ms): 564
Handedness: right

SpeakerAngles: 6
55
-55
0
0
110
-110

SpeakerElevations: 6
-10
-10
-10
0
30
30

InterpretedPoints: 12
0.806707284111599,2.54967027447583,-0.347296355333861
1.59923377374765,14.8581768500822,3.39527733499604
5.66113178325674,12.9679262172446,-0.604722665003955
-1.60632417098542,2.3078445226847,6.2425736903299
4.84733410190737,2.52811447459209,-0.368240888334652
0.799616886873824,5.39553868167769,-1.19459271066772
1.6134145682232,3.11453279593945,-0.520944533000791
0.813797681349374,0.296198132726024,-0.5
-3.2268291364464,-1.0746575549504,-1.30540728933228
-3.23391953368417,1.4534569196417,-1.67364817766693
-0.813797681349374,0.296198132726024,-0.5
0,0,0

StrokePoints: 13
0,0,0
0.806707284111599,2.54967027447583,-0.347296355333861
2.40594105785925,17.407847124558,3.04798097966218
8.06707284111599,30.3757733418026,2.44325831465823
6.46074867013057,32.6836178644873,8.68583200498813
11.3080827720379,35.2117323390794,8.31759111665348
12.1076996589118,40.6072710207571,7.12299840598576
13.721114227135,43.7218038166965,6.60205387298497
14.5349119084843,44.0180019494225,6.10205387298497
11.3080827720379,42.9433443944721,4.79664658365269
8.07416323835376,44.3968013141138,3.12299840598576
7.26036555700439,44.6929994468399,2.62299840598576
7.26036555700439,44.6929994468399,2.62299840598576

Velocities: 12
1,0,1
6,2,7
8,3,4
5,8,0
5,0,0
2,0,2
2,0,1
0,0,0
-4,0,0
-1,2,0
0,0,0
0,0,0

InverseVelocities: 12
0,0,0
0,0,0
0,0,0
0,0,0
0,0,0
0,0,0
0,0,0
0,0,0
0,0,0
0,-2,0
0,0,0
0,0,0
