GestureName: swipe_left
Duration(ms): 517
Handedness: right

SpeakerAngles: 6
55
-55
0
0
110
-110

SpeakerElevations: 6
-10
-10
-10
0
30
30

InterpretedPoints: 11
-0.813797681349374,-0.296198132726024,0.5
4.86151489638292,4.77560867223722,0.631759111665348
6.46074867013057,9.81988173321203,1.58987004566377
10.4942850906886,4.69300744027194,3.11081457866456
10.5013754879263,2.70222174315505,4.13175911166535
17.0117569387213,-8.18633960090269,0.389185421335443
11.3577155527024,-8.757180066471,1.41012995433623
7.28163674871771,-2.50058073060367,-0.458110933998418
6.47492946460611,-2.52811447459209,0.368240888334652
3.23391953368417,-1.99078569711689,1.02094453300079
0,0,0

StrokePoints: 12
0,0,0
-0.813797681349374,-0.296198132726024,0.5
4.04771721503354,4.47941053951119,1.13175911166535
10.5084658851641,14.2992922727232,2.72162915732911
21.0027509758527,18.9922997129952,5.83244373599367
31.504126463779,21.6945214561502,9.96420284765902
48.5158834025003,13.5081818552475,10.3533882689945
59.8735989552027,4.75100178877651,11.7635182233307
67.1552357039204,2.25042105817284,11.3054072893323
73.6301651685265,-0.277693416419252,11.6736481776669
76.8640847022107,-2.26847911353615,12.6945927106677
76.8640847022107,-2.26847911353615,12.6945927106677

Velocities: 11
0,0,0
3,0,2
7,0,4
9,-3,2
7,-4,2
3,-8,-3
-2,-7,-2
0,-6,0
0,-5,0
0,-3,0
0,0,0

InverseVelocities: 11
0,0,0
0,0,0
0,0,0
0,0,0
-1,6,-3
-4,3,0
0,0,0
0,0,0
0,0,0
0,0,0
0,0,0
