GestureName: swipe_left
Duration(ms): 564
Handedness: right

SpeakerAngles: 6
55
-55
0
0
110
-110

SpeakerElevations: 6
-10
-10
-10
0
30
30

InterpretedPoints: 12
0.813797681349374,-0.296198132726024,0.5
2.44139304404812,-0.888594398178072,1.5
11.336444360989,10.6809423874017,0.916221867996835
10.4942850906886,8.60755545831951,4.41622186799684
13.721114227135,1.7310261130117,8.11081457866456
24.3075744819146,-12.714839684286,0.0628335990023734
20.259857266881,-12.6441943405301,-0.721629157329114
14.5845446891488,-15.5116185476157,0.104722665003955
7.28163674871771,-3.09297699605572,0.541889066001582
0,-5.95442325903662,0.520944533000791
0,-1.98480775301221,0.17364817766693
0,0,0

StrokePoints: 13
0,0,0
0.813797681349374,-0.296198132726024,0.5
3.2551907253975,-1.1847925309041,2
14.5916350863865,9.49614985649758,2.91622186799684
25.0859201770751,18.1037053148171,7.33244373599367
38.80703440421,19.8347314278288,15.4432583146582
63.1146088861246,7.11989174354275,15.5060919136606
83.3744661530057,-5.5243025969874,14.7844627563315
97.9590108421544,-21.0359211446031,14.8891854213354
105.240647590872,-24.1288981406589,15.431074487337
105.240647590872,-30.0833213996955,15.9520190203378
105.240647590872,-32.0681291527077,16.1256671980047
105.240647590872,-32.0681291527077,16.1256671980047

Velocities: 12
0,0,0
0,0,0
8,0,4
10,-2,4
11,-5,2
6,-9,-6
0,-12,-4
0,-9,-6
0,-6,0
0,0,-3
0,0,-1
0,0,0

InverseVelocities: 12
0,0,0
0,0,0
0,0,0
0,0,0
0,4,-3
-3,0,0
0,1,0
0,0,0
0,0,0
0,0,0
0,0,0
0,0,0
