GestureName: swipe_up
Duration(ms): 423
Handedness: right

SpeakerAngles: 6
55
-55
0
0
110
-110

SpeakerElevations: 6
-10
-10
-10
0
30
30

InterpretedPoints: 9
-11.3718963471779,-12.1894667950202,2.41012995433623
3.26937151987304,-21.8872576640692,-4.17974009132753
-1.6134145682232,-21.0321749539842,-4.0060919136606
1.62759536269875,-22.1618999969115,-3.65879555832674
-4.86860529362069,-18.3024194668407,-0.700684624328323
-2.42721224957257,-3.09297699605572,0.541889066001582
-2.4201218523348,-1.69458756439087,0.520944533000791
-0.806707284111599,-0.564862521463623,0.17364817766693
0,0,0

StrokePoints: 10
0,0,0
-11.3718963471779,-12.1894667950202,2.41012995433623
-8.10252482730486,-34.0767244590894,-1.7696101369913
-9.71593939552806,-55.1088994130736,-5.7757020506519
-8.08834403282931,-77.2707994099851,-9.43449760897864
-12.95694932645,-95.5732188768258,-10.135182233307
-15.3841615760226,-98.6661958728815,-9.59329316730538
-17.8042834283574,-100.360783437272,-9.07234863430459
-18.610990712469,-100.925645958736,-8.89870045663766
-18.610990712469,-100.925645958736,-8.89870045663766

Velocities: 9
-5,-2,-4
-7,-5,-10
-8,-6,-9
-8,-8,-9
-7,-5,-7
-4,-2,0
-3,0,0
-1,0,0
0,0,0

InverseVelocities: 9
0,0,0
0,0,0
0,0,0
0,0,0
0,0,0
0,0,0
0,0,0
0,0,0
0,0,0
