GestureName: swipe_left
Duration(ms): 517
Handedness: right

SpeakerAngles: 6
55
-55
0
0
110
-110

SpeakerElevations: 6
-10
-10
-10
0
30
30

InterpretedPoints: 11
4.86860529362069,-0.0550674879768485,1.65270364466614
8.90923211141646,1.90818446515162,1.45811093399842
16.1908688601342,12.9403924732562,0.221629157329114
21.8732718351042,12.1619330510318,-1.58377813200316
25.9280794473756,-7.93923101204883,0.694592710667722
17.8255546200707,-11.5420030415913,-0.242573690329906
17.0188473359591,-4.76003081645816,0.236481776669303
4.03353642055799,-2.82431260731812,0.868240888334652
6.48201986184389,-2.25945008585449,0.694592710667721
0.806707284111599,-0.564862521463623,0.17364817766693
0,0,0

StrokePoints: 12
0,0,0
4.86860529362069,-0.0550674879768485,1.65270364466614
13.7778374050372,1.85311697717477,3.11081457866456
29.9687062651713,14.7935094504309,3.33244373599367
51.8419781002756,26.9554425014627,1.74866560399051
77.7700575476511,19.0162114894139,2.44325831465823
95.5956121677218,7.47420844782259,2.20068462432832
112.614459503681,2.71417763136442,2.43716640099763
116.647995924239,-0.110134975953696,3.30540728933228
123.130015786083,-2.36958506180819,4
123.936723070194,-2.93444758327181,4.17364817766693
123.936723070194,-2.93444758327181,4.17364817766693

Velocities: 11
2,0,0
6,0,0
12,0,4
11,-3,4
8,-8,-4
1,-10,-4
0,-10,0
0,-5,0
0,-4,0
0,-1,0
0,0,0

InverseVelocities: 11
0,0,0
0,0,0
0,0,0
0,0,-1
-2,7,0
0,0,0
0,0,0
0,0,0
0,0,0
0,0,0
0,0,0
