GestureName: swipe_front
Duration(ms): 470
Handedness: right

SpeakerAngles: 6
55
-55
0
0
110
-110

SpeakerElevations: 6
-10
-10
-10
0
30
30

InterpretedPoints: 10
2.43430264681035,1.10219129893882,0.479055466999209
-0.806707284111599,4.49136642772056,-0.562833599002373
0.813797681349373,16.2841000257354,2.54798097966218
-1.62050496546097,16.256566281747,3.37433280199525
-1.6134145682232,14.0030941399972,3.22162915732911
-0.806707284111599,8.39395855755876,2.43716640099763
-3.2268291364464,7.56640959146222,1.43716640099763
-2.42721224957257,2.81833466321343,-0.0209445330007911
-0.806707284111599,5.66420307041529,-0.868240888334652
0,0,0

StrokePoints: 11
0,0,0
2.43430264681035,1.10219129893882,0.479055466999209
1.62759536269875,5.59355772665939,-0.0837781320031641
2.44139304404812,21.8776577523948,2.46420284765902
0.820888078587149,38.1342240341418,5.83853564965427
-0.792526489636048,52.137318174139,9.06016480698339
-1.59923377374765,60.5312767316978,11.497331207981
-4.82606291019404,68.09768632316,12.9344976089786
-7.25327515976661,70.9160209863734,12.9135530759778
-8.05998244387821,76.5802240567887,12.0453121876432
-8.05998244387821,76.5802240567887,12.0453121876432

Velocities: 10
2,1,0
4,5,0
5,5,7
5,6,7
4,6,6
2,3,4
1,5,3
0,2,1
1,2,2
0,0,0

InverseVelocities: 10
0,0,0
0,0,0
0,0,0
0,0,0
0,0,0
0,0,0
0,0,0
0,0,0
0,0,0
0,0,0
