GestureName: swipe_left
Duration(ms): 517
Handedness: right

SpeakerAngles: 6
55
-55
0
0
110
-110

SpeakerElevations: 6
-10
-10
-10
0
30
30

InterpretedPoints: 11
0.806707284111599,1.95727400902378,0.652703644666139
6.45365827289279,8.15880585691427,0.437166400997627
12.9285877374989,5.19084658554934,6.28446275633149
12.9214973402611,-0.439844796772832,5.47905546699921
18.6393523014201,-14.6780916374145,0.257426309670095
16.197959257372,-8.10971631304211,-1.24257369032991
15.3912519732603,-4.16763455100612,-0.763518223330697
6.47492946460611,-2.52811447459209,0.368240888334652
4.04062681779577,-2.55564821858052,1.19459271066772
0.806707284111599,-0.564862521463623,0.17364817766693
0,0,0

StrokePoints: 12
0,0,0
0.806707284111599,1.95727400902378,0.652703644666139
7.26036555700439,10.1160798659381,1.08987004566377
20.1889532945033,15.3069264514874,7.37433280199525
33.1104506347644,14.8670816547146,12.8533882689945
51.7498029361845,0.188990017300053,13.1108145786646
67.9477621935564,-7.92072629574205,11.8682408883346
83.3390141668168,-12.0883608467482,11.104722665004
89.8139436314229,-14.6164753213403,11.4729635533386
93.8545704492187,-17.1721235399208,12.6675562640063
94.6612777333303,-17.7369860613844,12.8412044416733
94.6612777333303,-17.7369860613844,12.8412044416733

Velocities: 11
1,0,1
7,-1,3
8,-5,4
8,-6,1
2,-9,-6
0,-11,-2
0,-10,0
0,-5,0
0,-4,0
0,-1,0
0,0,0

InverseVelocities: 11
0,0,0
0,0,0
-1,2,-1
0,0,-2
-4,0,0
0,0,0
0,0,0
0,0,0
0,0,0
0,0,0
0,0,0
