GestureName: swipe_back
Duration(ms): 470
Handedness: right

SpeakerAngles: 6
55
-55
0
0
110
-110

SpeakerElevations: 6
-10
-10
-10
0
30
30

InterpretedPoints: 10
-1.62759536269875,-4.50694428349961,-0.305407289332279
-0.806707284111599,-19.9299836550454,-3.52703644666139
-1.62759536269875,-26.931530725044,-5.13785102532595
-0.813797681349374,-28.3023864127204,-5.94325831465823
-3.24100993092194,-27.2061730578863,-4.61690649232516
-10.5580986658285,-30.9957033512431,-0.616906492325159
-2.43430264681035,-28.2659478640996,2.68850079700712
0.799616886873823,-5.29735959393336,-0.416221867996836
2.4201218523348,-1.69458756439087,0.520944533000791
0,0,0

StrokePoints: 11
0,0,0
-1.62759536269875,-4.50694428349961,-0.305407289332279
-2.43430264681035,-24.436927938545,-3.83244373599367
-4.06189800950909,-51.368458663589,-8.97029476131962
-4.87569569085847,-79.6708450763094,-14.9135530759778
-8.11670562178041,-106.877018134196,-19.530459568303
-18.6748042876089,-137.872721485439,-20.1473660606282
-21.1091069344193,-166.138669349538,-17.4588652636211
-20.3094900475455,-171.436028943472,-17.8750871316179
-17.8893681952107,-173.130616507863,-17.3541425986171
-17.8893681952107,-173.130616507863,-17.3541425986171

Velocities: 10
-1,-1,-2
-6,-5,-9
-8,-8,-12
-10,-10,-12
-11,-9,-11
-11,-8,-12
-9,-8,-10
-5,-7,0
0,-3,0
0,0,0

InverseVelocities: 10
0,0,0
0,0,0
0,0,0
0,0,0
0,0,0
0,0,0
0,0,0
0,0,0
0,0,0
0,0,0
