GestureName: swipe_down
Duration(ms): 611
Handedness: right

SpeakerAngles: 6
55
-55
0
0
110
-110

SpeakerElevations: 6
-10
-10
-10
0
30
30

InterpretedPoints: 13
0.813797681349374,5.93286745915289,-0.541889066001582
2.42721224957257,16.8214288032106,3.20068462432832
4.84733410190737,27.7375238912568,6.11690649232516
-0.835068873062699,20.686887277386,5.31149920299288
4.04771721503354,3.89897016226852,0.437166400997627
1.62050496546097,7.03505875809171,-0.0628335990023731
-0.813797681349374,0.296198132726024,-0.5
-0.806707284111599,-3.94208176203599,-0.479055466999209
-3.24100993092194,-0.537328777475199,-0.652703644666139
0.806707284111599,-1.95727400902378,-0.652703644666139
-0.00709039723777505,-0.2686643887376,-0.32635182233307
0,-1.98480775301221,0.17364817766693
0,0,0

StrokePoints: 14
0,0,0
0.813797681349374,5.93286745915289,-0.541889066001582
3.24100993092194,22.7542962623635,2.65879555832674
8.08834403282931,50.4918201536203,8.7757020506519
7.25327515976661,71.1787074310063,14.0872012536448
11.3009923748002,75.0776775932749,14.5243676546424
12.9214973402611,82.1127363513666,14.46153405564
12.1076996589118,82.4089344840926,13.96153405564
11.3009923748002,78.4668527220566,13.4824785886408
8.05998244387821,77.9295239445814,12.8297749439747
8.86668972798981,75.9722499355576,12.1770712993085
8.85959933075203,75.70358554682,11.8507194769755
8.85959933075203,73.7187777938078,12.0243676546424
8.85959933075203,73.7187777938078,12.0243676546424

Velocities: 13
2,2,2
7,5,7
12,7,12
11,8,8
6,3,0
4,3,2
0,0,0
-1,0,-2
-2,0,0
0,-1,-1
0,-1,0
0,0,-1
0,0,0

InverseVelocities: 13
0,0,0
0,0,0
0,0,0
0,0,0
0,0,0
0,0,0
0,0,0
0,0,0
0,0,0
0,0,0
0,0,0
0,0,0
0,0,0
