GestureName: swipe_up
Duration(ms): 470
Handedness: right

SpeakerAngles: 6
55
-55
0
0
110
-110

SpeakerElevations: 6
-10
-10
-10
0
30
30

InterpretedPoints: 10
-2.42721224957257,-5.39553868167769,1.19459271066772
0.0141807944755499,-9.49614985649758,-2.91622186799684
-2.4201218523348,-17.9451759020332,-3.70068462432832
-0.799616886873824,-18.8062365562228,-3.02703644666139
-1.6134145682232,-19.1024346889489,-2.52703644666139
1.62759536269875,-12.6657501404139,-0.742573690329906
0,-12.6657501404139,-0.742573690329905
0,-3.65186157341465,-0.131759111665348
0,-3.11453279593945,0.520944533000791
0,0,0

StrokePoints: 11
0,0,0
-2.42721224957257,-5.39553868167769,1.19459271066772
-2.41303145509702,-14.8916885381753,-1.72162915732911
-4.83315330743182,-32.8368644402085,-5.42231378165744
-5.63277019430564,-51.6431009964313,-8.44935022831883
-7.24618476252884,-70.7455356853802,-10.9763866749802
-5.61858939983009,-83.411285825794,-11.7189603653101
-5.61858939983009,-96.0770359662079,-12.46153405564
-5.61858939983009,-99.7288975396226,-12.5932931673054
-5.61858939983009,-102.843430335562,-12.0723486343046
-5.61858939983009,-102.843430335562,-12.0723486343046

Velocities: 10
-2,0,-2
-5,-3,-4
-7,-4,-8
-7,-5,-8
-7,-5,-8
-4,-4,-5
-4,-4,-5
-2,-2,-1
-1,-1,-1
0,0,0

InverseVelocities: 10
0,0,0
0,0,0
0,0,0
0,0,0
0,0,0
0,0,0
0,0,0
0,0,0
0,0,0
0,0,0
