GestureName: tap_front
Duration(ms): 1081
Handedness: right

SpeakerAngles: 6
55
-55
0
0
110
-110

SpeakerElevations: 6
-10
-10
-10
0
30
30

InterpretedPoints: 23
2.43430264681035,-14.1407628599393,0.910129954336234
-1.62050496546097,-20.5008241206137,-2.5060919136606
4.88278608809624,-25.9789640342567,1.16755626400633
0.785436092398273,-14.0916733160672,0.104722665003955
2.4201218523348,-7.0015470699986,-1.61081457866456
-3.24810032815972,0.971195630143345,-3.97905546699921
-2.40594105785925,4.27179158285513,-1.69459271066772
5.63986059154342,6.15244230401832,0.589870045663766
2.4201218523348,2.82431260731812,-0.868240888334652
-1.6134145682232,0,0
-0.813797681349374,-7.61187716776471,1.93107448733702
-8.11670562178041,-16.1159707012772,2.79931537567168
-5.67531257773229,-5.66420307041529,0.868240888334652
-8.10252482730486,-4.5129222276043,0.541889066001582
1.62050496546097,-1.39838943166485,0.0209445330007911
1.6134145682232,0,0
0.806707284111599,11.8932686622942,-1.91012995433623
0,14.44293893677,-2.25742630967009
-0.813797681349374,14.146740804044,-1.75742630967009
-0.813797681349374,7.91767521216509,-0.715537243668512
0.00709039723777505,4.23827989476202,-0.0209445330007911
1.6134145682232,-1.12972504292725,0.347296355333861
0,0,0

StrokePoints: 24
0,0,0
2.43430264681035,-14.1407628599393,0.910129954336234
0.813797681349373,-34.641586980553,-1.59596195932437
5.69658376944562,-60.6205510148097,-0.428405695318039
6.48201986184389,-74.7122243308769,-0.323683030314084
8.90214171417869,-81.7137714008754,-1.93449760897864
5.65404138601897,-80.7425757707321,-5.91355307597785
3.24810032815972,-76.470784187877,-7.60814578664557
8.88796091970314,-70.3183418838587,-7.0182757409818
11.3080827720379,-67.4940292765405,-7.88651662931645
9.69466820381474,-67.4940292765405,-7.88651662931645
8.88087052246536,-75.1059064443052,-5.95544214197943
0.764164900684948,-91.2218771455824,-3.15612676630775
-4.91114767704734,-96.8860802159977,-2.2878858779731
-13.0136725043522,-101.399002443602,-1.74599681197152
-11.3931675388912,-102.797391875267,-1.72505227897073
-9.77975297066804,-102.797391875267,-1.72505227897073
-8.97304568655644,-90.9041232129727,-3.63518223330696
-8.97304568655644,-76.4611842762026,-5.89260854297706
-9.78684336790581,-62.3144434721586,-7.65003485264715
-10.6006410492552,-54.3967682599935,-8.36557209631566
-10.5935506520174,-50.1584883652315,-8.38651662931645
-8.98013608379421,-51.2882134081588,-8.03922027398259
-8.98013608379421,-51.2882134081588,-8.03922027398259

Velocities: 23
-2,-3,-6
-8,-7,-8
-7,-7,-10
-3,-7,-5
-1,-4,-3
-2,-1,0
-1,4,1
9,1,1
4,1,0
-1,1,0
-7,-7,0
-9,-6,-4
-3,0,-2
-5,0,-1
-1,-2,0
1,-1,0
4,3,4
4,4,5
4,4,5
2,2,3
0,1,2
0,-2,0
0,0,0

InverseVelocities: 23
0,0,0
0,0,0
0,0,0
0,3,0
1,3,0
0,0,0
4,0,0
0,-1,0
0,0,0
0,-2,0
0,0,0
0,0,0
0,0,0
0,0,0
0,0,0
0,2,0
0,0,0
0,0,0
0,0,0
0,0,0
0,0,0
0,0,0
0,0,0
