GestureName: tap_down
Duration(ms): 752
Handedness: right

SpeakerAngles: 6
55
-55
0
0
110
-110

SpeakerElevations: 6
-10
-10
-10
0
30
30

InterpretedPoints: 16
-0.806707284111599,-0.564862521463623,0.17364817766693
0,0,0
-2.43430264681035,-0.0275337439884242,0.82635182233307
0.806707284111599,7.01350295820797,-0.0837781320031642
-2.4201218523348,7.28814529105026,-0.604722665003955
-3.23391953368417,6.99194715832423,-0.104722665003955
0,0,0
-2.43430264681035,-1.69458756439087,0.520944533000791
-1.62050496546097,-6.49772998061651,0.715537243668512
-6.48201986184389,-19.5422794857217,2.95201902033782
-7.27454635147994,-6.47617418073277,0.736481776669303
-1.6134145682232,-5.37398288179395,1.21553724366851
0.792526489636049,6.73886062536569,0.437166400997627
4.05480761227132,8.72964632248258,-0.583778132003164
0,-0.592396265452048,1
0,0,0

StrokePoints: 17
0,0,0
-0.806707284111599,-0.564862521463623,0.17364817766693
-0.806707284111599,-0.564862521463623,0.17364817766693
-3.24100993092194,-0.592396265452048,1
-2.43430264681035,6.42110669275592,0.916221867996836
-4.85442449914514,13.7092519838062,0.311499202992881
-8.08834403282931,20.7011991421304,0.206776537988926
-8.08834403282931,20.7011991421304,0.206776537988926
-10.5226466796397,19.0066115777395,0.727721070989717
-12.1431516451006,12.508881597123,1.44325831465823
-18.6251715069445,-7.03339788859866,4.39527733499605
-25.8997178584245,-13.5095720693314,5.13175911166535
-27.5131324266477,-18.8835549511254,6.34729635533386
-26.7206059370116,-12.1446943257597,6.78446275633149
-22.6657983247403,-3.41504800327712,6.20068462432832
-22.6657983247403,-4.00744426872917,7.20068462432832
-22.6657983247403,-4.00744426872917,7.20068462432832

Velocities: 16
-1,0,0
0,0,0
0,1,0
6,5,1
6,9,0
6,9,0
0,0,0
-2,-1,0
-3,-2,-2
-7,-3,-7
-8,-1,-1
-4,-2,-1
5,2,2
6,4,2
0,0,0
0,0,0

InverseVelocities: 16
0,0,0
0,0,0
0,0,0
0,0,0
0,0,0
0,0,0
0,0,0
0,0,0
0,0,0
0,0,0
0,0,0
1,0,0
0,0,0
0,0,0
0,0,0
0,0,0
