GestureName: tap_up
Duration(ms): 799
Handedness: right

SpeakerAngles: 6
55
-55
0
0
110
-110

SpeakerElevations: 6
-10
-10
-10
0
30
30

InterpretedPoints: 17
3.23391953368417,-15.2920437027503,1.2364817766693
-7.28163674871771,-25.9574082343729,1.18850079700712
-3.24810032815972,-26.7969130886788,1.88309350767484
-0.813797681349374,0.296198132726024,-0.5
-0.806707284111599,0.564862521463623,-0.17364817766693
-4.07607880398464,-1.21232627489252,2.82635182233307
-1.62050496546097,11.4869355536145,1.89527733499604
1.6134145682232,-1.12972504292725,0.347296355333861
2.43430264681035,22.7155017372077,-2.56283359900237
0,0,0
0.806707284111599,-0.0275337439884242,0.826351822333069
1.62759536269875,1.66705382040245,0.305407289332279
-0.00709039723777527,13.8565206154227,-2.10472266500395
-2.476845030237,14.5679566614608,3.04798097966218
-2.4201218523348,14.9527339702568,-0.778370842670885
-2.4201218523348,10.4457896867572,-1.08377813200316
0,0,0

StrokePoints: 18
0,0,0
3.23391953368417,-15.2920437027503,1.2364817766693
-4.04771721503354,-41.2494519371232,2.42498257367642
-7.29581754319326,-68.0463650258021,4.30807608135126
-8.10961522454264,-67.750166893076,3.80807608135126
-8.91632250865424,-67.1853043716124,3.63442790368433
-12.9924013126389,-68.3976306465049,6.4607797260174
-14.6129062780999,-56.9106950928905,8.35605706101345
-12.9994917098767,-58.0404201358177,8.70335341634731
-10.5651890630663,-35.32491839861,6.14051981734494
-10.5651890630663,-35.32491839861,6.14051981734494
-9.75848177895471,-35.3524521425985,6.96687163967801
-8.13088641625596,-33.685398322196,7.27227892901028
-8.13797681349374,-19.8288777067733,5.16755626400633
-10.6148218437307,-5.26092104531253,8.21553724366851
-13.0349436960655,9.69181292494428,7.43716640099763
-15.4550655484003,20.1376026117015,6.35338826899446
-15.4550655484003,20.1376026117015,6.35338826899446

Velocities: 17
0,-3,-7
-12,-6,-9
-12,-11,-8
0,0,0
0,1,0
1,0,0
5,6,4
0,-2,0
-1,-2,12
0,0,0
1,0,0
2,2,0
6,5,4
8,3,6
4,7,5
3,6,3
0,0,0

InverseVelocities: 17
0,0,0
0,0,0
0,0,0
0,0,0
0,0,0
0,0,0
0,0,0
0,0,0
0,0,0
0,0,0
0,0,0
0,0,0
0,0,0
0,0,0
0,0,0
0,0,0
0,0,0
