GestureName: tap_back
Duration(ms): 846
Handedness: right

SpeakerAngles: 6
55
-55
0
0
110
-110

SpeakerElevations: 6
-10
-10
-10
0
30
30

InterpretedPoints: 18
-3.23391953368417,-5.31293744971241,-1.28446275633149
0.813797681349373,-20.791044309235,-2.85338826899446
-1.62050496546097,-26.9375086691487,-4.29055466999209
1.64886655441207,-26.9925761571255,-2.63785102532595
3.20555794473307,-1.8806507211632,-2.28446275633149
-3.2551907253975,1.1847925309041,-2
0,0,0
-0.813797681349374,-0.888594398178072,1.5
0.813797681349374,-1.48099066363012,2.5
-0.778345695160499,10.378766310571,2.2635182233307
-6.48201986184389,-1.29492750685779,5.30540728933228
-7.30290794043104,14.0856953719625,0.742573690329905
-2.4484834412859,5.60913558243844,0.784462756331487
-0.813797681349374,5.34047119370084,0.458110933998418
0.806707284111599,1.36487774357174,1.65270364466614
-0.806707284111599,1.95727400902378,0.652703644666139
-0.813797681349374,-0.296198132726024,0.5
0,0,0

StrokePoints: 19
0,0,0
-3.23391953368417,-5.31293744971241,-1.28446275633149
-2.4201218523348,-26.1039817589475,-4.13785102532595
-4.04062681779577,-53.0414904280961,-8.42840569531804
-2.3917602633837,-80.0340665852217,-11.066256720644
0.813797681349374,-81.9147173063849,-13.3507194769755
-2.44139304404812,-80.7299247754808,-15.3507194769755
-2.44139304404812,-80.7299247754808,-15.3507194769755
-3.25519072539749,-81.6185191736588,-13.8507194769755
-2.44139304404812,-83.099509837289,-11.3507194769755
-3.21973873920862,-72.720743526718,-9.08720125364478
-9.70175860105251,-74.0156710335758,-3.7817939643125
-17.0046665414836,-59.9299756616133,-3.0392202739826
-19.4531499827695,-54.3208400791749,-2.25475751765111
-20.2669476641188,-48.980368885474,-1.79664658365269
-19.4602403800072,-47.6154911419023,-0.143942938986552
-20.2669476641188,-45.6582171328785,0.508760705679588
-21.0807453454682,-45.9544152656045,1.00876070567959
-21.0807453454682,-45.9544152656045,1.00876070567959

Velocities: 18
-4,-1,-2
-6,-6,-9
-10,-9,-11
-10,-7,-11
0,-7,0
0,0,0
0,0,0
0,0,0
0,0,0
0,5,5
0,4,0
2,5,6
3,2,2
2,2,2
1,0,1
0,1,1
0,0,0
0,0,0

InverseVelocities: 18
0,0,0
0,0,0
0,0,0
0,0,0
0,0,0
0,0,0
0,0,0
0,0,0
0,0,0
0,0,0
0,0,0
0,0,0
0,0,0
0,0,0
0,0,0
0,0,0
0,0,0
0,0,0
