GestureName: tap_up
Duration(ms): 752
Handedness: right

SpeakerAngles: 6
55
-55
0
0
110
-110

SpeakerElevations: 6
-10
-10
-10
0
30
30

InterpretedPoints: 16
2.42721224957257,-9.9024829651773,0.889185421335443
6.51038145079499,-30.6504156746449,-1.92231378165744
5.69658376944562,-32.3390252949311,-2.24866560399051
-3.22682913644639,-32.1529621381587,0.556741685341772
3.2551907253975,-1.1847925309041,2
-2.44139304404812,-0.888594398178072,1.5
-1.6134145682232,1.12972504292725,-0.347296355333861
0,0,0
0,-0.592396265452048,1
4.03353642055799,3.62432782942623,0.958110933998418
4.88987648533402,23.078028139078,1.33244373599367
4.07607880398464,25.5786088696816,1.79055466999209
-2.42721224957257,20.0885130678293,7.15879555832674
2.43430264681035,17.1571165681344,0.179740091327532
3.24810032815972,1.66107587629776,1.15270364466614
0,0,0

StrokePoints: 17
0,0,0
2.42721224957257,-9.9024829651773,0.889185421335443
8.93759370036756,-40.5528986398222,-1.03312836032199
14.6341774698132,-72.8919239347532,-3.2817939643125
11.4073483333668,-105.044886072912,-2.72505227897073
14.6625390587643,-106.229678603816,-0.725052278970729
12.2211460147162,-107.118273001994,0.774947721029271
10.607731446493,-105.988547959067,0.42765136569541
10.607731446493,-105.988547959067,0.42765136569541
10.607731446493,-106.580944224519,1.42765136569541
14.641267867051,-102.956616395093,2.38576229969383
19.531144352385,-79.8785882560147,3.7182060356875
23.6072231563696,-54.2999793863331,5.50876070567959
21.180010906797,-34.2114663185038,12.6675562640063
23.6143135536074,-17.0543497503694,12.8472963553339
26.8624138817671,-15.3932738740716,14
26.8624138817671,-15.3932738740716,14

Velocities: 16
-1,-3,-4
-12,-12,-11
-12,-12,-12
-12,-8,-12
0,0,0
0,0,0
0,2,0
0,0,0
0,0,0
5,0,1
7,8,9
10,11,9
7,9,9
9,8,5
1,0,1
0,0,0

InverseVelocities: 16
0,0,0
0,0,0
0,0,0
0,0,0
0,0,0
0,0,0
0,0,0
0,0,0
0,0,0
0,0,0
0,0,0
0,0,0
0,0,0
0,0,0
0,0,0
0,0,0
