GestureName: tap_left
Duration(ms): 752
Handedness: right

SpeakerAngles: 6
55
-55
0
0
110
-110

SpeakerElevations: 6
-10
-10
-10
0
30
30

InterpretedPoints: 16
0.806707284111599,-2.28698382984292,1.52094453300079
3.24100993092194,-0.537328777475199,-0.652703644666139
14.5845446891488,-5.36800493768926,0.368240888334652
17.8397354145462,-4.23827989476202,0.0209445330007907
17.8397354145462,-3.10855485183477,-0.326351822333069
4.05480761227132,-0.296198132726024,0.5
0,0,0
-0.806707284111599,0.564862521463623,-0.17364817766693
-1.62050496546097,0.2686643887376,0.32635182233307
-8.92341290589201,-1.42592317565327,0.847296355333861
-15.4054327677359,-0.888594398178072,1.5
-13.7849278022749,-0.564862521463623,0.173648177666931
-8.90923211141646,-1.42592317565327,0.847296355333861
-4.85442449914514,0.537328777475199,0.652703644666139
-0.806707284111599,0.564862521463623,-0.17364817766693
0,0,0

StrokePoints: 17
0,0,0
0.806707284111599,-2.28698382984292,1.52094453300079
4.04771721503354,-2.82431260731812,0.868240888334652
18.6322619041823,-8.19231754500738,1.2364817766693
36.4719973187285,-12.4305974397694,1.25742630967009
54.3117327332748,-15.5391522916042,0.931074487337025
58.3665403455461,-15.8353504243302,1.43107448733702
58.3665403455461,-15.8353504243302,1.43107448733702
57.5598330614345,-15.2704879028666,1.25742630967009
55.9393280959735,-15.001823514129,1.58377813200316
47.0159151900815,-16.4277466897822,2.43107448733702
31.6104824223456,-17.3163410879603,3.93107448733702
17.8255546200707,-17.8812036094239,4.10472266500395
8.91632250865424,-19.3071267850772,4.95201902033781
4.06189800950909,-18.769798007602,5.60472266500395
3.25519072539749,-18.2049354861384,5.43107448733702
3.25519072539749,-18.2049354861384,5.43107448733702

Velocities: 16
-1,-2,0
0,-2,0
3,-6,-2
4,-5,-2
5,-4,-2
1,-1,0
0,0,0
0,1,0
0,1,0
-3,1,0
-4,4,0
-4,3,0
-4,2,0
-1,3,0
0,1,0
0,0,0

InverseVelocities: 16
0,0,0
0,0,0
0,0,0
0,0,0
0,0,0
0,0,0
0,0,0
0,0,0
0,0,0
0,0,0
1,-2,0
0,0,0
0,0,0
0,0,0
0,0,0
0,0,0
