GestureName: tap_back
Duration(ms): 1128
Handedness: right

SpeakerAngles: 6
55
-55
0
0
110
-110

SpeakerElevations: 6
-10
-10
-10
0
30
30

InterpretedPoints: 24
0.00709039723777505,-4.23827989476202,0.0209445330007911
0.820888078587149,-14.0306278839856,-2.39527733499604
3.26937151987305,-28.7087195214001,-2.13785102532595
0.00709039723777494,-28.659629977528,-2.94325831465823
-6.48201986184389,-30.8156181385754,3.03579715234098
-4.84024370466959,-2.79677886332969,0.0418890660015821
0,0,0
-0.799616886873824,-0.833526910201223,-0.152703644666139
-0.806707284111599,-0.564862521463623,0.17364817766693
-0.806707284111599,0.564862521463623,-0.17364817766693
0,0,0
0,0,0
-0.813797681349374,-0.296198132726024,0.5
-0.806707284111599,0.564862521463623,-0.17364817766693
0.01418079447555,-0.0550674879768485,1.65270364466614
1.63468575993652,7.83507398019982,1.7635182233307
-0.806707284111599,7.33125689081773,-0.562833599002373
-0.00709039723777483,13.5818782825804,-1.58377813200316
-4.06898840674687,10.3847442546757,1.41622186799684
-3.24810032815972,9.28255295573683,0.937166400997627
-0.813797681349374,2.76326717523658,1.63175911166535
0,3.91454801804757,1.30540728933228
-1.6134145682232,0,0
0,0,0

StrokePoints: 25
0,0,0
0.00709039723777505,-4.23827989476202,0.0209445330007911
0.827978475824924,-18.2689077787476,-2.37433280199525
4.09734999569797,-46.9776273001478,-4.5121838273212
4.10444039293574,-75.6372572776758,-7.45544214197943
-2.37757946890815,-106.452875416251,-4.41964498963845
-7.21782317357774,-109.249654279581,-4.37775592363687
-7.21782317357774,-109.249654279581,-4.37775592363687
-8.01744006045156,-110.083181189782,-4.53045956830301
-8.82414734456316,-110.648043711246,-4.35681139063608
-9.63085462867476,-110.083181189782,-4.53045956830301
-9.63085462867476,-110.083181189782,-4.53045956830301
-9.63085462867476,-110.083181189782,-4.53045956830301
-10.4446523100241,-110.379379322508,-4.03045956830301
-11.2513595941357,-109.814516801044,-4.20410774596994
-11.2371787996602,-109.869584289021,-2.5514041013038
-9.60249303972366,-102.034510308822,-0.787885877973103
-10.4092003238353,-94.7032534180038,-1.35071947697548
-10.416290721073,-81.1213751354234,-2.93449760897864
-14.4852791278199,-70.7366308807478,-1.5182757409818
-17.7333794559796,-61.4540779250109,-0.581109339984178
-18.547177137329,-58.6908107497743,1.05064977168117
-18.547177137329,-54.7762627317268,2.35605706101345
-20.1605917055522,-54.7762627317268,2.35605706101345
-20.1605917055522,-54.7762627317268,2.35605706101345

Velocities: 24
-1,0,-2
-5,-4,-6
-9,-7,-12
-11,-10,-11
-11,-7,-11
-6,0,0
0,0,0
-2,0,0
-1,0,0
0,1,0
0,0,0
0,0,0
0,0,0
0,1,0
0,2,0
3,4,3
3,4,2
4,3,5
4,4,4
2,3,4
2,2,1
1,1,2
-1,1,0
0,0,0

InverseVelocities: 24
0,0,0
0,0,0
0,0,0
0,0,0
0,0,0
0,0,0
0,0,0
0,0,0
0,0,0
0,0,0
0,0,0
0,0,0
0,0,0
0,0,0
0,0,0
0,0,0
0,0,0
0,0,0
0,0,0
0,0,0
0,0,0
0,0,0
0,0,0
0,0,0
