GestureName: tap_front
Duration(ms): 1034
Handedness: right

SpeakerAngles: 6
55
-55
0
0
110
-110

SpeakerElevations: 6
-10
-10
-10
0
30
30

InterpretedPoints: 22
0.806707284111599,-0.564862521463623,0.17364817766693
0.813797681349374,-9.04740025509234,1.06283359900237
-0.00709039723777527,-17.8261361214471,2.45201902033782
-3.23391953368417,-16.9710534113621,2.62566719800475
-14.5987254836243,-10.7970553074601,3.2364817766693
-7.30290794043104,-1.69458756439087,0.520944533000791
4.00517483160689,6.75081651357506,-1.25742630967009
3.23391953368417,6.1249085600299,1.41622186799684
1.6134145682232,6.44864043674435,0.089870045663766
-0.806707284111599,-2.23191634186607,-0.131759111665348
-5.64695098878119,-10.4457896867572,1.08377813200316
-1.60632417098542,-7.29774520272462,-1.11081457866456
-1.6134145682232,-5.04427306097482,-0.958110933998418
-4.05480761227132,-1.42592317565327,0.847296355333861
-0.813797681349374,-0.296198132726024,0.5
-0.806707284111599,3.67939531740308,-0.694592710667721
-0.813797681349374,11.0322080081045,-1.2364817766693
-0.813797681349374,11.5695367855797,-0.583778132003164
0,15.5726639796973,-2.60472266500395
-0.806707284111599,7.92365315626978,-1.56283359900237
-0.806707284111599,2.54967027447583,-0.347296355333861
0,0,0

StrokePoints: 23
0,0,0
0.806707284111599,-0.564862521463623,0.17364817766693
1.62050496546097,-9.61226277655597,1.2364817766693
1.6134145682232,-27.4383988980031,3.68850079700712
-1.62050496546097,-44.4094523093652,6.31416799501187
-16.2192304490853,-55.2065076168252,9.55064977168117
-23.5221383895163,-56.9010951812161,10.071594304682
-19.5169635579094,-50.150278667641,8.81416799501186
-16.2830440242253,-44.0253701076111,10.2303898630087
-14.6696294560021,-37.5767296708668,10.3202599086725
-15.4763367401137,-39.8086460127329,10.1885007970071
-21.1232877288948,-50.2544356994901,11.2722789290103
-22.7296118998803,-57.5521809022147,10.1614643503457
-24.3430264681035,-62.5964539631895,9.20335341634731
-28.3978340803748,-64.0223771388428,10.0506497716812
-29.2116317617242,-64.3185752715688,10.5506497716812
-30.0183390458358,-60.6391799541657,9.85605706101344
-30.8321367271851,-49.6069719460612,8.61957528434414
-31.6459344085345,-38.0374351604814,8.03579715234098
-31.6459344085345,-22.4647711807841,5.43107448733702
-32.4526416926461,-14.5411180245143,3.86824088833465
-33.2593489767577,-11.9914477500385,3.52094453300079
-33.2593489767577,-11.9914477500385,3.52094453300079

Velocities: 22
0,-1,0
-3,-3,-3
-5,-6,-6
-8,-5,-5
-7,0,-3
-3,0,0
11,2,0
7,4,1
6,4,1
-3,-2,0
-8,-1,-3
-4,-1,-3
-3,-1,-2
-2,0,0
0,0,0
1,2,1
3,3,4
4,4,4
5,5,5
3,4,2
0,1,1
0,0,0

InverseVelocities: 22
0,0,0
0,0,0
0,0,0
0,0,0
3,0,0
2,0,0
0,0,0
0,0,0
0,0,0
0,0,0
0,0,0
0,0,0
0,1,0
0,0,0
0,0,0
0,0,0
0,0,0
0,0,0
0,0,0
0,0,0
0,0,0
0,0,0
