GestureName: tap_down
Duration(ms): 799
Handedness: right

SpeakerAngles: 6
55
-55
0
0
110
-110

SpeakerElevations: 6
-10
-10
-10
0
30
30

InterpretedPoints: 17
-0.806707284111599,-2.54967027447583,0.347296355333861
-1.62050496546097,-7.35281269070147,0.541889066001582
-0.806707284111599,-2.54967027447583,0.347296355333861
-1.62759536269875,4.7815866163419,-0.215537243668512
4.06189800950909,16.8824742352922,0.700684624328323
-2.43430264681035,21.6521049634247,2.17974009132753
-2.43430264681035,15.5451302357089,-1.77837084267089
2.43430264681035,17.5299379887211,-1.95201902033782
1.6134145682232,-15.8665061358883,-0.305407289332279
4.02644602332022,-27.142200765277,3.18850079700712
0.813797681349374,-18.1163563100684,2.10472266500395
-0.820888078587149,-6.4642182925234,-0.958110933998418
1.6134145682232,-3.11453279593945,0.520944533000791
-0.00709039723777505,2.25347214174981,0.152703644666139
0.806707284111599,1.95727400902378,0.652703644666139
-0.813797681349374,-0.296198132726024,0.5
0,0,0

StrokePoints: 18
0,0,0
-0.806707284111599,-2.54967027447583,0.347296355333861
-2.42721224957257,-9.9024829651773,0.889185421335443
-3.23391953368417,-12.4521532396531,1.2364817766693
-4.86151489638292,-7.67056662331123,1.02094453300079
-0.799616886873824,9.21190761198093,1.72162915732911
-3.23391953368417,30.8640125754056,3.90136924865664
-5.66822218049452,46.4091428111145,2.12299840598576
-3.23391953368417,63.9390807998355,0.170979385647944
-1.62050496546097,48.0725746639472,-0.134427903684335
2.40594105785925,20.9303738986702,3.05407289332278
3.21973873920862,2.81401758860179,5.15879555832674
2.39885066062147,-3.65020070392161,4.20068462432832
4.01226522884467,-6.76473349986106,4.72162915732911
4.00517483160689,-4.51126135811126,4.87433280199525
4.81188211571849,-2.55398734908747,5.52703644666139
3.99808443436912,-2.8501854818135,6.02703644666139
3.99808443436912,-2.8501854818135,6.02703644666139

Velocities: 17
-1,0,-1
-2,-1,-3
-1,0,-1
3,3,1
7,6,6
6,7,9
5,6,5
6,5,6
4,2,-10
-6,-12,-9
-4,-4,-7
-1,-2,-3
0,-2,-1
1,0,1
1,0,1
0,0,0
0,0,0

InverseVelocities: 17
0,0,0
0,0,0
0,0,0
0,0,0
0,0,0
0,0,0
0,0,0
0,0,0
-9,-7,0
0,0,0
0,0,0
0,0,0
0,0,0
0,0,0
0,0,0
0,0,0
0,0,0
