GestureName: tap_down
Duration(ms): 658
Handedness: right

SpeakerAngles: 6
55
-55
0
0
110
-110

SpeakerElevations: 6
-10
-10
-10
0
30
30

InterpretedPoints: 14
-0.806707284111599,-2.54967027447583,0.347296355333861
-0.806707284111599,-2.54967027447583,0.347296355333861
-0.00709039723777505,1.39838943166485,-0.0209445330007911
-4.06189800950909,14.9527339702568,-0.778370842670886
-1.62759536269875,17.7100232013887,1.70068462432832
4.06898840674687,10.9771405201277,0.416221867996835
-0.820888078587149,6.4642182925234,0.958110933998418
-4.86151489638292,-15.3471111907272,2.88918542133544
-0.806707284111599,-29.4507403950037,4.68850079700712
-6.49620065631944,-18.6201733994505,-0.221629157329114
-2.43430264681035,-7.38632437879458,2.21553724366851
0,0,0
0.806707284111599,0.564862521463623,-0.17364817766693
0,0,0

StrokePoints: 15
0,0,0
-0.806707284111599,-2.54967027447583,0.347296355333861
-1.6134145682232,-5.09934054895166,0.694592710667721
-1.62050496546097,-3.70095111728682,0.67364817766693
-5.68240297497007,11.25178285297,-0.104722665003955
-7.30999833766881,28.9618060543587,1.59596195932437
-3.24100993092194,39.9389465744864,2.0121838273212
-4.06189800950909,46.4031648670098,2.97029476131962
-8.92341290589201,31.0560536762826,5.85948018265506
-9.73012019000361,1.60531328127896,10.5479809796622
-16.226320846323,-17.0148601181715,10.3263518223331
-18.6606234931334,-24.4011844969661,12.5418890660016
-18.6606234931334,-24.4011844969661,12.5418890660016
-17.8539162090218,-23.8363219755025,12.3682408883346
-17.8539162090218,-23.8363219755025,12.3682408883346

Velocities: 14
-1,0,-1
-1,0,-1
2,1,0
5,6,5
6,6,7
4,4,4
2,1,3
-2,1,-7
-9,-8,-10
-5,-3,-8
-3,-2,-2
0,0,0
1,0,0
0,0,0

InverseVelocities: 14
0,0,0
0,0,0
0,0,0
0,0,0
0,0,0
0,0,0
0,0,-2
0,-6,0
0,0,0
0,0,0
0,0,0
0,0,0
0,0,0
0,0,0
