GestureName: tap_left
Duration(ms): 705
Handedness: right

SpeakerAngles: 6
55
-55
0
0
110
-110

SpeakerElevations: 6
-10
-10
-10
0
30
30

InterpretedPoints: 15
4.03353642055799,-0.509795033486775,-1.47905546699921
7.27454635147994,-7.59394333545065,-0.610814578664557
6.46783906736834,-5.25189201763088,-3.78446275633149
13.7920181995127,-4.74807492824879,-1.45811093399842
7.28163674871771,-1.42592317565327,0.847296355333861
4.85442449914514,-4.83665410431875,1.86824088833465
-0.806707284111599,0.564862521463623,-0.17364817766693
-6.48201986184389,1.92974026503536,1.47905546699921
-7.27454635147994,2.23191634186607,0.131759111665348
-7.27454635147994,3.83194678608229,3.78446275633149
-4.04062681779577,5.28540370572399,2.11081457866456
-5.65404138601897,1.63354213230934,1.97905546699921
-4.04062681779577,0.241130644749176,1.15270364466614
-0.806707284111599,-0.0275337439884242,0.826351822333069
0,0,0

StrokePoints: 16
0,0,0
4.03353642055799,-0.509795033486775,-1.47905546699921
11.3080827720379,-8.10373836893742,-2.08987004566377
17.7759218394063,-13.3556303865683,-5.87433280199525
31.567940038919,-18.1037053148171,-7.33244373599367
38.8495767876367,-19.5296284904704,-6.48514738065981
43.7040012867818,-24.3662825947891,-4.61690649232516
42.8972940026702,-23.8014200733255,-4.79055466999209
36.4152741408263,-21.8716798082901,-3.31149920299288
29.1407277893464,-19.6397634664241,-3.17974009132753
21.8661814378665,-15.8078166803418,0.604722665003956
17.8255546200707,-10.5224129746178,2.71553724366851
12.1715132340517,-8.88887084230844,4.69459271066772
8.13088641625597,-8.64774019755926,5.84729635533386
7.32417913214437,-8.67527394154769,6.67364817766693
7.32417913214437,-8.67527394154769,6.67364817766693

Velocities: 15
1,-4,0
1,-6,-3
1,-5,-3
1,-5,-2
2,-4,0
0,-4,-1
0,1,0
-1,3,1
-1,6,0
-1,6,2
1,5,2
-2,4,1
-1,3,0
0,1,0
0,0,0

InverseVelocities: 15
0,0,0
-4,1,0
-1,0,0
0,0,0
-2,0,0
0,0,0
0,0,0
0,0,0
0,0,0
1,0,0
0,0,0
0,0,0
0,0,0
0,0,0
0,0,0
