GestureName: tap_front
Duration(ms): 893
Handedness: right

SpeakerAngles: 6
55
-55
0
0
110
-110

SpeakerElevations: 6
-10
-10
-10
0
30
30

InterpretedPoints: 19
-0.806707284111599,-8.77873586635474,1.38918542133544
-1.63468575993652,-16.3786571459101,1.62566719800475
4.05480761227132,-18.5435501115899,-1.85338826899446
1.62050496546097,-12.3970857516763,-0.416221867996836
2.42721224957257,-6.732882681261,-1.28446275633149
1.65595695164985,14.9371561144777,-1.64661173100554
6.48201986184389,9.0258444552086,-1.08377813200316
4.84733410190737,5.0502510050795,0.110814578664557
-2.42721224957257,-1.42592317565327,0.847296355333861
-8.06707284111599,-6.98596921421955,-0.742573690329905
-8.87378012522758,-8.94324322324333,-1.39527733499604
0.00709039723777516,-3.92052596215225,-0.458110933998418
-5.68949337220784,-1.74965505236772,2.17364817766693
-0.820888078587149,-1.15725878691567,1.17364817766693
-1.6417761571743,4.76963072813253,1.47905546699921
-4.05480761227132,10.9771405201277,0.416221867996836
0,11.3284061408306,-1.7364817766693
1.62759536269875,7.02908081398702,0.784462756331487
0,0,0

StrokePoints: 20
0,0,0
-0.806707284111599,-8.77873586635474,1.38918542133544
-2.44139304404812,-25.1573930122648,3.01485261934019
1.6134145682232,-43.7009431238547,1.16146435034573
3.23391953368417,-56.098028875531,0.745242482348891
5.66113178325674,-62.830911556792,-0.539220273982596
7.31708873490659,-47.8937554423143,-2.18583200498813
13.7991085967505,-38.8679109871057,-3.2696101369913
18.6464426986578,-33.8176599820262,-3.15879555832674
16.2192304490853,-35.2435831576794,-2.31149920299288
8.15215760796929,-42.229552371899,-3.05407289332278
-0.721622517258298,-51.1727955951423,-4.44935022831883
-0.714532120020523,-55.0933215572946,-4.90746116231725
-6.40402549222837,-56.8429766096623,-2.73381298465032
-7.22491357081551,-58.000235396578,-1.56016480698339
-8.86668972798981,-53.2306046684454,-0.081109339984178
-12.9214973402611,-42.2534641483177,0.335112528012658
-12.9214973402611,-30.9250580074872,-1.40136924865665
-11.2939019775624,-23.8959771935001,-0.616906492325158
-11.2939019775624,-23.8959771935001,-0.616906492325158

Velocities: 19
-3,-2,-3
-6,-7,-5
-6,-8,-7
-3,-4,-5
-1,-3,-3
7,11,3
7,3,2
6,1,1
-2,0,0
-11,-1,-1
-12,-1,-2
-3,-2,-1
-1,0,0
0,-1,0
1,-1,3
3,5,4
3,3,4
2,2,3
0,0,0

InverseVelocities: 19
0,0,0
0,0,0
0,0,0
0,0,0
2,3,0
0,0,0
0,0,0
0,0,0
0,0,0
0,0,0
0,0,0
0,2,0
0,0,0
0,0,0
0,2,0
0,0,0
0,0,0
0,0,0
0,0,0
