GestureName: tap_back
Duration(ms): 1222
Handedness: right

SpeakerAngles: 6
55
-55
0
0
110
-110

SpeakerElevations: 6
-10
-10
-10
0
30
30

InterpretedPoints: 26
0,-3.96961550602442,0.347296355333861
3.26228112263527,-14.9192222821637,-0.895277334996045
-1.6134145682232,-22.4245864415444,-4.83244373599367
-4.04062681779577,-25.187853616781,-6.46420284765902
-3.23391953368417,-19.798292879208,-6.81149920299288
2.4484834412859,-5.45588900671727,-4.04798097966218
-0.835068873062699,-0.509795033486775,-1.47905546699921
0,0,0
0.813797681349374,0.296198132726024,-0.5
8.10252482730486,1.343321943688,1.63175911166535
2.44139304404812,-2.07338692908217,3.5
0,0,0
0,0,0
-0.813797681349374,-0.296198132726024,0.5
0,0,0
-4.04771721503354,0.509795033486775,1.47905546699921
-3.23391953368417,0.213596900760751,1.97905546699921
3.24810032815972,2.47304698661525,1.28446275633149
4.86151489638292,3.06544325206729,0.284462756331487
1.62050496546097,17.8261361214471,-2.45201902033782
-1.62050496546097,9.22748546775998,2.58987004566377
-0.806707284111599,7.0015470699986,1.61081457866456
-0.806707284111599,5.07180680496324,0.131759111665348
-0.813797681349374,2.22593839776138,0.979055466999209
0,2.52213653048741,0.479055466999209
0,0,0

StrokePoints: 27
0,0,0
0,-3.96961550602442,0.347296355333861
3.26228112263527,-18.8888377881881,-0.547980979662184
1.64886655441207,-41.3134242297325,-5.38042471565585
-2.3917602633837,-66.5012778465134,-11.8446275633149
-5.62567979706787,-86.2995707257214,-18.6561267663078
-3.17719635578197,-91.7554597324387,-22.7041077459699
-4.01226522884467,-92.2652547659255,-24.1831632129691
-4.01226522884467,-92.2652547659255,-24.1831632129691
-3.1984675474953,-91.9690566331994,-24.6831632129691
4.90405727980956,-90.6257346895114,-23.0514041013038
7.34545032385769,-92.6991216185936,-19.5514041013038
7.34545032385769,-92.6991216185936,-19.5514041013038
7.34545032385769,-92.6991216185936,-19.5514041013038
6.53165264250831,-92.9953197513196,-19.0514041013038
6.53165264250831,-92.9953197513196,-19.0514041013038
2.48393542747477,-92.4855247178328,-17.5723486343046
-0.749984106209402,-92.2719278170721,-15.5932931673054
2.49811622195032,-89.7988808304569,-14.3088304109739
7.35963111833324,-86.7334375783896,-14.0243676546424
8.98013608379421,-68.9073014569425,-16.4763866749802
7.35963111833324,-59.6798159891825,-13.8865166293165
6.55292383422164,-52.6782689191839,-12.2757020506519
5.74621655011004,-47.6064621142206,-12.1439429389865
4.93241886876067,-45.3805237164593,-11.1648874719873
4.93241886876067,-42.8583871859719,-10.6858320049881
4.93241886876067,-42.8583871859719,-10.6858320049881

Velocities: 26
0,0,-2
-5,-4,-6
-8,-6,-10
-11,-7,-11
-11,-8,-8
-9,-8,0
0,-3,0
0,0,0
0,0,0
5,0,0
0,0,0
0,0,0
0,0,0
0,0,0
0,0,0
0,3,0
0,3,0
4,3,0
5,2,0
6,5,6
3,4,4
2,3,3
1,2,2
1,1,1
1,1,1
0,0,0

InverseVelocities: 26
0,0,0
0,0,0
0,0,0
0,0,0
0,0,0
0,0,0
0,0,0
0,0,0
0,0,0
0,0,0
0,0,0
0,0,0
0,0,0
0,0,0
0,0,0
0,0,0
0,0,0
0,0,0
0,0,0
0,0,0
0,0,0
0,0,0
0,0,0
0,0,0
0,0,0
0,0,0
