GestureName: tap_back
Duration(ms): 799
Handedness: right

SpeakerAngles: 6
55
-55
0
0
110
-110

SpeakerElevations: 6
-10
-10
-10
0
30
30

InterpretedPoints: 17
-1.62050496546097,-0.2686643887376,-0.32635182233307
4.86860529362069,-20.5499136644859,-1.70068462432832
-2.44139304404812,-30.6169039865518,-3.59596195932437
2.40594105785925,-24.7115702713873,-3.31149920299288
-0.00709039723777483,-3.65783951751934,0.715537243668512
4.06189800950909,-7.31930100260836,-1.13175911166535
4.06189800950909,0.619930009440472,-1.82635182233307
0,0,0
0.0283615889511002,1.0746575549504,1.30540728933228
-3.2268291364464,-0.0550674879768482,1.65270364466614
-1.6134145682232,-2.03987524098906,1.82635182233307
-2.43430264681035,1.95727400902378,0.652703644666139
-2.42721224957257,1.63354213230934,1.97905546699921
-2.43430264681035,5.60913558243844,0.784462756331487
-4.05480761227132,4.74807492824879,1.45811093399842
0.813797681349374,4.80314241622564,-0.194592710667721
0,0,0

StrokePoints: 18
0,0,0
-1.62050496546097,-0.2686643887376,-0.32635182233307
3.24810032815972,-20.8185780532235,-2.02703644666139
0.806707284111599,-51.4354820397752,-5.62299840598576
3.21264834197084,-76.1470523111625,-8.93449760897864
3.20555794473307,-79.8048918286819,-8.21896036531013
7.26745595424216,-87.1241928312902,-9.35071947697547
11.3293539637513,-86.5042628218498,-11.1770712993085
11.3293539637513,-86.5042628218498,-11.1770712993085
11.3577155527024,-85.4296052668994,-9.87166400997627
8.13088641625597,-85.4846727548762,-8.21896036531013
6.51747184803277,-87.5245479958653,-6.39260854297706
4.08316920122242,-85.5672739868415,-5.73990489831092
1.65595695164985,-83.9337318545322,-3.76084943131171
-0.778345695160496,-78.3245962720937,-2.97638667498022
-4.83315330743181,-73.5765213438449,-1.5182757409818
-4.01935562608244,-68.7733789276193,-1.71286845164953
-4.01935562608244,-68.7733789276193,-1.71286845164953

Velocities: 17
-1,0,0
-4,-6,-9
-11,-11,-12
-6,-11,-10
-3,-4,0
0,-1,-4
0,-1,0
0,0,0
0,4,0
-1,3,0
0,2,-1
0,1,1
0,2,1
2,3,2
1,3,2
1,1,2
0,0,0

InverseVelocities: 17
0,0,0
0,0,0
0,0,0
0,0,0
0,0,0
0,0,0
0,0,0
0,0,0
0,0,0
0,0,0
0,0,0
0,0,0
0,0,0
0,0,0
0,0,0
0,0,0
0,0,0
