GestureName: tap_right
Duration(ms): 752
Handedness: right

SpeakerAngles: 6
55
-55
0
0
110
-110

SpeakerElevations: 6
-10
-10
-10
0
30
30

InterpretedPoints: 16
-4.04062681779577,-5.93286745915289,0.541889066001582
-1.60632417098542,-7.83507398019982,-1.7635182233307
-4.84733410190737,-6.70534893727258,-2.11081457866456
-12.9711301209256,4.77560867223721,0.631759111665348
-10.5368274741152,3.03790950807887,1.11081457866456
-4.85442449914514,1.66705382040245,0.305407289332279
0,0,0
1.62050496546097,-2.84586840720186,0.847296355333861
6.48911025908167,-7.36476857891084,2.2364817766693
9.74430098447916,-8.757180066471,1.41012995433623
12.164422836814,-6.25062139176265,1.02094453300079
7.30290794043104,-1.15725878691567,1.17364817766693
2.44139304404812,-0.296198132726024,0.5
0.813797681349374,1.09621335483414,1.32635182233307
0.813797681349374,1.68860962028618,0.32635182233307
0,0,0

StrokePoints: 17
0,0,0
-4.04062681779577,-5.93286745915289,0.541889066001582
-5.64695098878119,-13.7679414393527,-1.22162915732911
-10.4942850906886,-20.4732903766253,-3.33244373599367
-23.4654152116141,-15.6976817043881,-2.70068462432832
-34.0022426857293,-12.6597721963092,-1.58987004566377
-38.8566671848745,-10.9927183759068,-1.28446275633149
-38.8566671848745,-10.9927183759068,-1.28446275633149
-37.2361622194135,-13.8385867831086,-0.437166400997627
-30.7470519603318,-21.2033553620195,1.79931537567168
-21.0027509758527,-29.9605354284905,3.20944533000791
-8.83832813903871,-36.2111568202531,4.2303898630087
-1.53542019860767,-37.3684156071688,5.40403804067563
0.905972845440451,-37.6646137398948,5.90403804067563
1.71977052678983,-36.5684003850607,7.2303898630087
2.5335682081392,-34.8797907647745,7.55674168534177
2.5335682081392,-34.8797907647745,7.55674168534177

Velocities: 16
-4,0,-2
-5,-2,-3
-5,0,-3
-2,5,2
1,7,0
0,4,0
0,0,0
0,-1,-1
-3,-6,-1
-3,-6,-2
3,-3,-3
1,-2,0
0,0,0
0,0,1
0,0,1
0,0,0

InverseVelocities: 16
0,0,0
0,0,0
0,0,0
0,0,0
0,0,0
0,0,0
0,0,0
0,0,0
0,0,0
1,0,0
0,3,0
0,0,0
0,0,0
0,0,0
0,0,0
0,0,0
