GestureName: tap_right
Duration(ms): 658
Handedness: right

SpeakerAngles: 6
55
-55
0
0
110
-110

SpeakerElevations: 6
-10
-10
-10
0
30
30

InterpretedPoints: 14
-4.05480761227132,-0.833526910201223,-0.152703644666139
-18.6393523014201,5.12687429294009,-1.52094453300079
-24.3075744819146,15.8844399682023,-2.2364817766693
-18.6180811097067,15.8018387362371,0.242573690329905
-3.24810032815972,0.2686643887376,0.32635182233307
0.00709039723777516,1.45345691964169,-1.67364817766693
0,0,0
0.813797681349374,-4.85820990420249,1.84729635533386
8.88087052246536,-13.1271507370705,4.71553724366851
14.577454291911,-16.745500622392,2.91012995433623
13.7849278022749,-8.77873586635474,1.38918542133544
7.32417913214436,-10.7695215634716,2.41012995433623
4.85442449914514,-7.02908081398702,-0.784462756331487
0,0,0

StrokePoints: 15
0,0,0
-4.05480761227132,-0.833526910201223,-0.152703644666139
-22.6941599136914,4.29334738273887,-1.67364817766693
-47.001734395606,20.1777873509412,-3.91012995433623
-65.6198155053127,35.9796260871783,-3.66755626400633
-68.8679158334724,36.2482904759159,-3.34120444167326
-68.8608254362347,37.7017473955576,-5.01485261934019
-68.8608254362347,37.7017473955576,-5.01485261934019
-68.0470277548853,32.8435374913551,-3.16755626400633
-59.1661572324199,19.7163867542846,1.54798097966219
-44.588702940509,2.97088613189265,4.45811093399842
-30.803775138234,-5.80784973446209,5.84729635533386
-23.4795960060897,-16.5773712979337,8.25742630967009
-18.6251715069445,-23.6064521119208,7.47296355333861
-18.6251715069445,-23.6064521119208,7.47296355333861

Velocities: 14
-2,0,0
-5,6,2
-6,9,7
-4,10,7
0,1,0
0,1,0
0,0,0
0,0,-2
4,-6,-5
3,-7,-7
1,-6,-3
-4,-4,-3
0,-4,-3
0,0,0

InverseVelocities: 14
0,0,0
1,0,-1
5,0,0
1,0,0
0,0,0
0,0,0
0,0,0
0,0,0
-4,0,0
-2,0,0
-5,1,0
0,0,0
0,0,0
0,0,0
