GestureName: tap_back
Duration(ms): 1175
Handedness: right

SpeakerAngles: 6
55
-55
0
0
110
-110

SpeakerElevations: 6
-10
-10
-10
0
30
30

InterpretedPoints: 25
-2.4201218523348,-7.64901082342749,1.04188906600158
1.63468575993652,-16.8489625471991,-2.37433280199525
8.13088641625596,-28.1773686880296,-0.63785102532595
-0.813797681349373,-26.9099749251603,-5.11690649232516
-1.62050496546097,-7.58434342377628,1.10472266500395
4.02644602332022,-10.4398117426525,0.236481776669304
-0.813797681349374,-1.96325195312847,0.194592710667721
0,0,0
0,0,0
0,0,0
-0.806707284111599,0.564862521463623,-0.17364817766693
0,0,0
0,0,0
-0.0141807944755501,-1.12972504292725,0.347296355333861
0,0,0
-0.806707284111599,0.564862521463623,-0.17364817766693
-1.62759536269875,2.20438259787765,0.958110933998418
3.24810032815972,7.03505875809171,-0.0628335990023732
-0.813797681349373,12.314484519711,2.89527733499604
0,13.4106978745451,4.22162915732911
0.806707284111599,13.4382316185336,3.39527733499604
-0.813797681349374,9.7923479892236,2.41622186799684
0.799616886873823,8.39993650166345,1.58987004566377
0.799616886873823,3.35566344068863,0.631759111665348
0,0,0

StrokePoints: 26
0,0,0
-2.4201218523348,-7.64901082342749,1.04188906600158
-0.785436092398273,-24.4979733706266,-1.33244373599367
7.34545032385769,-52.6753420586562,-1.97029476131962
6.53165264250832,-79.5853169838164,-7.08720125364478
4.91114767704734,-87.1696604075927,-5.98247858864082
8.93759370036756,-97.6094721502452,-5.74599681197152
8.12379601901819,-99.5727241033737,-5.5514041013038
8.12379601901819,-99.5727241033737,-5.5514041013038
8.12379601901819,-99.5727241033737,-5.5514041013038
8.12379601901819,-99.5727241033737,-5.5514041013038
7.31708873490659,-99.00786158191,-5.72505227897073
7.31708873490659,-99.00786158191,-5.72505227897073
7.31708873490659,-99.00786158191,-5.72505227897073
7.30290794043104,-100.137586624837,-5.37775592363687
7.30290794043104,-100.137586624837,-5.37775592363687
6.49620065631944,-99.5727241033737,-5.5514041013038
4.86860529362069,-97.368341505496,-4.59329316730538
8.11670562178041,-90.3332827474043,-4.65612676630775
7.30290794043104,-78.0187982276933,-1.76084943131171
7.30290794043104,-64.6081003531482,2.4607797260174
8.10961522454264,-51.1698687346146,5.85605706101345
7.29581754319326,-41.377520745391,8.27227892901028
8.09543443006709,-32.9775842437275,9.86214897467405
8.89505131694091,-29.6219208030389,10.4939080863394
8.89505131694091,-29.6219208030389,10.4939080863394

Velocities: 25
-3,0,-3
-6,-5,-7
-8,-9,-11
-10,-10,-11
-8,-7,0
0,-6,-4
-2,-2,0
0,0,0
0,0,0
0,0,0
0,1,0
0,0,0
0,0,0
0,-2,0
0,0,0
0,1,0
3,3,0
4,3,2
5,5,5
5,5,6
5,4,6
4,4,4
5,3,3
3,1,1
0,0,0

InverseVelocities: 25
0,0,0
0,0,0
0,0,0
0,0,0
0,0,0
0,0,0
0,0,0
0,0,0
0,0,0
0,0,0
0,0,0
0,0,0
0,0,0
0,0,0
0,0,0
0,0,0
0,0,0
0,0,0
0,0,0
0,0,0
0,0,0
0,0,0
0,0,0
0,0,0
0,0,0
