GestureName: tap_left
Duration(ms): 705
Handedness: right

SpeakerAngles: 6
55
-55
0
0
110
-110

SpeakerElevations: 6
-10
-10
-10
0
30
30

InterpretedPoints: 15
4.04062681779577,-3.41073092866548,1.02094453300079
10.5368274741152,-5.39553868167769,1.19459271066772
16.2121400518475,-1.12374709882256,-0.5
17.8255546200707,-2.57122607435957,0.326351822333069
2.42721224957257,-3.41073092866548,1.02094453300079
0,0,0
-0.813797681349374,1.68860962028618,0.32635182233307
-4.85442449914514,3.65186157341465,0.131759111665348
-4.84733410190737,2.99841987588107,3.63175911166535
-5.66113178325674,3.88701427405914,2.13175911166535
-4.04771721503354,-0.619930009440472,1.82635182233307
-12.1573324395762,-1.69458756439087,0.520944533000791
-7.28163674871771,-0.833526910201223,-0.152703644666139
-0.806707284111599,-0.564862521463623,0.17364817766693
0,0,0

StrokePoints: 16
0,0,0
4.04062681779577,-3.41073092866548,1.02094453300079
14.577454291911,-8.80626961034317,2.21553724366851
30.7895943437585,-9.93001670916573,1.71553724366851
48.6151489638292,-12.5012427835253,2.04188906600158
51.0423612134017,-15.9119737121908,3.06283359900237
51.0423612134017,-15.9119737121908,3.06283359900237
50.2285635320524,-14.2233640919046,3.38918542133544
45.3741390329072,-10.5715025184899,3.52094453300079
40.5268049309999,-7.57308264260886,7.15270364466614
34.8656731477431,-3.68606836854972,9.28446275633149
30.8179559327096,-4.30599837799019,11.1108145786646
18.6606234931334,-6.00058594238106,11.6317591116653
11.3789867444157,-6.83411285258229,11.4790554669992
10.5722794603041,-7.39897537404591,11.6527036446661
10.5722794603041,-7.39897537404591,11.6527036446661

Velocities: 15
1,-3,-1
2,-4,-2
5,-4,-1
7,-4,-2
0,-2,-1
0,0,0
0,0,1
0,4,1
-1,4,2
-1,4,2
-1,2,0
-5,2,0
-4,2,0
-1,0,0
0,0,0

InverseVelocities: 15
0,0,0
-4,1,0
0,0,0
-2,0,0
0,0,0
0,0,0
0,0,0
0,0,0
0,-1,0
0,-1,0
0,0,0
0,0,0
0,-3,0
0,0,0
0,0,0
