GestureName: tap_down
Duration(ms): 705
Handedness: right

SpeakerAngles: 6
55
-55
0
0
110
-110

SpeakerElevations: 6
-10
-10
-10
0
30
30

InterpretedPoints: 15
-0.806707284111599,-0.564862521463623,0.17364817766693
-0.813797681349374,-0.296198132726024,0.5
0,0.537328777475199,0.652703644666139
-6.49620065631944,10.9005172322671,2.04798097966218
0.813797681349374,12.7967458092094,5.20068462432832
2.45557383852367,18.5435501115899,1.85338826899446
-1.62050496546097,11.0046742641161,-0.410129954336234
0,0,0
0,-3.96961550602442,0.347296355333861
0,-19.2245255531119,2.47296355333861
-6.49620065631944,-25.9789640342567,1.16755626400633
-6.48201986184389,-13.2581464058659,0.257426309670094
0,0,0
0.806707284111599,0.564862521463623,-0.17364817766693
0,0,0

StrokePoints: 16
0,0,0
-0.806707284111599,-0.564862521463623,0.17364817766693
-1.62050496546097,-0.861060654189647,0.67364817766693
-1.62050496546097,-0.323731876714448,1.32635182233307
-8.11670562178041,10.5767853555527,3.37433280199525
-7.30290794043104,23.373531164762,8.57501742632358
-4.84733410190737,41.917081276352,10.428405695318
-6.46783906736834,52.9217555404681,10.0182757409818
-6.46783906736834,52.9217555404681,10.0182757409818
-6.46783906736834,48.9521400344437,10.3655720963157
-6.46783906736834,29.7276144813317,12.8385356496543
-12.9640397236878,3.74865044707506,14.0060919136606
-19.4460595855317,-9.50949595879087,14.2635182233307
-19.4460595855317,-9.50949595879087,14.2635182233307
-18.6393523014201,-8.94463343732725,14.0898700456638
-18.6393523014201,-8.94463343732725,14.0898700456638

Velocities: 15
-1,0,0
0,0,0
1,1,0
6,8,3
7,7,5
6,8,7
3,4,4
0,0,0
0,0,-2
-7,-7,-6
-8,-6,-10
-6,-2,-5
0,0,0
1,0,0
0,0,0

InverseVelocities: 15
0,0,0
0,0,0
0,0,0
0,0,0
0,0,0
0,0,0
0,0,0
0,0,0
0,0,0
0,0,0
0,0,0
0,0,0
0,0,0
0,0,0
0,0,0
