GestureName: tap_up
Duration(ms): 846
Handedness: right

SpeakerAngles: 6
55
-55
0
0
110
-110

SpeakerElevations: 6
-10
-10
-10
0
30
30

InterpretedPoints: 18
0.806707284111599,-0.564862521463623,0.17364817766693
5.67531257773229,-16.6748552786361,2.12566719800475
-4.05480761227132,-34.1712815792641,2.40403804067563
3.25519072539749,-30.0580194091928,-2.92231378165744
-12.1289708506251,-5.56602398267096,-0.742573690329905
-4.06898840674687,0.888594398178072,-1.5
-8.90214171417869,2.17684885388922,1.78446275633149
-0.835068873062699,-0.0826012319652722,2.47905546699921
0,0,0
0.00709039723777505,0.2686643887376,0.32635182233307
0.806707284111599,5.34644913780553,-0.389185421335443
-0.813797681349373,15.6917037602834,3.54798097966218
1.60632417098542,13.0869659978307,5.54798097966218
1.6134145682232,14.4853554294955,5.52703644666139
-0.813797681349374,16.6688773345314,-1.27837084267089
3.24810032815972,6.76041642524942,0.458110933998418
0,1.12972504292725,-0.347296355333861
0,0,0

StrokePoints: 19
0,0,0
0.806707284111599,-0.564862521463623,0.17364817766693
6.48201986184389,-17.2397178000997,2.29931537567168
2.42721224957257,-51.4109993793638,4.70335341634731
5.68240297497007,-81.4690187885566,1.78103963468987
-6.44656787565501,-87.0350427712276,1.03846594435997
-10.5155562824019,-86.1464483730495,-0.461534055640033
-19.4176979965806,-83.9695995191603,1.32292870069145
-20.2527668696433,-84.0522007511255,3.80198416769066
-20.2527668696433,-84.0522007511255,3.80198416769066
-20.2456764724055,-83.7835363623879,4.12833599002373
-19.4389691882939,-78.4370872245824,3.73915056868829
-20.2527668696433,-62.745383464299,7.28713154835047
-18.6464426986578,-49.6584174664683,12.8351125280127
-17.0330281304346,-35.1730620369728,18.362148974674
-17.846825811784,-18.5041847024414,17.0837781320032
-14.5987254836243,-11.7437682771919,17.5418890660016
-14.5987254836243,-10.6140432342647,17.1945927106677
-14.5987254836243,-10.6140432342647,17.1945927106677

Velocities: 18
0,-1,0
-5,-8,-5
-12,-10,-12
-12,-12,-11
-12,-1,0
0,0,0
0,7,0
3,0,0
0,0,0
0,1,0
4,3,1
5,5,7
7,4,6
8,6,6
5,5,6
2,1,3
1,1,0
0,0,0

InverseVelocities: 18
0,0,0
0,0,0
0,0,0
0,0,0
0,0,0
0,0,0
0,0,0
0,0,0
0,0,0
0,0,0
0,0,0
0,0,0
0,0,0
0,0,0
0,0,0
0,0,0
0,0,0
0,0,0
