GestureName: tap_front
Duration(ms): 940
Handedness: right

SpeakerAngles: 6
55
-55
0
0
110
-110

SpeakerElevations: 6
-10
-10
-10
0
30
30

InterpretedPoints: 20
7.32417913214436,-20.0460965751038,0.625667198004746
2.45557383852367,-18.8613040441997,-1.37433280199525
-3.24810032815972,-3.38319718467705,0.194592710667721
6.44656787565502,4.73249707246974,0.589870045663766
5.64695098878119,8.40591444576813,0.742573690329905
3.2268291364464,6.98596921421955,0.742573690329905
4.03353642055799,11.5204472417076,0.221629157329114
-0.813797681349374,-0.296198132726024,0.5
-2.41303145509702,-9.84741547720046,-0.763518223330696
-0.792526489636048,-11.2458049088653,-0.742573690329906
-1.62050496546097,-5.90533371516446,-0.284462756331487
-1.6134145682232,-7.02908081398702,-0.784462756331487
-0.799616886873823,-3.94805970614068,0.368240888334652
0.806707284111599,-0.564862521463623,0.17364817766693
-2.42721224957257,4.80314241622564,-0.194592710667721
3.24810032815972,11.0046742641161,-0.410129954336234
2.44139304404812,11.5695367855797,-0.583778132003164
-0.792526489636049,5.60913558243844,0.784462756331487
-2.4201218523348,5.07180680496324,0.131759111665348
0,0,0

StrokePoints: 21
0,0,0
7.32417913214436,-20.0460965751038,0.625667198004746
9.77975297066804,-38.9074006193035,-0.748665603990507
6.53165264250831,-42.2905978039805,-0.554072893322786
12.9782205181633,-37.5581007315108,0.0357971523409802
18.6251715069445,-29.1521862857426,0.778370842670886
21.8520006433909,-22.1662170715231,1.52094453300079
25.8855370639489,-10.6457698298155,1.7425736903299
25.0717393825995,-10.9419679625415,2.2425736903299
22.6587079275025,-20.789383439742,1.47905546699921
21.8661814378665,-32.0351883486073,0.736481776669303
20.2456764724055,-37.9405220637718,0.452019020337816
18.6322619041823,-44.9696028777588,-0.332443735993672
17.8326450173085,-48.9176625838995,0.03579715234098
18.6393523014201,-49.4825251053631,0.20944533000791
16.2121400518475,-44.6793826891374,0.014852619340189
19.4602403800072,-33.6747084250213,-0.395277334996045
21.9016334240553,-22.1051716394416,-0.979055466999209
21.1091069344193,-16.4960360570031,-0.194592710667722
18.6889850820845,-11.4242292520399,-0.0628335990023735
18.6889850820845,-11.4242292520399,-0.0628335990023735

Velocities: 20
-5,-5,-8
-6,-4,-8
-2,-1,-1
10,1,0
9,2,2
8,4,1
9,4,3
0,0,0
-5,-1,-4
-6,-3,-4
-3,-2,-2
-3,-1,-3
-3,-1,-1
0,-1,0
0,2,2
4,3,4
4,4,4
1,4,2
0,3,2
0,0,0

InverseVelocities: 20
0,2,0
0,3,0
2,3,0
0,0,0
0,0,0
0,0,0
0,0,0
0,0,0
0,0,0
0,0,0
0,0,0
0,0,0
1,0,0
0,0,0
0,0,0
0,0,0
0,0,0
0,0,0
0,0,0
0,0,0
