GestureName: tap_front
Duration(ms): 1034
Handedness: right

SpeakerAngles: 6
55
-55
0
0
110
-110

SpeakerElevations: 6
-10
-10
-10
0
30
30

InterpretedPoints: 22
0.792526489636048,-17.5850054766979,3.60472266500395
-6.51038145079499,-23.4687833919786,3.34120444167326
-8.91632250865424,-21.2368670501126,3.47296355333861
1.62050496546097,-10.7300319312738,-0.110814578664557
-2.43430264681035,-8.66860089040105,-1.91622186799684
-4.84024370466959,0.329709820819134,-2.17364817766693
3.23391953368417,5.25786996173557,2.93716640099763
-2.43430264681035,5.60913558243844,0.784462756331487
0,0,0
-6.47492946460611,-9.88690510939825,1.75742630967009
-12.1289708506251,-8.73562426658727,1.43107448733703
-14.577454291911,-15.2549100470875,2.12566719800475
-1.6134145682232,-5.69173681440371,1.69459271066772
-0.806707284111599,-1.74965505236772,2.17364817766693
-1.60632417098542,1.66107587629776,1.15270364466614
4.04771721503354,10.1711473539149,-0.562833599002373
-5.69658376944562,14.3543597607001,1.06892551266297
0.813797681349374,16.1315485570562,-1.93107448733702
0,9.34359838781837,-1.56283359900237
0.813797681349374,2.22593839776138,0.979055466999209
-0.813797681349374,2.81833466321343,-0.0209445330007911
0,0,0

StrokePoints: 23
0,0,0
0.792526489636048,-17.5850054766979,3.60472266500395
-5.71785496115894,-41.0537888686765,6.94592710667721
-14.6341774698132,-62.2906559187891,10.4188906600158
-13.0136725043522,-73.0206878500629,10.3080760813513
-15.4479751511626,-81.689288740464,8.39185421335443
-20.2882188558321,-81.3595789196448,6.2182060356875
-17.054299322148,-76.1017089579093,9.15537243668512
-19.4886019689583,-70.4925733754708,9.93983519301661
-19.4886019689583,-70.4925733754708,9.93983519301661
-25.9635314335644,-80.3794784848691,11.6972615026867
-38.0925022841895,-89.1151027514564,13.1283359900237
-52.6699565761005,-104.370012798544,15.2540031880285
-54.2833711443237,-110.061749612948,16.9485958986962
-55.0900784284353,-111.811404665315,19.1222440763631
-56.6964025994207,-110.150328789018,20.2749477210293
-52.6486853843872,-99.9791814351026,19.7121141220269
-58.3452691538328,-85.6248216744026,20.7810396346899
-57.5314714724834,-69.4932731173464,18.8499651473528
-57.5314714724834,-60.149674729528,17.2871315483505
-56.717673791134,-57.9237363317666,18.2661870153497
-57.5314714724834,-55.1054016685532,18.2452424823489
-57.5314714724834,-55.1054016685532,18.2452424823489

Velocities: 22
-3,-6,-6
-9,-9,-7
-9,-4,-7
-1,-2,-5
-5,-4,-3
-2,4,-1
5,2,2
2,3,2
0,0,0
-8,-3,-2
-12,-1,-1
-12,-2,-4
-2,0,-2
-1,0,0
-1,2,1
4,1,4
4,4,6
4,4,6
3,3,3
1,1,1
1,1,1
0,0,0

InverseVelocities: 22
0,0,0
0,0,0
0,0,0
0,0,0
2,1,0
4,0,2
0,0,0
0,0,0
0,0,0
0,0,0
0,0,0
0,0,0
0,0,0
0,0,0
0,0,0
0,0,0
0,0,0
0,0,0
0,0,0
0,0,0
0,0,0
0,0,0
