GestureName: tap_left
Duration(ms): 705
Handedness: right

SpeakerAngles: 6
55
-55
0
0
110
-110

SpeakerElevations: 6
-10
-10
-10
0
30
30

InterpretedPoints: 15
2.4201218523348,1.69458756439087,-0.520944533000791
1.6134145682232,2.1493151099008,2.61081457866456
-0.0141807944755508,-2.95002543905087,3.30540728933228
8.88796091970314,-6.31166682384418,3.52094453300079
4.04062681779577,-5.39553868167769,1.19459271066772
0,0,0
0,0,0
-0.813797681349374,-0.296198132726024,0.5
-1.62050496546097,-1.39838943166485,0.0209445330007911
-4.87569569085847,-4.83067616021406,1.02094453300079
-8.91632250865424,-6.25659933586733,1.86824088833465
-8.10961522454264,-1.12972504292725,0.347296355333861
-3.24810032815972,0.2686643887376,0.32635182233307
-2.43430264681035,0.564862521463623,-0.17364817766693
0,0,0

StrokePoints: 16
0,0,0
2.4201218523348,1.69458756439087,-0.520944533000791
4.03353642055799,3.84390267429167,2.08987004566377
4.01935562608244,0.893877235240802,5.39527733499604
12.9073165457856,-5.41778958860338,8.91622186799683
16.9479433635813,-10.8133282702811,10.1108145786646
16.9479433635813,-10.8133282702811,10.1108145786646
16.9479433635813,-10.8133282702811,10.1108145786646
16.134145682232,-11.1095264030071,10.6108145786646
14.513640716771,-12.5079158346719,10.6317591116653
9.63794502591253,-17.338591994886,11.6527036446661
0.721622517258298,-23.5951913307533,13.5209445330008
-7.38799270728434,-24.7249163736806,13.8682408883346
-10.6360930354441,-24.456251984943,14.1945927106677
-13.0703956822544,-23.8913894634794,14.0209445330008
-13.0703956822544,-23.8913894634794,14.0209445330008

Velocities: 15
3,0,0
5,3,0
4,2,-2
4,-5,-2
1,-3,-2
0,0,0
0,0,0
0,0,0
-2,-1,0
-1,0,-2
-4,1,-2
-3,1,0
0,1,0
0,1,0
0,0,0

InverseVelocities: 15
0,0,0
-2,-3,0
-1,-6,0
0,0,0
-1,0,0
0,0,0
0,0,0
0,0,0
0,0,0
0,0,0
0,0,0
0,0,0
0,0,0
0,0,0
0,0,0
