GestureName: tap_front
Duration(ms): 1222
Handedness: right

SpeakerAngles: 6
55
-55
0
0
110
-110

SpeakerElevations: 6
-10
-10
-10
0
30
30

InterpretedPoints: 26
-0.806707284111599,-0.564862521463623,0.17364817766693
-4.03353642055799,-9.90846090928199,1.7364817766693
-4.02644602332022,-14.9467560261521,-0.0689255126629751
-3.24100993092194,-17.5574717327095,2.77837084267089
-3.24100993092194,-12.7208176283907,0.910129954336234
-0.806707284111599,-2.54967027447583,0.347296355333861
0,0,0
0,0,0
-0.820888078587149,-0.0275337439884242,0.82635182233307
-1.64886655441207,7.29774520272462,1.11081457866456
-0.00709039723777494,9.22748546775998,2.58987004566377
4.83315330743182,13.4836991948361,0.0270364466613926
-3.23391953368417,2.47304698661525,1.28446275633149
0,2.78482297512032,1.65270364466614
0,0,0
-4.01935562608244,-7.85662978008356,-1.78446275633149
-4.04062681779577,-13.2246347177728,-1.41622186799684
-0.806707284111599,-7.0015470699986,-1.61081457866456
-0.806707284111599,-5.07180680496324,-0.131759111665348
-0.806707284111599,-5.07180680496324,-0.131759111665348
2.4201218523348,-1.69458756439087,0.520944533000791
0,-0.274642332842286,0.520944533000791
5.66113178325674,12.211022594904,-2.38918542133544
0.799616886873824,3.09297699605572,-0.541889066001582
-0.813797681349374,7.06259250208013,-0.889185421335443
0,0,0

StrokePoints: 27
0,0,0
-0.806707284111599,-0.564862521463623,0.17364817766693
-4.84024370466959,-10.4733234307456,1.91012995433623
-8.86668972798981,-25.4200794568977,1.84120444167326
-12.1076996589118,-42.9775511896072,4.61957528434414
-15.3487095898337,-55.6983688179979,5.52970523868038
-16.1554168739453,-58.2480390924738,5.87700159401424
-16.1554168739453,-58.2480390924738,5.87700159401424
-16.1554168739453,-58.2480390924738,5.87700159401424
-16.9763049525324,-58.2755728364622,6.70335341634731
-18.6251715069445,-50.9778276337376,7.81416799501187
-18.6322619041823,-41.7503421659776,10.4040380406756
-13.7991085967505,-28.2666429711415,10.431074487337
-17.0330281304347,-25.7935959845263,11.7155372436685
-17.0330281304347,-23.008773009406,13.3682408883347
-17.0330281304347,-23.008773009406,13.3682408883347
-21.0523837565171,-30.8654027894895,11.5837781320032
-25.0930105743129,-44.0900375072624,10.1675562640063
-25.8997178584245,-51.091584577261,8.55674168534177
-26.7064251425361,-56.1633913822242,8.42498257367642
-27.5131324266477,-61.2351981871874,8.29322346201107
-25.0930105743129,-62.9297857515783,8.81416799501186
-25.0930105743129,-63.2044280844206,9.33511252801265
-19.4318787910561,-50.9934054895166,6.94592710667721
-18.6322619041823,-47.9004284934609,6.40403804067563
-19.4460595855317,-40.8378359913808,5.51485261934019
-19.4460595855317,-40.8378359913808,5.51485261934019

Velocities: 26
-1,0,0
-6,-1,-3
-7,-1,-6
-6,-4,-6
-4,-2,-5
-1,0,-1
0,0,0
0,0,0
1,0,0
4,1,3
4,3,4
12,5,3
2,5,0
0,0,2
0,0,0
-5,2,-4
-5,-1,-6
-3,-2,-3
-2,-1,-2
-2,-1,-2
0,-3,0
-2,-2,1
4,-1,5
4,2,0
3,3,2
0,0,0

InverseVelocities: 26
0,0,0
0,0,0
0,0,0
0,0,0
0,0,0
0,0,0
0,0,0
0,0,0
0,0,0
0,0,0
0,0,0
0,0,0
0,0,0
0,0,0
0,0,0
0,-1,0
1,0,0
0,0,0
0,0,0
0,0,0
0,0,0
1,0,0
0,2,0
0,0,0
0,0,0
0,0,0
