GestureName: tap_left
Duration(ms): 564
Handedness: right

SpeakerAngles: 6
55
-55
0
0
110
-110

SpeakerElevations: 6
-10
-10
-10
0
30
30

InterpretedPoints: 12
1.62759536269875,-0.592396265452048,1
8.09543443006709,-1.44747897553701,0.826351822333069
17.8255546200707,-1.97882980890752,-0.673648177666931
17.0259377331969,-3.40475298456079,0.173648177666931
7.30290794043104,-5.98195700302505,1.34729635533386
0,0,0
-0.813797681349374,0.296198132726024,-0.5
-11.3435347582268,-6.81548391322627,1.19459271066772
-8.10961522454264,0,0
-7.28872714595549,0.564862521463624,-0.17364817766693
-1.62050496546097,0.861060654189647,-0.67364817766693
0,0,0

StrokePoints: 13
0,0,0
1.62759536269875,-0.592396265452048,1
9.72302979276584,-2.03987524098906,1.82635182233307
27.5485844128365,-4.01870504989658,1.15270364466614
44.5745221460334,-7.42345803445737,1.32635182233307
51.8774300864644,-13.4054150374824,2.67364817766693
51.8774300864644,-13.4054150374824,2.67364817766693
51.0636324051151,-13.1092169047564,2.17364817766693
39.7200976468883,-19.9247008179827,3.36824088833465
31.6104824223456,-19.9247008179827,3.36824088833465
24.3217552763901,-19.359838296519,3.19459271066772
22.7012503109292,-18.4987776423294,2.52094453300079
22.7012503109292,-18.4987776423294,2.52094453300079

Velocities: 12
0,0,0
4,-2,-1
7,-4,-2
5,-4,-2
2,-1,-3
0,0,0
0,0,0
-4,3,-3
-2,2,0
-2,3,0
0,1,0
0,0,0

InverseVelocities: 12
0,0,0
0,0,0
-1,3,0
0,2,0
-1,0,0
0,0,0
0,0,0
0,0,0
0,0,0
0,0,0
0,0,0
0,0,0
