GestureName: tap_down
Duration(ms): 658
Handedness: right

SpeakerAngles: 6
55
-55
0
0
110
-110

SpeakerElevations: 6
-10
-10
-10
0
30
30

InterpretedPoints: 14
-0.806707284111599,-0.564862521463623,0.17364817766693
0.0354519861888756,-12.3970857516763,-0.416221867996835
-4.04062681779577,-12.3695520076879,-1.24257369032991
1.60632417098542,5.0502510050795,0.110814578664557
3.24100993092194,10.9675406084533,-1.29931537567168
-0.813797681349374,27.6795295427522,-2.53579715234098
4.07607880398464,20.7970222533397,2.0060919136606
0.806707284111599,3.40475298456079,-0.17364817766693
-4.04771721503354,-20.9622247172703,2.95201902033782
-3.23391953368417,-19.2305034972166,3.32025990867247
-0.820888078587149,-14.9527339702568,0.778370842670886
0.806707284111599,0.564862521463623,-0.17364817766693
0.806707284111599,0.564862521463623,-0.17364817766693
0,0,0

StrokePoints: 15
0,0,0
-0.806707284111599,-0.564862521463623,0.17364817766693
-0.771255297922723,-12.9619482731399,-0.242573690329905
-4.81188211571849,-25.3315002808278,-1.48514738065981
-3.20555794473307,-20.2812492757483,-1.37433280199525
0.0354519861888751,-9.31370866729494,-2.67364817766693
-0.778345695160499,18.3658208754573,-5.20944533000791
3.29773310882415,39.162843128797,-3.20335341634731
4.10444039293574,42.5675961133578,-3.37700159401424
0.0567231779022004,21.6053713960875,-0.424982573676422
-3.17719635578197,2.37486789887092,2.89527733499605
-3.99808443436912,-12.5778660713859,3.67364817766693
-3.19137715025752,-12.0130035499223,3.5
-2.38466986614592,-11.4481410284586,3.32635182233307
-2.38466986614592,-11.4481410284586,3.32635182233307

Velocities: 14
-1,0,0
-6,-1,-5
-6,-2,-5
5,2,1
10,8,1
10,10,9
7,8,8
0,-1,2
-6,-3,-8
-10,-7,-5
-5,-6,-5
1,0,0
1,0,0
0,0,0

InverseVelocities: 14
0,0,0
0,0,0
0,0,0
0,0,0
0,0,0
0,0,0
0,0,0
0,0,0
0,0,0
0,0,0
0,0,0
0,0,0
0,0,0
0,0,0
