GestureName: tap_down
Duration(ms): 658
Handedness: right

SpeakerAngles: 6
55
-55
0
0
110
-110

SpeakerElevations: 6
-10
-10
-10
0
30
30

InterpretedPoints: 14
-3.24100993092194,0.537328777475199,0.652703644666139
0.813797681349374,12.1068655630549,0.068925512662975
-0.813797681349373,23.0504943950895,2.15879555832674
-0.778345695160499,16.8824742352922,0.700684624328323
-0.813797681349374,0.833526910201223,0.152703644666139
0,0,0
-0.0141807944755501,-7.67654456741592,1.86824088833465
-6.52456224527054,-25.9789640342567,1.16755626400633
-7.30999833766881,-26.8675584324347,2.66755626400633
-0.785436092398274,-8.45500398964029,0.0628335990023732
0,-0.0550674879768485,1.65270364466614
-1.62759536269875,6.76639436935411,-0.389185421335443
-1.6134145682232,1.12972504292725,-0.347296355333861
0,0,0

StrokePoints: 15
0,0,0
-3.24100993092194,0.537328777475199,0.652703644666139
-2.42721224957257,12.6441943405301,0.721629157329114
-3.24100993092194,35.6946887356197,2.88042471565586
-4.01935562608244,52.5771629709118,3.58110933998418
-4.83315330743182,53.4106898811131,3.73381298465032
-4.83315330743182,53.4106898811131,3.73381298465032
-4.84733410190737,45.7341453136971,5.60205387298497
-11.3718963471779,19.7551812794405,6.7696101369913
-18.6818946848467,-7.11237715299426,9.43716640099763
-19.467330777245,-15.5673811426345,9.5
-19.467330777245,-15.6224486306114,11.1527036446661
-21.0949261399437,-8.85605426125729,10.7635182233307
-22.7083407081669,-7.72632921833004,10.4162218679968
-22.7083407081669,-7.72632921833004,10.4162218679968

Velocities: 14
0,2,0
5,5,4
8,8,9
4,9,6
1,1,0
0,0,0
0,-2,-3
-6,-8,-10
-8,-6,-10
-5,-1,-3
1,1,0
3,3,2
0,2,0
0,0,0

InverseVelocities: 14
0,0,0
0,0,0
0,0,0
0,0,0
0,0,0
0,0,0
0,0,0
0,0,0
0,0,0
0,0,0
0,0,0
0,0,0
0,0,0
0,0,0
