GestureName: tap_left
Duration(ms): 893
Handedness: right

SpeakerAngles: 6
55
-55
0
0
110
-110

SpeakerElevations: 6
-10
-10
-10
0
30
30

InterpretedPoints: 19
-0.806707284111599,-0.564862521463623,0.17364817766693
0,0,0
0,0,0
0,0,0
1.6134145682232,-1.12972504292725,0.347296355333861
2.43430264681035,-6.79392811334253,1.21553724366851
4.05480761227132,-4.80314241622564,0.194592710667721
16.2192304490853,-5.63666932642686,0.0418890660015818
19.4744211744828,0.592396265452048,-1
6.48911025908166,0.805993166212799,0.979055466999209
-4.84024370466959,3.38917512878174,-1.04188906600158
-3.23391953368417,0.805993166212799,0.979055466999209
-12.1715132340517,3.08699905195103,0.305407289332278
-17.8326450173085,4.50694428349962,0.305407289332278
-16.2050496546097,4.50694428349962,0.305407289332278
-8.90923211141646,0.833526910201223,0.152703644666139
-5.66822218049452,0.833526910201223,0.152703644666139
-1.6134145682232,1.12972504292725,-0.347296355333861
0,0,0

StrokePoints: 20
0,0,0
-0.806707284111599,-0.564862521463623,0.17364817766693
-0.806707284111599,-0.564862521463623,0.17364817766693
-0.806707284111599,-0.564862521463623,0.17364817766693
-0.806707284111599,-0.564862521463623,0.17364817766693
0.806707284111599,-1.69458756439087,0.520944533000791
3.24100993092194,-8.4885156777334,1.7364817766693
7.29581754319326,-13.291658093959,1.93107448733702
23.5150479922785,-18.9283274203859,1.97296355333861
42.9894691667613,-18.3359311549339,0.972963553338607
49.478579425843,-17.5299379887211,1.95201902033782
44.6383357211734,-14.1407628599393,0.910129954336234
41.4044161874892,-13.3347696937265,1.88918542133544
29.2329029534375,-10.2477706417755,2.19459271066772
11.400257936129,-5.74082635827587,2.5
-4.80479171848071,-1.23388207477625,2.80540728933228
-13.7140238298972,-0.400355164575031,2.95811093399842
-19.3822460103917,0.433171745626192,3.11081457866456
-20.9956605786149,1.56289678855344,2.7635182233307
-20.9956605786149,1.56289678855344,2.7635182233307

Velocities: 19
-1,0,0
0,0,0
0,0,0
0,0,0
0,-2,0
-2,-3,-2
0,-2,-2
2,-6,-2
4,-4,0
3,0,0
0,6,0
0,3,0
-1,4,1
-4,6,2
-4,6,2
-2,4,0
-1,3,0
0,2,0
0,0,0

InverseVelocities: 19
0,0,0
0,0,0
0,0,0
0,0,0
0,0,0
0,0,0
0,0,0
0,0,0
0,0,0
0,0,0
0,0,0
0,0,0
0,0,0
0,0,0
1,-2,0
0,0,0
1,0,0
0,0,0
0,0,0
