GestureName: swipe_right
Duration(ms): 658
Handedness: right

SpeakerAngles: 2
55
-55

InterpretedPoints: 14
-1.6134145682232,1.12972504292725
-2.4201218523348,1.69458756439087
-1.6134145682232,1.12972504292725
0,0
0,0
-1.6134145682232,-1.12972504292725
-4.03353642055799,-1.69458756439087
-5.64695098878119,-1.69458756439087
-5.64695098878119,-2.82431260731812
-4.84024370466959,-3.38917512878174
-5.64695098878119,-3.95403765024536
-4.84024370466959,-3.38917512878174
-4.03353642055799,-2.82431260731812
0,0

StrokePoints: 15
177.6,130.333333333333
179.213414568223,129.203608290406
181.633536420558,127.509020726015
183.246950988781,126.379295683088
183.246950988781,126.379295683088
183.246950988781,126.379295683088
184.860365557004,127.509020726015
188.893901977562,129.203608290406
194.540852966344,130.898195854797
200.187803955125,133.722508462115
205.028047659794,137.111683590897
210.674998648576,141.065721241142
215.515242353245,144.454896369924
219.548778773803,147.279208977242
219.548778773803,147.279208977242

Velocities: 14
0,2
0,3
0,2
0,0
0,0
-2,0
-4,1
-5,2
-6,1
-6,0
-7,0
-6,0
-5,0
0,0

InverseVelocities: 14
0,0
0,0
0,0
0,0
0,0
0,0
0,0
0,0
0,0
0,0
0,0
0,0
0,0
0,0
