GestureName: swipe_up
Duration(ms): 564
Handedness: right

SpeakerAngles: 2
55
-55

InterpretedPoints: 12
-0.806707284111599,0.564862521463623
-0.806707284111599,0.564862521463623
-2.4201218523348,1.69458756439087
-1.6134145682232,2.25945008585449
-1.6134145682232,2.25945008585449
0.806707284111599,0.564862521463623
0,0
0.806707284111599,0.564862521463623
-1.6134145682232,1.12972504292725
-1.6134145682232,1.12972504292725
-0.806707284111599,0.564862521463623
0,0

StrokePoints: 13
177.6,130.333333333333
178.406707284112,129.76847081187
179.213414568223,129.203608290406
181.633536420558,127.509020726015
183.246950988781,125.249570640161
184.860365557004,122.990120554306
184.053658272893,122.425258032843
184.053658272893,122.425258032843
183.246950988781,121.860395511379
184.860365557004,120.730670468452
186.473780125228,119.600945425524
187.280487409339,119.036082904061
187.280487409339,119.036082904061

Velocities: 12
0,1
0,1
0,3
1,3
1,3
1,0
0,0
1,0
0,2
0,2
0,1
0,0

InverseVelocities: 12
0,0
0,0
0,0
0,0
0,0
0,0
0,0
0,0
0,0
0,0
0,0
0,0
