GestureName: swipe_down
Duration(ms): 376
Handedness: right

SpeakerAngles: 2
55
-55

InterpretedPoints: 8
0,-1.12972504292725
0,-2.25945008585449
0,-3.38917512878174
1.6134145682232,-3.38917512878174
0,-2.25945008585449
0,-3.38917512878174
2.4201218523348,-1.69458756439087
0,0

StrokePoints: 9
177.6,130.333333333333
177.6,131.463058376261
177.6,133.722508462115
177.6,137.111683590897
175.986585431777,140.500858719679
175.986585431777,142.760308805533
175.986585431777,146.149483934315
173.566463579442,147.844071498706
173.566463579442,147.844071498706

Velocities: 8
-1,-1
-2,-2
-3,-3
-2,-4
-2,-2
-3,-3
0,-3
0,0

InverseVelocities: 8
0,0
0,0
0,0
0,0
0,0
0,0
0,0
0,0
