GestureName: swipe_left
Duration(ms): 658
Handedness: right

SpeakerAngles: 2
55
-55

InterpretedPoints: 14
0,1.12972504292725
1.6134145682232,3.38917512878174
4.03353642055799,2.82431260731812
3.2268291364464,2.25945008585449
7.26036555700439,-2.82431260731812
7.26036555700439,-5.08376269317261
8.06707284111599,-5.64862521463624
7.26036555700439,-5.08376269317261
5.64695098878119,-5.08376269317261
5.64695098878119,-5.08376269317261
4.03353642055799,-3.95403765024537
0,0
2.4201218523348,-1.69458756439087
0,0

StrokePoints: 15
177.6,130.333333333333
177.6,129.203608290406
175.986585431777,125.814433161624
171.953049011219,122.990120554306
168.726219874773,120.730670468452
161.465854317768,123.55498307577
154.205488760764,128.638745768942
146.138415919648,134.287370983579
138.878050362643,139.371133676751
133.231099373862,144.454896369924
127.584148385081,149.538659063097
123.550611964523,153.492696713342
123.550611964523,153.492696713342
121.130490112188,155.187284277733
121.130490112188,155.187284277733

Velocities: 14
1,1
4,2
5,0
4,0
2,-7
0,-9
0,-10
0,-9
-1,-8
-1,-8
-1,-6
0,0
0,-3
0,0

InverseVelocities: 14
0,0
0,0
0,0
0,0
0,0
0,0
0,0
0,0
0,0
0,0
0,0
0,0
0,0
0,0
