GestureName: swipe_left
Duration(ms): 1034
Handedness: right

SpeakerAngles: 2
55
-55

InterpretedPoints: 22
1.6134145682232,1.12972504292725
1.6134145682232,1.12972504292725
0.806707284111599,1.69458756439087
0,0
5.64695098878119,3.95403765024536
5.64695098878119,3.95403765024536
9.68048740933919,2.25945008585449
8.06707284111599,0
6.45365827289279,-2.25945008585449
5.64695098878119,-3.95403765024536
4.84024370466959,-3.38917512878174
4.84024370466959,-3.38917512878174
3.2268291364464,-3.38917512878174
2.4201218523348,-1.69458756439087
0,0
0,0
0,0
-1.6134145682232,1.12972504292725
-1.6134145682232,1.12972504292725
-2.4201218523348,1.69458756439087
-1.6134145682232,1.12972504292725
0,0

StrokePoints: 23
177.6,130.333333333333
175.986585431777,129.203608290406
174.373170863554,128.073883247479
173.566463579442,126.379295683088
173.566463579442,126.379295683088
167.919512590661,122.425258032843
162.27256160188,118.471220382597
152.592074192541,116.211770296743
144.525001351425,116.211770296743
138.071343078532,118.471220382597
132.424392089751,122.425258032843
127.584148385081,125.814433161624
122.743904680411,129.203608290406
119.517075543965,132.592783419188
117.09695369163,134.287370983579
117.09695369163,134.287370983579
117.09695369163,134.287370983579
117.09695369163,134.287370983579
118.710368259853,133.157645940651
120.323782828077,132.027920897724
122.743904680411,130.333333333333
124.357319248635,129.203608290406
124.357319248635,129.203608290406

Velocities: 22
2,0
2,0
2,1
0,0
7,0
7,0
8,-4
5,-5
2,-6
0,-7
0,-6
0,-6
-1,-5
0,-3
0,0
0,0
0,0
0,2
0,2
0,3
0,2
0,0

InverseVelocities: 22
0,0
0,0
0,0
0,0
0,0
0,0
-1,0
0,0
0,0
0,0
0,0
0,0
0,0
0,0
0,0
0,0
0,0
0,0
0,0
0,0
0,0
0,0
