GestureName: swipe_right
Duration(ms): 564
Handedness: right

SpeakerAngles: 2
55
-55

InterpretedPoints: 12
-0.806707284111599,0.564862521463623
-2.4201218523348,1.69458756439087
-4.84024370466959,3.38917512878174
-7.26036555700439,5.08376269317261
-8.87378012522759,3.95403765024536
-6.45365827289279,2.25945008585449
-5.64695098878119,-0.564862521463623
-4.84024370466959,-3.38917512878174
-4.03353642055799,-2.82431260731812
0,0
-3.2268291364464,-3.38917512878174
0,0

StrokePoints: 13
177.6,130.333333333333
178.406707284112,129.76847081187
180.826829136446,128.073883247479
185.667072841116,124.684708118697
192.92743839812,119.600945425524
201.801218523348,115.646907775279
208.254876796241,113.387457689425
213.901827785022,113.952320210888
218.742071489692,117.34149533967
222.77560791025,120.165807946988
222.77560791025,120.165807946988
226.002437046696,123.55498307577
226.002437046696,123.55498307577

Velocities: 12
0,1
0,3
0,6
0,9
-2,9
-2,6
-4,3
-6,0
-5,0
0,0
-5,-1
0,0

InverseVelocities: 12
0,0
0,0
0,0
0,0
0,0
0,0
0,0
0,0
0,0
0,0
0,0
0,0
