GestureName: swipe_down
Duration(ms): 423
Handedness: right

SpeakerAngles: 2
55
-55

InterpretedPoints: 9
0,-1.12972504292725
0,-2.25945008585449
4.03353642055799,-2.82431260731812
2.4201218523348,-1.69458756439087
0,-3.38917512878174
0.806707284111599,-2.82431260731812
1.6134145682232,-1.12972504292725
1.6134145682232,-1.12972504292725
0,0

StrokePoints: 10
177.6,130.333333333333
177.6,131.463058376261
177.6,133.722508462115
173.566463579442,136.546821069433
171.146341727107,138.241408633824
171.146341727107,141.630583762606
170.339634442996,144.454896369924
168.726219874772,145.584621412851
167.112805306549,146.714346455778
167.112805306549,146.714346455778

Velocities: 9
-1,-1
-2,-2
0,-5
0,-3
-3,-3
-2,-3
0,-2
0,-2
0,0

InverseVelocities: 9
0,0
0,0
0,0
0,0
0,0
0,0
0,0
0,0
0,0
