GestureName: swipe_down
Duration(ms): 423
Handedness: right

SpeakerAngles: 2
55
-55

InterpretedPoints: 9
1.6134145682232,-2.25945008585449
3.2268291364464,-2.25945008585449
3.2268291364464,-2.25945008585449
-0.806707284111599,-3.95403765024536
0,-3.38917512878174
0.806707284111599,-2.82431260731812
0.806707284111599,-1.69458756439087
0.806707284111599,-0.564862521463623
0,0

StrokePoints: 10
177.6,130.333333333333
175.986585431777,132.592783419188
172.759756295331,134.852233505042
169.532927158884,137.111683590897
170.339634442996,141.065721241142
170.339634442996,144.454896369924
169.532927158884,147.279208977242
168.726219874773,148.973796541633
167.919512590661,149.538659063097
167.919512590661,149.538659063097

Velocities: 9
-1,-3
0,-4
0,-4
-4,-3
-3,-3
-2,-3
-1,-2
0,-1
0,0

InverseVelocities: 9
0,0
0,0
0,0
0,0
0,0
0,0
0,0
0,0
0,0
