GestureName: swipe_up
Duration(ms): 564
Handedness: right

SpeakerAngles: 2
55
-55

InterpretedPoints: 12
-0.806707284111599,0.564862521463623
-0.806707284111599,1.69458756439087
0.806707284111599,1.69458756439087
0,3.38917512878174
-2.4201218523348,1.69458756439087
-1.6134145682232,2.25945008585449
-1.6134145682232,2.25945008585449
1.6134145682232,3.38917512878174
-3.2268291364464,2.25945008585449
-2.4201218523348,1.69458756439087
-1.6134145682232,1.12972504292725
0,0

StrokePoints: 13
177.6,130.333333333333
178.406707284112,129.76847081187
179.213414568223,128.073883247479
178.406707284112,126.379295683088
178.406707284112,122.990120554306
180.826829136446,121.295532989915
182.44024370467,119.036082904061
184.053658272893,116.776632818206
182.44024370467,113.387457689425
185.667072841116,111.12800760357
188.087194693451,109.433420039179
189.700609261674,108.303694996252
189.700609261674,108.303694996252

Velocities: 12
0,1
1,2
2,1
3,3
0,3
1,3
1,3
4,2
0,4
0,3
0,2
0,0

InverseVelocities: 12
0,0
0,0
0,0
0,0
0,0
0,0
0,0
0,0
0,0
0,0
0,0
0,0
