GestureName: swipe_left
Duration(ms): 611
Handedness: right

SpeakerAngles: 2
55
-55

InterpretedPoints: 13
0.806707284111599,0.564862521463623
1.6134145682232,1.12972504292725
1.6134145682232,1.12972504292725
5.64695098878119,-1.69458756439087
5.64695098878119,-3.95403765024536
7.26036555700439,-5.08376269317261
5.64695098878119,-3.95403765024536
6.45365827289279,-4.51890017170899
6.45365827289279,-4.51890017170899
-2.4201218523348,-6.21348773609986
1.6134145682232,-1.12972504292725
1.6134145682232,-1.12972504292725
0,0

StrokePoints: 14
177.6,130.333333333333
176.793292715888,129.76847081187
175.179878147665,128.638745768942
173.566463579442,127.509020726015
167.919512590661,129.203608290406
162.27256160188,133.157645940651
155.012196044875,138.241408633824
149.365245056094,142.195446284069
142.911586783201,146.714346455778
136.457928510309,151.233246627487
138.878050362643,157.446734363587
137.26463579442,158.576459406515
135.651221226197,159.706184449442
135.651221226197,159.706184449442

Velocities: 13
1,0
2,0
2,0
2,-5
0,-7
0,-9
0,-7
0,-8
0,-8
-7,-4
0,-2
0,-2
0,0

InverseVelocities: 13
0,0
0,0
0,0
0,0
0,0
0,0
0,0
0,0
0,0
0,0
0,0
0,0
0,0
