GestureName: swipe_right
Duration(ms): 752
Handedness: right

SpeakerAngles: 2
55
-55

InterpretedPoints: 16
-0.806707284111599,0.564862521463623
-0.806707284111599,0.564862521463623
-0.806707284111599,0.564862521463623
-0.806707284111599,0.564862521463623
-1.6134145682232,0
-4.03353642055799,-2.82431260731812
-4.03353642055799,-2.82431260731812
-4.84024370466959,-3.38917512878174
-6.45365827289279,-4.51890017170899
-4.84024370466959,-3.38917512878174
-4.84024370466959,-3.38917512878174
-4.84024370466959,-3.38917512878174
-0.806707284111599,-0.564862521463623
-1.6134145682232,-1.12972504292725
-0.806707284111599,-0.564862521463623
0,0

StrokePoints: 17
177.6,130.333333333333
178.406707284112,129.76847081187
179.213414568223,129.203608290406
180.020121852335,128.638745768942
180.826829136447,128.073883247479
182.44024370467,128.073883247479
186.473780125228,130.898195854797
190.507316545786,133.722508462115
195.347560250455,137.111683590897
201.801218523348,141.630583762606
206.641462228018,145.019758891388
211.481705932687,148.408934020169
216.321949637357,151.798109148951
217.128656921469,152.362971670415
218.742071489692,153.492696713342
219.548778773803,154.057559234806
219.548778773803,154.057559234806

Velocities: 16
0,1
0,1
0,1
0,1
-1,1
-5,0
-5,0
-6,0
-8,0
-6,0
-6,0
-6,0
-1,0
-2,0
-1,0
0,0

InverseVelocities: 16
0,0
0,0
0,0
0,0
0,0
0,0
0,0
0,0
0,0
0,0
0,0
0,0
0,0
0,0
0,0
0,0
