GestureName: swipe_left
Duration(ms): 564
Handedness: right

SpeakerAngles: 2
55
-55

InterpretedPoints: 12
2.4201218523348,1.69458756439087
3.2268291364464,2.25945008585449
5.64695098878119,-2.82431260731812
6.45365827289279,-4.51890017170899
6.45365827289279,-4.51890017170899
6.45365827289279,-4.51890017170899
5.64695098878119,-3.95403765024536
4.03353642055799,-2.82431260731812
0,0
0,0
1.6134145682232,-1.12972504292725
0,0

StrokePoints: 13
177.6,130.333333333333
175.179878147665,128.638745768942
171.953049011219,126.379295683088
166.306098022438,129.203608290406
159.852439749545,133.722508462115
153.398781476652,138.241408633824
146.945123203759,142.760308805533
141.298172214978,146.714346455778
137.26463579442,149.538659063097
137.26463579442,149.538659063097
137.26463579442,149.538659063097
135.651221226197,150.668384106024
135.651221226197,150.668384106024

Velocities: 12
3,0
4,0
1,-6
0,-8
0,-8
0,-8
0,-7
0,-5
0,0
0,0
0,-2
0,0

InverseVelocities: 12
0,0
0,0
0,0
0,0
0,0
0,0
0,0
0,0
0,0
0,0
0,0
0,0
