GestureName: swipe_left
Duration(ms): 564
Handedness: right

SpeakerAngles: 2
55
-55

InterpretedPoints: 12
2.4201218523348,1.69458756439087
3.2268291364464,2.25945008585449
2.4201218523348,1.69458756439087
4.03353642055799,-0.564862521463624
4.03353642055799,-2.82431260731812
3.2268291364464,-2.25945008585449
5.64695098878119,-3.95403765024536
5.64695098878119,-3.95403765024536
4.84024370466959,-3.38917512878174
4.03353642055799,-2.82431260731812
3.2268291364464,-2.25945008585449
0,0

StrokePoints: 13
177.6,130.333333333333
175.179878147665,128.638745768942
171.953049011219,126.379295683088
169.532927158884,124.684708118697
165.499390738326,125.249570640161
161.465854317768,128.073883247479
158.239025181322,130.333333333333
152.592074192541,134.287370983579
146.945123203759,138.241408633824
142.10487949909,141.630583762606
138.071343078532,144.454896369924
134.844513942085,146.714346455778
134.844513942085,146.714346455778

Velocities: 12
3,0
4,0
3,0
2,-3
0,-5
0,-4
0,-7
0,-7
0,-6
0,-5
0,-4
0,0

InverseVelocities: 12
0,0
0,0
0,0
0,0
0,0
0,0
0,0
0,0
0,0
0,0
0,0
0,0
