GestureName: swipe_up
Duration(ms): 611
Handedness: right

SpeakerAngles: 2
55
-55

InterpretedPoints: 13
-0.806707284111599,0.564862521463623
0,1.12972504292725
-0.806707284111599,2.82431260731812
0,2.25945008585449
-0.806707284111599,2.82431260731812
-1.6134145682232,3.38917512878174
-1.6134145682232,2.25945008585449
-0.806707284111599,1.69458756439087
-3.2268291364464,2.25945008585449
0.806707284111599,0.564862521463623
-0.806707284111599,0.564862521463623
-0.806707284111599,0.564862521463623
0,0

StrokePoints: 14
177.6,130.333333333333
178.406707284112,129.76847081187
178.406707284112,128.638745768942
179.213414568223,125.814433161624
179.213414568223,123.55498307577
180.020121852335,120.730670468452
181.633536420558,117.34149533967
183.246950988781,115.082045253815
184.053658272893,113.387457689425
187.280487409339,111.12800760357
186.473780125228,110.563145082107
187.280487409339,109.998282560643
188.087194693451,109.433420039179
188.087194693451,109.433420039179

Velocities: 13
0,1
1,1
2,3
2,2
2,3
2,4
1,3
1,2
0,4
1,0
0,1
0,1
0,0

InverseVelocities: 13
0,0
0,0
0,0
0,0
0,0
0,0
0,0
0,0
0,0
0,0
0,0
0,0
0,0
