GestureName: swipe_down
Duration(ms): 564
Handedness: right

SpeakerAngles: 2
55
-55

InterpretedPoints: 12
-0.806707284111599,-0.564862521463623
1.6134145682232,-1.12972504292725
0,-2.25945008585449
1.6134145682232,-3.38917512878174
0.806707284111599,-3.95403765024536
0,-2.25945008585449
0.806707284111599,-2.82431260731812
2.4201218523348,-1.69458756439087
1.6134145682232,-1.12972504292725
0.806707284111599,-0.564862521463623
-0.806707284111599,-0.564862521463623
0,0

StrokePoints: 13
177.6,130.333333333333
178.406707284112,130.898195854797
176.793292715888,132.027920897724
176.793292715888,134.287370983579
175.179878147665,137.67654611236
174.373170863554,141.630583762606
174.373170863554,143.89003384846
173.566463579442,146.714346455778
171.146341727107,148.408934020169
169.532927158884,149.538659063097
168.726219874772,150.10352158456
169.532927158884,150.668384106024
169.532927158884,150.668384106024

Velocities: 12
-1,0
0,-2
-2,-2
-2,-4
-3,-4
-2,-2
-2,-3
0,-3
0,-2
0,-1
-1,0
0,0

InverseVelocities: 12
0,0
0,0
0,0
0,0
0,0
0,0
0,0
0,0
0,0
0,0
0,0
0,0
