GestureName: swipe_up
Duration(ms): 517
Handedness: right

SpeakerAngles: 2
55
-55

InterpretedPoints: 11
-0.806707284111599,0.564862521463623
0,1.12972504292725
-2.4201218523348,1.69458756439087
-0.806707284111599,2.82431260731812
0.806707284111599,2.82431260731812
0,2.25945008585449
0.806707284111599,2.82431260731812
0,1.12972504292725
1.6134145682232,1.12972504292725
-0.806707284111599,0.564862521463623
0,0

StrokePoints: 12
177.6,130.333333333333
178.406707284112,129.76847081187
178.406707284112,128.638745768942
180.826829136446,126.944158204552
181.633536420558,124.119845597233
180.826829136446,121.295532989915
180.826829136446,119.036082904061
180.020121852335,116.211770296743
180.020121852335,115.082045253815
178.406707284112,113.952320210888
179.213414568223,113.387457689425
179.213414568223,113.387457689425

Velocities: 11
0,1
1,1
0,3
2,3
3,2
2,2
3,2
1,1
2,0
0,1
0,0

InverseVelocities: 11
0,0
0,0
0,0
0,0
0,0
0,0
0,0
0,0
0,0
0,0
0,0
