GestureName: tap_left
Duration(ms): 799
Handedness: right

SpeakerAngles: 2
55
-55

InterpretedPoints: 17
0.806707284111599,0.564862521463623
0.806707284111599,-0.564862521463623
1.6134145682232,-1.12972504292725
0.806707284111599,-0.564862521463623
4.84024370466959,-3.38917512878174
3.2268291364464,-2.25945008585449
1.6134145682232,-1.12972504292725
0,0
-0.806707284111599,0.564862521463623
-3.2268291364464,2.25945008585449
-2.4201218523348,1.69458756439087
-4.03353642055799,2.82431260731812
-4.84024370466959,3.38917512878174
-4.84024370466959,3.38917512878174
-2.4201218523348,1.69458756439087
-1.6134145682232,1.12972504292725
0,0

StrokePoints: 18
177.6,130.333333333333
176.793292715888,129.76847081187
175.986585431777,130.333333333333
174.373170863554,131.463058376261
173.566463579442,132.027920897724
168.726219874772,135.417096026506
165.499390738326,137.67654611236
163.885976170103,138.806271155288
163.885976170103,138.806271155288
164.692683454214,138.241408633824
167.919512590661,135.98195854797
170.339634442996,134.287370983579
174.373170863554,131.463058376261
179.213414568223,128.073883247479
184.053658272893,124.684708118697
186.473780125228,122.990120554306
188.087194693451,121.860395511379
188.087194693451,121.860395511379

Velocities: 17
1,0
0,-1
0,-2
0,-1
0,-6
0,-4
0,-2
0,0
0,1
0,4
0,3
0,5
0,6
0,6
0,3
0,2
0,0

InverseVelocities: 17
0,0
0,0
0,0
0,0
0,0
0,0
0,0
0,0
0,0
0,0
0,0
0,0
0,0
0,0
0,0
0,0
0,0
