GestureName: tap_up
Duration(ms): 893
Handedness: right

SpeakerAngles: 2
55
-55

InterpretedPoints: 19
-0.806707284111599,0.564862521463623
0,1.12972504292725
0.806707284111599,2.82431260731812
-0.806707284111599,3.95403765024536
-1.6134145682232,4.51890017170899
-2.4201218523348,3.95403765024536
-1.6134145682232,3.38917512878174
1.6134145682232,3.38917512878174
0.806707284111599,1.69458756439087
0,0
-0.806707284111599,-0.564862521463623
-0.806707284111599,-0.564862521463623
-2.4201218523348,-1.69458756439087
-0.806707284111599,-1.69458756439087
0,-1.12972504292725
0.806707284111599,-1.69458756439087
0.806707284111599,-0.564862521463623
0.806707284111599,-0.564862521463623
0,0

StrokePoints: 20
177.6,130.333333333333
178.406707284112,129.76847081187
178.406707284112,128.638745768942
177.6,125.814433161624
178.406707284112,121.860395511379
180.020121852335,117.34149533967
182.44024370467,113.387457689425
184.053658272893,109.998282560643
182.44024370467,106.609107431861
181.633536420558,104.91451986747
181.633536420558,104.91451986747
182.44024370467,105.479382388934
183.246950988781,106.044244910398
185.667072841116,107.738832474788
186.473780125228,109.433420039179
186.473780125228,110.563145082107
185.667072841116,112.257732646497
184.860365557004,112.822595167961
184.053658272893,113.387457689425
184.053658272893,113.387457689425

Velocities: 19
0,1
1,1
3,2
3,4
3,5
2,5
2,4
4,2
2,1
0,0
-1,0
-1,0
-3,0
-2,-1
-1,-1
-1,-2
0,-1
0,-1
0,0

InverseVelocities: 19
0,0
0,0
0,0
0,0
0,0
0,0
0,0
0,0
0,0
0,0
0,0
0,0
0,0
0,0
0,0
0,0
0,0
0,0
0,0
