GestureName: tap_right
Duration(ms): 1034
Handedness: right

SpeakerAngles: 2
55
-55

InterpretedPoints: 22
0.806707284111599,1.69458756439087
-0.806707284111599,0.564862521463623
-1.6134145682232,1.12972504292725
-4.03353642055799,2.82431260731812
-2.4201218523348,1.69458756439087
-4.03353642055799,0.564862521463624
-5.64695098878119,-2.82431260731812
-7.26036555700439,-5.08376269317261
-6.45365827289279,-4.51890017170899
-4.84024370466959,-3.38917512878174
0,-3.38917512878174
-1.6134145682232,-3.38917512878174
0,0
0,0
6.45365827289279,4.51890017170899
6.45365827289279,4.51890017170899
7.26036555700439,5.08376269317261
6.45365827289279,4.51890017170899
4.84024370466959,3.38917512878174
0,0
0.806707284111599,-0.564862521463623
0,0

StrokePoints: 23
177.6,130.333333333333
176.793292715888,128.638745768942
177.6,128.073883247479
179.213414568223,126.944158204552
183.246950988781,124.119845597233
185.667072841116,122.425258032843
189.700609261674,121.860395511379
195.347560250455,124.684708118697
202.60792580746,129.76847081187
209.061584080352,134.287370983579
213.901827785022,137.67654611236
213.901827785022,141.065721241142
215.515242353245,144.454896369924
215.515242353245,144.454896369924
215.515242353245,144.454896369924
209.061584080352,139.935996198215
202.60792580746,135.417096026506
195.347560250455,130.333333333333
188.893901977562,125.814433161624
184.053658272893,122.425258032843
184.053658272893,122.425258032843
183.246950988781,122.990120554306
183.246950988781,122.990120554306

Velocities: 22
2,1
0,1
0,2
0,5
0,3
-2,3
-6,1
-9,0
-8,0
-6,0
-3,-3
-4,-2
0,0
0,0
8,0
8,0
9,0
8,0
6,0
0,0
0,-1
0,0

InverseVelocities: 22
0,0
0,0
0,0
0,0
0,0
0,0
0,0
0,0
0,0
0,0
0,0
0,0
0,0
0,0
0,0
0,0
0,0
0,0
0,0
0,0
0,0
0,0
