GestureName: tap_right
Duration(ms): 705
Handedness: right

SpeakerAngles: 2
55
-55

InterpretedPoints: 15
-1.6134145682232,-1.12972504292725
-4.03353642055799,-2.82431260731812
-7.26036555700439,-5.08376269317261
-6.45365827289279,-5.64862521463624
4.84024370466959,-3.38917512878174
0,-2.25945008585449
0.806707284111599,-0.564862521463623
0,0
0,0
-3.2268291364464,2.25945008585449
0.806707284111599,6.21348773609986
4.03353642055799,8.47293782195435
8.06707284111599,5.64862521463624
4.84024370466959,3.38917512878174
0,0

StrokePoints: 16
177.6,130.333333333333
179.213414568223,131.463058376261
183.246950988781,134.287370983579
190.507316545786,139.371133676751
196.960974818678,145.019758891388
192.120731114009,148.408934020169
192.120731114009,150.668384106024
191.314023829897,151.233246627487
191.314023829897,151.233246627487
191.314023829897,151.233246627487
194.540852966344,148.973796541633
193.734145682232,142.760308805533
189.700609261674,134.287370983579
181.633536420558,128.638745768942
176.793292715888,125.249570640161
176.793292715888,125.249570640161

Velocities: 15
-2,0
-5,0
-9,0
-9,-1
0,-6
-2,-2
0,-1
0,0
0,0
0,4
6,5
10,5
10,0
6,0
0,0

InverseVelocities: 15
0,0
0,0
0,0
0,0
0,0
0,0
0,0
0,0
0,0
0,0
0,0
0,0
0,0
0,0
0,0
