GestureName: tap_up
Duration(ms): 846
Handedness: right

SpeakerAngles: 2
55
-55

InterpretedPoints: 18
-0.806707284111599,0.564862521463623
-1.6134145682232,1.12972504292725
0,2.25945008585449
-0.806707284111599,2.82431260731812
-2.4201218523348,3.95403765024536
-1.6134145682232,4.51890017170899
-1.6134145682232,4.51890017170899
-0.806707284111599,2.82431260731812
0.806707284111599,1.69458756439087
0,0
0,0
-0.806707284111599,-0.564862521463623
-0.806707284111599,-1.69458756439087
0.806707284111599,-2.82431260731812
0.806707284111599,-2.82431260731812
-0.806707284111599,-1.69458756439087
-0.806707284111599,-1.69458756439087
0,0

StrokePoints: 19
177.6,130.333333333333
178.406707284112,129.76847081187
180.020121852335,128.638745768942
180.020121852335,126.379295683088
180.826829136446,123.55498307577
183.246950988781,119.600945425524
184.860365557004,115.082045253815
186.473780125228,110.563145082107
187.280487409339,107.738832474788
186.473780125228,106.044244910398
186.473780125228,106.044244910398
186.473780125228,106.044244910398
187.280487409339,106.609107431861
188.087194693451,108.303694996252
187.280487409339,111.12800760357
186.473780125228,113.952320210888
187.280487409339,115.646907775279
188.087194693451,117.34149533967
188.087194693451,117.34149533967

Velocities: 18
0,1
0,2
2,2
2,3
2,5
3,5
3,5
2,3
2,1
0,0
0,0
-1,0
-2,-1
-2,-3
-2,-3
-2,-1
-2,-1
0,0

InverseVelocities: 18
0,0
0,0
0,0
0,0
0,0
0,0
0,0
0,0
0,0
0,0
0,0
0,0
0,0
0,0
0,0
0,0
0,0
0,0
