GestureName: tap_down
Duration(ms): 846
Handedness: right

SpeakerAngles: 2
55
-55

InterpretedPoints: 18
-2.4201218523348,-1.69458756439087
-2.4201218523348,-3.95403765024536
-2.4201218523348,-6.21348773609986
-0.806707284111599,-7.34321277902711
0.806707284111599,-6.21348773609986
2.4201218523348,-1.69458756439087
-0.806707284111599,-5.08376269317261
-0.806707284111599,-1.69458756439087
0,0
0.806707284111599,2.82431260731812
-4.03353642055799,7.34321277902711
-7.26036555700439,5.08376269317261
1.6134145682232,9.03780034341798
1.6134145682232,4.51890017170899
0.806707284111599,5.08376269317261
-0.806707284111599,1.69458756439087
0,1.12972504292725
0,0

StrokePoints: 19
177.6,130.333333333333
180.020121852335,132.027920897724
182.44024370467,135.98195854797
184.860365557004,142.195446284069
185.667072841116,149.538659063097
184.860365557004,155.752146799196
182.44024370467,157.446734363587
183.246950988781,162.53049705676
184.053658272893,164.225084621151
184.053658272893,164.225084621151
183.246950988781,161.400772013833
187.280487409339,154.057559234806
194.540852966344,148.973796541633
192.92743839812,139.935996198215
191.314023829897,135.417096026506
190.507316545786,130.333333333333
191.314023829897,128.638745768942
191.314023829897,127.509020726015
191.314023829897,127.509020726015

Velocities: 18
-3,0
-5,-2
-7,-4
-7,-6
-5,-6
0,-3
-5,-4
-2,-1
0,0
3,2
4,9
0,9
9,7
5,3
5,4
1,2
1,1
0,0

InverseVelocities: 18
0,0
0,0
0,0
0,0
0,0
0,0
0,0
0,0
0,0
0,0
0,0
0,0
0,0
0,0
0,0
0,0
0,0
0,0
