GestureName: tap_up
Duration(ms): 846
Handedness: right

SpeakerAngles: 2
55
-55

InterpretedPoints: 18
-1.6134145682232,2.25945008585449
-1.6134145682232,2.25945008585449
-1.6134145682232,3.38917512878174
-2.4201218523348,2.82431260731812
-1.6134145682232,4.51890017170899
-1.6134145682232,2.25945008585449
-0.806707284111599,1.69458756439087
-0.806707284111599,1.69458756439087
0,0
0,0
0,0
0,-1.12972504292725
0.806707284111599,-0.564862521463623
0.806707284111599,-1.69458756439087
0.806707284111599,-1.69458756439087
0.806707284111599,-0.564862521463623
0.806707284111599,-0.564862521463623
0,0

StrokePoints: 19
177.6,130.333333333333
179.213414568223,128.073883247479
180.826829136446,125.814433161624
182.44024370467,122.425258032843
184.860365557004,119.600945425524
186.473780125228,115.082045253815
188.087194693451,112.822595167961
188.893901977562,111.12800760357
189.700609261674,109.433420039179
189.700609261674,109.433420039179
189.700609261674,109.433420039179
189.700609261674,109.433420039179
189.700609261674,110.563145082107
188.893901977562,111.12800760357
188.087194693451,112.822595167961
187.280487409339,114.517182732352
186.473780125228,115.082045253815
185.667072841116,115.646907775279
185.667072841116,115.646907775279

Velocities: 18
1,3
1,3
2,4
1,4
3,5
1,3
1,2
1,2
0,0
0,0
0,0
-1,-1
0,-1
-1,-2
-1,-2
0,-1
0,-1
0,0

InverseVelocities: 18
0,0
0,0
0,0
0,0
0,0
0,0
0,0
0,0
0,0
0,0
0,0
0,0
0,0
0,0
0,0
0,0
0,0
0,0
