GestureName: tap_up
Duration(ms): 846
Handedness: right

SpeakerAngles: 2
55
-55

InterpretedPoints: 18
-0.806707284111599,1.69458756439087
-1.6134145682232,2.25945008585449
-2.4201218523348,2.82431260731812
-4.03353642055799,2.82431260731812
-0.806707284111599,5.08376269317261
-1.6134145682232,4.51890017170899
-1.6134145682232,3.38917512878174
-1.6134145682232,1.12972504292725
0,1.12972504292725
0,0
0,0
0,-1.12972504292725
0,-3.38917512878174
1.6134145682232,-4.51890017170899
2.4201218523348,-3.95403765024536
0.806707284111599,-0.564862521463623
0,-1.12972504292725
0,0

StrokePoints: 19
177.6,130.333333333333
178.406707284112,128.638745768942
180.020121852335,126.379295683088
182.44024370467,123.55498307577
186.473780125228,120.730670468452
187.280487409339,115.646907775279
188.893901977562,111.12800760357
190.507316545786,107.738832474788
192.120731114009,106.609107431861
192.120731114009,105.479382388934
192.120731114009,105.479382388934
192.120731114009,105.479382388934
192.120731114009,106.609107431861
192.120731114009,109.998282560643
190.507316545786,114.517182732352
188.087194693451,118.471220382597
187.280487409339,119.036082904061
187.280487409339,120.165807946988
187.280487409339,120.165807946988

Velocities: 18
1,2
1,3
1,4
0,5
4,5
3,5
2,4
0,2
1,1
0,0
0,0
-1,-1
-3,-3
-3,-5
-2,-5
0,-1
-1,-1
0,0

InverseVelocities: 18
0,0
0,0
0,0
0,0
0,0
0,0
0,0
0,0
0,0
0,0
0,0
0,0
0,0
0,0
0,0
0,0
0,0
0,0
