GestureName: tap_right
Duration(ms): 564
Handedness: right

SpeakerAngles: 2
55
-55

InterpretedPoints: 12
-3.2268291364464,-3.38917512878174
-4.03353642055799,-2.82431260731812
0,0
0,0
3.2268291364464,2.25945008585449
4.84024370466959,3.38917512878174
3.22682913644639,4.51890017170899
6.45365827289279,5.64862521463624
4.03353642055799,2.82431260731812
2.4201218523348,1.69458756439087
0.806707284111599,0.564862521463623
0,0

StrokePoints: 13
177.6,130.333333333333
180.826829136446,133.722508462115
184.860365557004,136.546821069433
184.860365557004,136.546821069433
184.860365557004,136.546821069433
181.633536420558,134.287370983579
176.793292715888,130.898195854797
173.566463579442,126.379295683088
167.112805306549,120.730670468452
163.079268885991,117.906357861134
160.659147033656,116.211770296743
159.852439749545,115.646907775279
159.852439749545,115.646907775279

Velocities: 12
-5,-1
-5,0
0,0
0,0
4,0
6,0
6,2
9,1
5,0
3,0
1,0
0,0

InverseVelocities: 12
0,0
0,0
0,0
0,0
0,0
0,0
0,0
0,0
0,0
0,0
0,0
0,0
