GestureName: tap_down
Duration(ms): 940
Handedness: right

SpeakerAngles: 2
55
-55

InterpretedPoints: 20
-1.6134145682232,-1.12972504292725
-2.4201218523348,-2.82431260731812
-0.806707284111599,-5.08376269317261
0,0
-4.84024370466959,-3.38917512878174
-0.806707284111599,-5.08376269317261
-3.2268291364464,-3.38917512878174
0,0
0,0
0,0
-3.22682913644639,4.51890017170899
0,0
0,0
-8.06707284111599,5.64862521463624
0,10.1675253863452
0,9.03780034341798
1.6134145682232,4.51890017170899
0,1.12972504292725
-0.806707284111599,0.564862521463623
0,0

StrokePoints: 21
177.6,130.333333333333
179.213414568223,131.463058376261
181.633536420558,134.287370983579
182.44024370467,139.371133676751
182.44024370467,139.371133676751
187.280487409339,142.760308805533
188.087194693451,147.844071498706
191.314023829897,151.233246627487
191.314023829897,151.233246627487
191.314023829897,151.233246627487
191.314023829897,151.233246627487
194.540852966344,146.714346455778
194.540852966344,146.714346455778
194.540852966344,146.714346455778
202.60792580746,141.065721241142
202.60792580746,130.898195854797
202.60792580746,121.860395511379
200.994511239236,117.34149533967
200.994511239236,116.211770296743
201.801218523348,115.646907775279
201.801218523348,115.646907775279

Velocities: 20
-2,0
-4,-1
-5,-4
0,0
-6,0
-5,-4
-5,-1
0,0
0,0
0,0
2,6
0,0
0,0
0,10
9,9
8,8
5,3
1,1
0,1
0,0

InverseVelocities: 20
0,0
0,0
0,0
0,0
0,0
0,0
0,0
0,0
0,0
0,0
0,0
0,0
0,0
0,0
0,0
0,0
0,0
0,0
0,0
0,0
