GestureName: tap_left
Duration(ms): 1034
Handedness: right

SpeakerAngles: 2
55
-55

InterpretedPoints: 22
0.806707284111599,0.564862521463623
0,0
2.4201218523348,-1.69458756439087
0,0
2.4201218523348,-1.69458756439087
0,0
5.64695098878119,-3.95403765024536
4.84024370466959,-3.38917512878174
2.4201218523348,-1.69458756439087
0,0
0,0
-1.6134145682232,1.12972504292725
-1.6134145682232,1.12972504292725
-4.84024370466959,5.64862521463624
-4.84024370466959,5.64862521463624
0,0
-6.45365827289279,4.51890017170899
-2.4201218523348,1.69458756439087
-0.806707284111599,0.564862521463623
0,0
-0.806707284111599,-0.564862521463623
0,0

StrokePoints: 23
177.6,130.333333333333
176.793292715888,129.76847081187
176.793292715888,129.76847081187
174.373170863554,131.463058376261
174.373170863554,131.463058376261
171.953049011219,133.157645940651
171.953049011219,133.157645940651
166.306098022438,137.111683590897
161.465854317768,140.500858719679
159.045732465433,142.195446284069
159.045732465433,142.195446284069
159.045732465433,142.195446284069
160.659147033656,141.065721241142
162.27256160188,139.935996198215
167.112805306549,134.287370983579
171.953049011219,128.638745768942
171.953049011219,128.638745768942
178.406707284112,124.119845597233
180.826829136446,122.425258032843
181.633536420558,121.860395511379
181.633536420558,121.860395511379
182.44024370467,122.425258032843
182.44024370467,122.425258032843

Velocities: 22
1,0
0,0
0,-3
0,0
0,-3
0,0
0,-7
0,-6
0,-3
0,0
0,0
0,2
0,2
2,8
2,8
0,0
0,8
0,3
0,1
0,0
-1,0
0,0

InverseVelocities: 22
0,0
0,0
0,0
0,0
0,0
0,0
0,0
0,0
0,0
0,0
0,0
0,0
0,0
0,0
0,0
0,0
0,0
0,0
0,0
0,0
0,0
0,0
