GestureName: tap_up
Duration(ms): 893
Handedness: right

SpeakerAngles: 2
55
-55

InterpretedPoints: 19
-0.806707284111599,0.564862521463623
-1.6134145682232,3.38917512878174
-1.6134145682232,3.38917512878174
-1.6134145682232,3.38917512878174
0,5.64862521463624
-2.4201218523348,1.69458756439087
-1.6134145682232,2.25945008585449
0,2.25945008585449
0,0
0,0
0,0
0.806707284111599,-1.69458756439087
4.03353642055799,-3.95403765024537
0.806707284111599,-2.82431260731812
0,-1.12972504292725
0.806707284111599,-1.69458756439087
0.806707284111599,-0.564862521463623
0,-1.12972504292725
0,0

StrokePoints: 20
177.6,130.333333333333
178.406707284112,129.76847081187
180.020121852335,126.379295683088
181.633536420558,122.990120554306
183.246950988781,119.600945425524
183.246950988781,113.952320210888
185.667072841116,112.257732646497
187.280487409339,109.998282560643
187.280487409339,107.738832474788
187.280487409339,107.738832474788
187.280487409339,107.738832474788
187.280487409339,107.738832474788
186.473780125228,109.433420039179
182.44024370467,113.387457689425
181.633536420558,116.211770296743
181.633536420558,117.34149533967
180.826829136446,119.036082904061
180.020121852335,119.600945425524
180.020121852335,120.730670468452
180.020121852335,120.730670468452

Velocities: 19
0,1
2,4
2,4
2,4
5,5
0,3
1,3
2,2
0,0
0,0
0,0
-1,-2
-1,-6
-2,-3
-1,-1
-1,-2
0,-1
-1,-1
0,0

InverseVelocities: 19
0,0
0,0
0,0
0,0
0,0
0,0
0,0
0,0
0,0
0,0
0,0
0,0
0,0
0,0
0,0
0,0
0,0
0,0
0,0
