GestureName: tap_down
Duration(ms): 940
Handedness: right

SpeakerAngles: 2
55
-55

InterpretedPoints: 20
-0.806707284111599,-0.564862521463623
-1.6134145682232,-1.12972504292725
-0.806707284111599,-2.82431260731812
-1.6134145682232,-3.38917512878174
-0.806707284111599,-5.08376269317261
-0.806707284111599,-7.34321277902711
5.64695098878119,-3.95403765024536
3.2268291364464,-2.25945008585449
3.2268291364464,-2.25945008585449
0,0
0.806707284111599,0.564862521463623
-2.4201218523348,5.08376269317261
-5.64695098878119,3.95403765024536
0,0
-6.45365827289279,4.51890017170899
-5.64695098878119,3.95403765024536
-0.806707284111599,5.08376269317261
-0.806707284111599,3.95403765024536
-0.806707284111599,1.69458756439087
0,0

StrokePoints: 21
177.6,130.333333333333
178.406707284112,130.898195854797
180.020121852335,132.027920897724
180.826829136446,134.852233505042
182.44024370467,138.241408633824
183.246950988781,143.325171326997
184.053658272893,150.668384106024
178.406707284112,154.622421756269
175.179878147665,156.881871842124
171.953049011219,159.141321927978
171.953049011219,159.141321927978
171.146341727107,158.576459406515
173.566463579442,153.492696713342
179.213414568223,149.538659063097
179.213414568223,149.538659063097
185.667072841116,145.019758891388
191.314023829897,141.065721241142
192.120731114009,135.98195854797
192.927438398121,132.027920897724
193.734145682232,130.333333333333
193.734145682232,130.333333333333

Velocities: 20
-1,0
-2,0
-3,-2
-4,-2
-5,-4
-7,-6
0,-7
0,-4
0,-4
0,0
1,0
3,6
0,7
0,0
0,8
0,7
4,5
3,4
1,2
0,0

InverseVelocities: 20
0,0
0,0
0,0
0,0
0,0
0,0
0,0
0,0
0,0
0,0
0,0
0,0
0,0
0,0
0,0
0,0
0,0
0,0
0,0
0,0
