GestureName: tap_right
Duration(ms): 846
Handedness: right

SpeakerAngles: 2
55
-55

InterpretedPoints: 18
-0.806707284111599,0.564862521463623
-0.806707284111599,0.564862521463623
-4.84024370466959,-2.25945008585449
-7.26036555700439,-3.95403765024536
-7.26036555700439,-5.08376269317261
0,0
-1.6134145682232,-2.25945008585449
-0.806707284111599,-0.564862521463623
0,0
0,0
-0.806707284111599,1.69458756439087
1.6134145682232,2.25945008585449
4.84024370466959,3.38917512878174
8.87378012522759,6.21348773609986
0,0
2.4201218523348,1.69458756439087
1.6134145682232,1.12972504292725
0,0

StrokePoints: 19
177.6,130.333333333333
178.406707284112,129.76847081187
179.213414568223,129.203608290406
184.053658272893,131.463058376261
191.314023829897,135.417096026506
198.574389386902,140.500858719679
198.574389386902,140.500858719679
200.187803955125,142.760308805533
200.994511239236,143.325171326997
200.994511239236,143.325171326997
200.994511239236,143.325171326997
201.801218523348,141.630583762606
200.187803955125,139.371133676751
195.347560250455,135.98195854797
186.473780125228,129.76847081187
186.473780125228,129.76847081187
184.053658272893,128.073883247479
182.44024370467,126.944158204552
182.44024370467,126.944158204552

Velocities: 18
0,1
0,1
-5,1
-8,1
-9,0
0,0
-3,-1
-1,0
0,0
0,0
1,2
3,1
6,0
11,0
0,0
3,0
2,0
0,0

InverseVelocities: 18
0,0
0,0
0,0
0,0
0,0
0,0
0,0
0,0
0,0
0,0
0,0
0,0
0,0
0,0
0,0
0,0
0,0
0,0
