GestureName: tap_right
Duration(ms): 705
Handedness: right

SpeakerAngles: 2
55
-55

InterpretedPoints: 15
-3.2268291364464,-2.25945008585449
-6.45365827289279,-4.51890017170899
-7.26036555700439,-5.08376269317261
0,0
2.4201218523348,-1.69458756439087
0,0
0,0
0,3.38917512878174
-0.806707284111599,0.564862521463623
-0.806707284111599,0.564862521463623
8.06707284111599,5.64862521463624
3.2268291364464,2.25945008585449
4.03353642055799,2.82431260731812
2.4201218523348,1.69458756439087
0,0

StrokePoints: 16
177.6,130.333333333333
180.826829136446,132.592783419188
187.280487409339,137.111683590897
194.540852966344,142.195446284069
194.540852966344,142.195446284069
192.120731114009,143.89003384846
192.120731114009,143.89003384846
192.120731114009,143.89003384846
192.120731114009,140.500858719679
192.92743839812,139.935996198215
193.734145682232,139.371133676751
185.667072841116,133.722508462115
182.44024370467,131.463058376261
178.406707284112,128.638745768942
175.986585431777,126.944158204552
175.986585431777,126.944158204552

Velocities: 15
-4,0
-8,0
-9,0
0,0
0,-3
0,0
0,0
3,3
0,1
0,1
10,0
4,0
5,0
3,0
0,0

InverseVelocities: 15
0,0
0,0
0,0
0,0
0,0
0,0
0,0
0,0
0,0
0,0
0,0
0,0
0,0
0,0
0,0
