GestureName: tap_left
Duration(ms): 940
Handedness: right

SpeakerAngles: 2
55
-55

InterpretedPoints: 20
1.6134145682232,1.12972504292725
1.6134145682232,-1.12972504292725
1.6134145682232,-1.12972504292725
0,0
4.03353642055799,-2.82431260731812
4.84024370466959,-3.38917512878174
4.03353642055799,-2.82431260731812
0,0
0.806707284111599,-0.564862521463623
0,0
-1.6134145682232,1.12972504292725
-1.6134145682232,1.12972504292725
-5.64695098878119,3.95403765024536
-5.64695098878119,3.95403765024536
-5.64695098878119,3.95403765024536
-3.2268291364464,2.25945008585449
-1.6134145682232,1.12972504292725
-3.2268291364464,2.25945008585449
-1.6134145682232,0
0,0

StrokePoints: 21
177.6,130.333333333333
175.986585431777,129.203608290406
174.373170863554,130.333333333333
172.759756295331,131.463058376261
172.759756295331,131.463058376261
168.726219874773,134.287370983579
163.885976170103,137.67654611236
159.852439749545,140.500858719679
159.852439749545,140.500858719679
159.045732465433,141.065721241142
159.045732465433,141.065721241142
160.659147033656,139.935996198215
162.27256160188,138.806271155288
167.919512590661,134.852233505042
173.566463579442,130.898195854797
179.213414568223,126.944158204552
182.44024370467,124.684708118697
184.053658272893,123.55498307577
187.280487409339,121.295532989915
188.893901977562,121.295532989915
188.893901977562,121.295532989915

Velocities: 20
2,0
0,-2
0,-2
0,0
0,-5
0,-6
0,-5
0,0
0,-1
0,0
0,2
0,2
0,7
0,7
0,7
0,4
0,2
0,4
-1,1
0,0

InverseVelocities: 20
0,0
0,0
0,0
0,0
0,0
0,0
0,0
0,0
0,0
0,0
0,0
0,0
0,0
0,0
0,0
0,0
0,0
0,0
0,0
0,0
