GestureName: tap_right
Duration(ms): 752
Handedness: right

SpeakerAngles: 2
55
-55

InterpretedPoints: 16
-0.806707284111599,-0.564862521463623
-2.4201218523348,-1.69458756439087
0,0
0,0
0.806707284111599,-0.564862521463623
-1.6134145682232,-1.12972504292725
-1.6134145682232,-1.12972504292725
0,0
0.806707284111599,0.564862521463623
1.6134145682232,2.25945008585449
0.806707284111599,2.82431260731812
2.4201218523348,1.69458756439087
4.84024370466959,3.38917512878174
2.4201218523348,1.69458756439087
3.2268291364464,2.25945008585449
0,0

StrokePoints: 17
177.6,130.333333333333
178.406707284112,130.898195854797
180.826829136446,132.592783419188
180.826829136446,132.592783419188
180.826829136446,132.592783419188
180.020121852335,133.157645940651
181.633536420558,134.287370983579
183.246950988781,135.417096026506
183.246950988781,135.417096026506
182.44024370467,134.852233505042
180.826829136446,132.592783419188
180.020121852335,129.76847081187
177.6,128.073883247479
172.75975629533,124.684708118697
170.339634442996,122.990120554306
167.112805306549,120.730670468452
167.112805306549,120.730670468452

Velocities: 16
-1,0
-3,0
0,0
0,0
0,-1
-2,0
-2,0
0,0
1,0
3,1
3,2
3,0
6,0
3,0
4,0
0,0

InverseVelocities: 16
0,0
0,0
0,0
0,0
0,0
0,0
0,0
0,0
0,0
0,0
0,0
0,0
0,0
0,0
0,0
0,0
