GestureName: tap_right
Duration(ms): 799
Handedness: right

SpeakerAngles: 2
55
-55

InterpretedPoints: 17
-0.806707284111599,0.564862521463623
-4.03353642055799,-0.564862521463624
-7.26036555700439,-5.08376269317261
-8.87378012522759,-6.21348773609986
-5.64695098878119,-3.95403765024536
2.4201218523348,-2.82431260731812
-0.806707284111599,-0.564862521463623
0,0
0,0
0,3.38917512878174
3.22682913644639,5.64862521463624
1.6134145682232,3.38917512878174
8.06707284111599,6.77835025756348
6.45365827289279,4.51890017170899
4.03353642055799,2.82431260731812
0.806707284111599,0.564862521463623
0,0

StrokePoints: 18
177.6,130.333333333333
178.406707284112,129.76847081187
182.44024370467,130.333333333333
189.700609261674,135.417096026506
198.574389386902,141.630583762606
204.221340375683,145.584621412851
201.801218523348,148.408934020169
202.60792580746,148.973796541633
202.60792580746,148.973796541633
202.60792580746,148.973796541633
202.60792580746,145.584621412851
199.381096671013,139.935996198215
197.76768210279,136.546821069433
189.700609261674,129.76847081187
183.246950988781,125.249570640161
179.213414568223,122.425258032843
178.406707284112,121.860395511379
178.406707284112,121.860395511379

Velocities: 17
0,1
-3,2
-9,0
-11,0
-7,0
-1,-4
-1,0
0,0
0,0
3,3
7,3
4,2
11,1
8,0
5,0
1,0
0,0

InverseVelocities: 17
0,0
0,0
0,0
0,0
0,0
0,0
0,0
0,0
0,0
0,0
0,0
0,0
0,0
0,0
0,0
0,0
0,0
