GestureName: tap_left
Duration(ms): 1457
Handedness: right

SpeakerAngles: 2
55
-55

InterpretedPoints: 31
-1.6134145682232,1.12972504292725
-1.6134145682232,1.12972504292725
0,0
0.806707284111599,0.564862521463623
0,0
0,0
0,1.12972504292725
-0.806707284111599,0.564862521463623
0,0
0,0
0,0
0.806707284111599,0.564862521463623
3.2268291364464,-2.25945008585449
2.4201218523348,-1.69458756439087
0,0
0,0
7.26036555700439,-6.21348773609986
2.4201218523348,-2.82431260731812
0,0
-1.6134145682232,1.12972504292725
-4.03353642055799,2.82431260731812
-5.64695098878119,3.95403765024536
-4.03353642055799,2.82431260731812
0,0
-2.4201218523348,1.69458756439087
-2.4201218523348,1.69458756439087
-4.03353642055799,2.82431260731812
-1.6134145682232,0
-1.6134145682232,-1.12972504292725
-0.806707284111599,-0.564862521463623
0,0

StrokePoints: 32
177.6,130.333333333333
179.213414568223,129.203608290406
180.826829136446,128.073883247479
180.826829136446,128.073883247479
180.020121852335,127.509020726015
180.020121852335,127.509020726015
180.020121852335,127.509020726015
180.020121852335,126.379295683088
180.826829136446,125.814433161624
180.826829136446,125.814433161624
180.826829136446,125.814433161624
180.826829136446,125.814433161624
180.020121852335,125.249570640161
176.793292715888,127.509020726015
174.373170863554,129.203608290406
174.373170863554,129.203608290406
174.373170863554,129.203608290406
167.112805306549,135.417096026506
164.692683454214,138.241408633824
164.692683454214,138.241408633824
166.306098022438,137.111683590897
170.339634442996,134.287370983579
175.986585431777,130.333333333333
180.020121852335,127.509020726015
180.020121852335,127.509020726015
182.44024370467,125.814433161624
184.860365557004,124.119845597233
188.893901977562,121.295532989915
190.507316545786,121.295532989915
192.120731114009,122.425258032843
192.92743839812,122.990120554306
192.92743839812,122.990120554306

Velocities: 31
0,2
0,2
0,0
1,0
0,0
0,0
1,1
0,1
0,0
0,0
0,0
1,0
0,-4
0,-3
0,0
0,0
-1,-10
-1,-4
0,0
0,2
0,5
0,7
0,5
0,0
0,3
0,3
0,5
-1,1
-2,0
-1,0
0,0

InverseVelocities: 31
0,0
0,0
0,0
0,0
0,0
0,0
0,0
0,0
0,0
0,0
0,0
0,0
0,0
0,0
0,0
0,0
0,0
0,0
0,0
0,0
0,0
0,0
0,0
0,0
0,0
0,0
0,0
0,0
0,0
0,0
0,0
