GestureName: tap_down
Duration(ms): 893
Handedness: right

SpeakerAngles: 2
55
-55

InterpretedPoints: 19
-0.806707284111599,-0.564862521463623
-1.6134145682232,-2.25945008585449
-0.806707284111599,-3.95403765024536
-0.806707284111599,-6.21348773609986
3.2268291364464,-2.25945008585449
3.2268291364464,-2.25945008585449
3.2268291364464,-2.25945008585449
0,0
0,0
-2.4201218523348,1.69458756439087
-4.03353642055799,2.82431260731812
0,7.90807530049073
0.806707284111599,9.6026628648816
0,7.90807530049073
0,5.64862521463624
0.806707284111599,3.95403765024536
0,2.25945008585449
0,1.12972504292725
0,0

StrokePoints: 20
177.6,130.333333333333
178.406707284112,130.898195854797
180.020121852335,133.157645940651
180.826829136446,137.111683590897
181.633536420558,143.325171326997
178.406707284112,145.584621412851
175.179878147665,147.844071498706
171.953049011219,150.10352158456
171.953049011219,150.10352158456
171.953049011219,150.10352158456
174.373170863554,148.408934020169
178.406707284112,145.584621412851
178.406707284112,137.67654611236
177.6,128.073883247479
177.6,120.165807946988
177.6,114.517182732352
176.793292715889,110.563145082107
176.793292715889,108.303694996252
176.793292715889,107.173969953325
176.793292715889,107.173969953325

Velocities: 19
-1,0
-3,-1
-4,-3
-6,-5
0,-4
0,-4
0,-4
0,0
0,0
0,3
0,5
7,7
9,8
7,7
5,5
4,3
2,2
1,1
0,0

InverseVelocities: 19
0,0
0,0
0,0
0,0
0,0
0,0
0,0
0,0
0,0
0,0
0,0
0,0
0,0
0,0
0,0
0,0
0,0
0,0
0,0
