GestureName: swipe_down
Duration(ms): 611
Handedness: right

SpeakerAngles: 6
55
-55
0
0
110
-110

SpeakerElevations: 6
-10
-10
-10
0
30
30

InterpretedPoints: 13
0.806707284111599,2.54967027447583,-0.347296355333861
0.799616886873824,4.21074615077359,0.805407289332279
0,14.3878714487932,-0.604722665003955
-2.44139304404812,22.0428602163254,-2.4939080863394
5.68240297497007,34.7636778447161,-3.40403804067563
-1.62759536269875,33.8200159585612,-0.251334396009493
-0.00709039723777405,9.19632975620188,0.853388268994462
1.60632417098542,8.65900097872668,0.200684624328324
-1.62759536269875,-1.1847925309041,2
-4.06898840674687,3.85057572543831,-6.5
1.62759536269875,4.73917012361638,-8
-2.44139304404812,0.888594398178072,-1.5
0,0,0

StrokePoints: 14
0,0,0
0.806707284111599,2.54967027447583,-0.347296355333861
1.60632417098542,6.76041642524942,0.458110933998418
1.60632417098542,21.1482878740426,-0.146611731005537
-0.835068873062699,43.191148090368,-2.64051981734494
4.84733410190737,77.9548259350841,-6.04455785802057
3.21973873920862,111.774841893645,-6.29589225403006
3.21264834197085,120.971171649847,-5.4425039850356
4.81897251295627,129.630172628574,-5.24181936070728
3.19137715025752,128.44538009767,-3.24181936070728
-0.877611256489347,132.295955823108,-9.74181936070728
0.749984106209401,137.035125946724,-17.7418193607073
-1.69140893783872,137.923720344902,-19.2418193607073
-1.69140893783872,137.923720344902,-19.2418193607073

Velocities: 13
1,0,1
2,0,2
5,5,5
8,8,7
12,10,12
12,12,12
11,10,0
11,8,0
0,0,0
0,0,0
0,0,0
0,0,0
0,0,0

InverseVelocities: 13
0,0,0
0,0,0
0,0,0
0,0,0
0,0,0
0,0,0
0,0,0
0,0,0
0,0,0
0,0,0
0,0,0
0,0,0
0,0,0
