GestureName: swipe_up
Duration(ms): 658
Handedness: right

SpeakerAngles: 6
55
-55
0
0
110
-110

SpeakerElevations: 6
-10
-10
-10
0
30
30

InterpretedPoints: 14
-1.62759536269875,-0.592396265452048,1
0,-3.55437759271229,6
9.68048740933918,0.854387603043007,7.91622186799683
1.60632417098542,-1.72879435952594,9.93716640099763
0.00709039723777405,-30.2291998172281,2.88309350767484
-8.13088641625596,-32.3665590389195,-1.42231378165744
-0.813797681349374,-34.7086103567393,1.75133439600949
0,-28.2808306128367,-5.92231378165744
-4.88278608809624,-32.042827162205,-2.74866560399051
-4.86151489638292,-19.1084126330536,-1.67974009132753
1.62759536269875,-14.9802677142452,1.60472266500395
0.0141807944755503,-5.63666932642686,0.0418890660015822
-0.806707284111599,-0.564862521463623,0.17364817766693
0,0,0

StrokePoints: 15
0,0,0
-1.62759536269875,-0.592396265452048,1
-1.62759536269875,-4.14677385816433,7
8.05289204664044,-3.29238625512133,14.9162218679968
9.65921621762586,-5.02118061464726,24.8533882689945
9.66630661486363,-35.2503804318753,27.7364817766693
1.53542019860767,-67.6169394707948,26.3141679950119
0.721622517258297,-102.325549827534,28.0655023910214
0.721622517258297,-130.606380440371,22.1431886093639
-4.16116357083795,-162.649207602576,19.3945230053734
-9.02267846722086,-181.757620235629,17.7147829140459
-7.39508310452211,-196.737887949875,19.3195055790498
-7.38090231004656,-202.374557276301,19.3613946450514
-8.18760959415816,-202.939419797765,19.5350428227183
-8.18760959415816,-202.939419797765,19.5350428227183

Velocities: 14
0,0,0
0,0,0
12,0,0
6,3,0
-11,-10,-10
-12,-11,-12
-12,-12,-12
-12,-12,-11
-12,-12,-12
-9,-6,-7
-5,-5,-5
-3,-1,-2
-1,0,0
0,0,0

InverseVelocities: 14
0,0,0
0,0,0
0,0,0
0,0,0
0,0,0
0,0,0
0,0,0
0,0,0
0,0,0
0,0,0
0,0,0
0,0,0
0,0,0
0,0,0
