GestureName: swipe_back
Duration(ms): 470
Handedness: right

SpeakerAngles: 6
55
-55
0
0
110
-110

SpeakerElevations: 6
-10
-10
-10
0
30
30

InterpretedPoints: 10
-0.806707284111599,-2.49460278649898,-1.30540728933228
-5.63986059154342,-5.77962088343171,-2.72162915732911
0.813797681349373,-14.2992922727232,-2.72162915732911
-3.23391953368417,-18.4609488796246,-4.33244373599367
-5.68949337220784,-19.4596782537564,0.472963553338607
-5.68240297497007,-6.42708463686061,-0.0689255126629749
-0.0354519861888756,-1.343321943688,-1.63175911166535
-2.44139304404812,0.888594398178072,-1.5
-0.813797681349374,0.296198132726024,-0.5
0,0,0

StrokePoints: 11
0,0,0
-0.806707284111599,-2.49460278649898,-1.30540728933228
-6.44656787565501,-8.2742236699307,-4.02703644666139
-5.63277019430564,-22.5735159426539,-6.74866560399051
-8.86668972798981,-41.0344648222786,-11.0811093399842
-14.5561831001977,-60.494143076035,-10.6081457866456
-20.2385860751677,-66.9212277128956,-10.6770712993085
-20.2740380613566,-68.2645496565836,-12.3088304109739
-22.7154311054047,-67.3759552584055,-13.8088304109739
-23.5292287867541,-67.0797571256795,-14.3088304109739
-23.5292287867541,-67.0797571256795,-14.3088304109739

Velocities: 10
-2,-1,-1
-12,-4,0
-5,-5,-6
-10,-7,-7
-7,-6,-7
-8,-6,0
0,-5,0
0,0,0
0,0,0
0,0,0

InverseVelocities: 10
0,0,0
7,0,0
0,0,0
0,0,0
0,0,0
0,0,0
0,0,0
0,0,0
0,0,0
0,0,0
