GestureName: swipe_down
Duration(ms): 564
Handedness: right

SpeakerAngles: 6
55
-55
0
0
110
-110

SpeakerElevations: 6
-10
-10
-10
0
30
30

InterpretedPoints: 12
-0.806707284111599,1.69458756439087,-0.520944533000791
1.62759536269875,3.92650390625694,-0.389185421335443
6.50329105355722,25.0628358920902,1.15879555832674
2.4484834412859,32.235563370124,-3.03579715234098
-0.806707284111598,27.7159680913731,6.09596195932437
7.31708873490659,32.0703609061935,1.92231378165744
-2.43430264681035,9.54759537690475,-1.29931537567168
2.44139304404812,6.2201607872465,-10.5
0.813797681349374,5.03536825634241,-8.5
4.06898840674687,1.48099066363012,-2.5
0,1.1847925309041,-2
0,0,0

StrokePoints: 13
0,0,0
-0.806707284111599,1.69458756439087,-0.520944533000791
0.820888078587149,5.62109147064781,-0.910129954336234
7.32417913214437,30.683927362738,0.248665603990507
9.77266257343026,62.919490732862,-2.78713154835047
8.96595528931866,90.635458824235,3.30883041097389
16.2830440242253,122.705819730428,5.23114419263133
13.8487413774149,132.253415107333,3.93182881695966
16.290134421463,138.47357589458,-6.56817118304034
17.1039321028124,143.508944150922,-15.0681711830403
21.1729205095593,144.989934814552,-17.5681711830403
21.1729205095593,146.174727345456,-19.5681711830403
21.1729205095593,146.174727345456,-19.5681711830403

Velocities: 12
1,2,0
4,4,0
8,7,10
8,9,12
11,12,11
12,11,12
9,10,0
0,0,0
0,0,0
0,0,0
0,0,0
0,0,0

InverseVelocities: 12
0,0,0
0,0,0
0,0,0
0,0,0
0,0,0
0,0,0
0,0,0
0,0,0
0,0,0
0,0,0
0,0,0
0,0,0
