GestureName: swipe_down
Duration(ms): 611
Handedness: right

SpeakerAngles: 6
55
-55
0
0
110
-110

SpeakerElevations: 6
-10
-10
-10
0
30
30

InterpretedPoints: 13
2.4201218523348,3.88701427405914,2.13175911166535
2.43430264681035,3.84390267429167,2.08987004566377
7.29581754319326,7.55680967978786,-0.278370842670886
0.799616886873824,9.16879601221346,1.67974009132753
-1.62759536269875,33.2276196931091,0.748665603990507
-0.813797681349374,34.7086103567393,-1.75133439600949
-4.04771721503354,5.56602398267096,0.742573690329906
-3.25519072539749,-2.96198132726024,5
0.813797681349373,5.62776452179445,-9.5
1.62759536269875,4.14677385816433,-7
0.813797681349374,2.07338692908217,-3.5
-0.813797681349374,0.296198132726024,-0.5
0,0,0

StrokePoints: 14
0,0,0
2.4201218523348,3.88701427405914,2.13175911166535
4.85442449914514,7.73091694835081,4.22162915732911
12.1502420423384,15.2877266281387,3.94325831465823
12.9498589292122,24.4565226403521,5.62299840598576
11.3222635665135,57.6841423334613,6.37166400997627
10.5084658851641,92.3927526902005,4.62032961396677
6.46074867013056,97.9587766728715,5.36290330429668
3.20555794473307,94.9967953456112,10.3629033042967
4.01935562608244,100.624559867406,0.862903304296681
5.64695098878119,104.77133372557,-6.13709669570332
6.46074867013056,106.844720654652,-9.63709669570332
5.64695098878119,107.140918787378,-10.1370966957033
5.64695098878119,107.140918787378,-10.1370966957033

Velocities: 13
3,0,2
6,5,0
10,6,0
12,10,0
12,12,12
12,12,12
5,8,0
0,0,0
0,0,0
0,0,0
0,0,0
0,0,0
0,0,0

InverseVelocities: 13
0,0,0
0,0,0
0,0,0
0,0,0
0,0,0
0,0,0
0,0,0
0,0,0
0,0,0
0,0,0
0,0,0
0,0,0
0,0,0
