GestureName: swipe_right
Duration(ms): 517
Handedness: right

SpeakerAngles: 6
55
-55
0
0
110
-110

SpeakerElevations: 6
-10
-10
-10
0
30
30

InterpretedPoints: 11
-1.62050496546097,2.25347214174981,0.152703644666139
-3.2268291364464,2.25945008585449,-0.694592710667721
-1.6134145682232,5.64862521463624,-1.7364817766693
-12.9782205181633,-0.757598729382593,5.95811093399842
-35.6652900346169,2.25945008585449,-0.694592710667721
-22.7154311054047,18.7614640869623,-1.34729635533386
-6.51038145079499,-1.77718879635614,3
5.63277019430564,-5.67615895862466,2.56283359900237
-1.6701377461254,-1.01959006697355,-2.95811093399842
-0.0212711917133253,-0.805993166212799,-0.979055466999209
0,0,0

StrokePoints: 12
0,0,0
-1.62050496546097,2.25347214174981,0.152703644666139
-4.84733410190737,4.5129222276043,-0.541889066001582
-6.46074867013057,10.1615474422405,-2.27837084267089
-19.4389691882939,9.40394871285794,3.67974009132753
-55.1042592229108,11.6633987987124,2.98514738065981
-77.8196903283156,30.4248628856747,1.63785102532595
-84.3300717791106,28.6476740893186,4.63785102532595
-78.6973015848049,22.9715151306939,7.20068462432832
-80.3674393309303,21.9519250637204,4.2425736903299
-80.3887105226436,21.1459318975076,3.26351822333069
-80.3887105226436,21.1459318975076,3.26351822333069

Velocities: 11
0,1,1
0,4,0
4,6,0
0,6,0
-8,12,0
-10,0,12
0,0,0
0,-9,0
0,-6,0
0,-3,0
0,0,0

InverseVelocities: 11
0,0,0
0,0,0
0,0,0
0,0,0
0,0,0
0,0,0
0,0,0
0,0,0
0,0,0
0,0,0
0,0,0
