GestureName: swipe_front
Duration(ms): 517
Handedness: right

SpeakerAngles: 6
55
-55
0
0
110
-110

SpeakerElevations: 6
-10
-10
-10
0
30
30

InterpretedPoints: 11
3.24100993092194,0.537328777475199,0.652703644666139
3.24100993092194,5.05622894918419,-0.736481776669304
4.84024370466959,3.38917512878174,-1.04188906600158
-4.07607880398464,25.2488990488625,3.96420284765902
6.45365827289279,15.2734147633943,9.04798097966218
3.20555794473307,16.7819391710128,5.72162915732911
-3.25519072539749,14.5954904054492,2.22162915732911
-4.05480761227132,6.14048641580895,2.28446275633149
-3.23391953368417,1.39838943166485,-0.0209445330007911
-2.4201218523348,1.69458756439087,-0.520944533000791
0,0,0

StrokePoints: 12
0,0,0
3.24100993092194,0.537328777475199,0.652703644666139
6.48201986184389,5.59355772665939,-0.0837781320031644
11.3222635665135,8.98273285544113,-1.12566719800475
7.24618476252884,34.2316319043036,2.83853564965427
13.6998430354216,49.5050466676979,11.8865166293165
16.9054009801547,66.2869858387107,17.6081457866456
13.6502102547572,80.88247624416,19.8297749439747
9.59540264248588,87.0229626599689,22.1142377003062
6.36148310880171,88.4213520916338,22.0932931673054
3.94136125646692,90.1159396560247,21.5723486343046
3.94136125646692,90.1159396560247,21.5723486343046

Velocities: 11
2,0,0
6,4,0
6,0,0
10,9,10
8,0,9
7,0,9
5,5,6
1,3,3
0,3,0
0,3,0
0,0,0

InverseVelocities: 11
0,0,0
0,0,0
0,0,0
0,0,0
0,0,0
0,0,0
0,0,0
0,0,0
0,0,0
0,0,0
0,0,0
