GestureName: swipe_up
Duration(ms): 658
Handedness: right

SpeakerAngles: 6
55
-55
0
0
110
-110

SpeakerElevations: 6
-10
-10
-10
0
30
30

InterpretedPoints: 14
0.813797681349374,-0.296198132726024,0.5
0,0,0
0.813797681349374,-4.44297199089036,7.5
1.62759536269875,-4.14677385816433,7
0,-4.73917012361638,8
0,0,0
-1.59214337650987,-9.84379350963078,1.79931537567168
-6.51038145079499,-30.6504156746449,-1.92231378165744
-1.62050496546097,-28.0121662240991,-5.59596195932437
-1.62759536269875,-11.8345792067477,2.82025990867247
-4.0618980095091,-7.28814529105026,0.604722665003955
0.813797681349374,-5.35242708191021,1.2364817766693
-0.799616886873824,-0.833526910201223,-0.152703644666139
0,0,0

StrokePoints: 15
0,0,0
0.813797681349374,-0.296198132726024,0.5
0.813797681349374,-0.296198132726024,0.5
1.62759536269875,-4.73917012361638,8
3.2551907253975,-8.88594398178072,15
3.2551907253975,-13.6251141053971,23
3.2551907253975,-13.6251141053971,23
1.66304734888762,-23.4689076150279,24.7993153756717
-4.84733410190737,-54.1193232896727,22.8770015940142
-6.46783906736834,-82.1314895137718,17.2810396346899
-8.09543443006709,-93.9660687205195,20.1012995433623
-12.1573324395762,-101.25421401157,20.7060222083663
-11.3435347582268,-106.60664109348,21.9425039850356
-12.1431516451006,-107.440168003681,21.7898003403695
-12.1431516451006,-107.440168003681,21.7898003403695

Velocities: 14
0,0,0
0,0,0
0,0,0
0,0,0
0,0,0
0,0,0
-12,-7,0
-12,-12,-11
-12,-11,-11
-11,-11,0
-8,-7,0
-5,-5,0
-2,0,0
0,0,0

InverseVelocities: 14
0,0,0
0,0,0
0,0,0
0,0,0
0,0,0
0,0,0
0,0,0
0,0,0
0,0,0
0,0,0
0,0,0
0,0,0
0,0,0
0,0,0
