GestureName: swipe_back
Duration(ms): 470
Handedness: right

SpeakerAngles: 6
55
-55
0
0
110
-110

SpeakerElevations: 6
-10
-10
-10
0
30
30

InterpretedPoints: 10
0.806707284111599,-7.05661455797545,0.0418890660015821
0.00709039723777516,-5.90533371516446,-0.284462756331488
-2.43430264681035,-8.66860089040105,-1.91622186799684
-0.820888078587148,-10.2805872228266,-3.87433280199525
-3.26937151987305,-20.5499136644859,-1.70068462432832
10.5297370768774,-0.881921347031429,-7.08987004566377
2.38466986614592,-3.03790950807887,-1.11081457866456
-5.68240297497007,-4.16763455100612,-0.763518223330696
0.813797681349374,0.888594398178072,-1.5
0,0,0

StrokePoints: 11
0,0,0
0.806707284111599,-7.05661455797545,0.0418890660015821
0.813797681349374,-12.9619482731399,-0.242573690329905
-1.62050496546097,-21.630549163541,-2.15879555832674
-2.44139304404812,-31.9111363863676,-6.03312836032199
-5.71076456392117,-52.4610500508535,-7.73381298465032
4.81897251295627,-53.3429713978849,-14.8236830303141
7.20364237910219,-56.3808809059638,-15.9344976089786
1.52123940413212,-60.5485154569699,-16.6980158323093
2.3350370854815,-59.6599210587918,-18.1980158323093
2.3350370854815,-59.6599210587918,-18.1980158323093

Velocities: 10
-1,-2,-3
-3,-2,-2
-5,-4,-3
-7,-8,-3
-4,-6,-9
-2,-9,0
0,-8,0
-6,-4,0
0,0,0
0,0,0

InverseVelocities: 10
0,0,0
0,0,0
0,0,0
0,0,0
0,0,0
0,0,0
0,0,0
0,0,0
0,0,0
0,0,0
