GestureName: swipe_back
Duration(ms): 470
Handedness: right

SpeakerAngles: 6
55
-55
0
0
110
-110

SpeakerElevations: 6
-10
-10
-10
0
30
30

InterpretedPoints: 10
1.6134145682232,-2.25945008585449,0.694592710667721
2.45557383852367,-5.93286745915289,0.541889066001582
6.51747184803277,-14.9192222821637,-0.895277334996045
6.52456224527054,-18.3024194668407,-0.700684624328323
3.24810032815972,-30.0520414650881,-3.7696101369913
3.25519072539749,-28.0612557679712,-4.79055466999209
-5.68949337220784,-7.82547406852546,-0.0479809796621837
-4.05480761227132,-7.01948090231266,0.931074487337025
1.6134145682232,-1.12972504292725,0.347296355333861
0,0,0

StrokePoints: 11
0,0,0
1.6134145682232,-2.25945008585449,0.694592710667721
4.06898840674687,-8.19231754500738,1.2364817766693
10.5864602547796,-23.1115398271711,0.341204441673259
17.1110225000502,-41.4139592940118,-0.359480182655064
20.3591228282099,-71.4660007591,-4.12909031964636
23.6143135536074,-99.5272565270712,-8.91964498963845
17.9248201813995,-107.352730595597,-8.96762596930063
13.8700125691282,-114.372211497909,-8.03655148196361
15.4834271373514,-115.501936540837,-7.68925512662975
15.4834271373514,-115.501936540837,-7.68925512662975

Velocities: 10
-1,-3,0
-3,-1,-2
-5,-4,-6
-7,-5,-7
-10,-11,-12
-9,-9,-12
-9,-8,0
-8,-6,0
0,-2,0
0,0,0

InverseVelocities: 10
0,0,0
0,0,0
0,0,0
0,0,0
0,0,0
0,0,0
0,0,0
0,0,0
0,0,0
0,0,0
