GestureName: swipe_front
Duration(ms): 423
Handedness: right

SpeakerAngles: 6
55
-55
0
0
110
-110

SpeakerElevations: 6
-10
-10
-10
0
30
30

InterpretedPoints: 9
0.0141807944755501,0.537328777475199,0.652703644666139
2.44139304404812,-0.888594398178072,1.5
2.44139304404812,-0.888594398178072,1.5
2.44139304404812,6.42708463686061,0.068925512662975
-0.827978475824923,15.4290173156505,2.37433280199525
2.43430264681035,11.5084913534982,1.91622186799684
2.4201218523348,10.1160798659381,1.08987004566377
0,3.65186157341465,0.131759111665348
0,0,0

StrokePoints: 10
0,0,0
0.0141807944755501,0.537328777475199,0.652703644666139
2.45557383852367,-0.351265620702872,2.15270364466614
4.89696688257179,-1.23986001888094,3.65270364466614
7.33835992661991,5.18722461797967,3.72162915732911
6.51038145079499,20.6162419336301,6.09596195932437
8.94468409760534,32.1247332871284,8.0121838273212
11.3648059499401,42.2408131530664,9.10205387298497
11.3648059499401,45.8926747264811,9.23381298465032
11.3648059499401,45.8926747264811,9.23381298465032

Velocities: 9
0,2,0
0,0,0
0,0,0
7,7,0
7,5,6
4,3,5
5,2,4
2,2,1
0,0,0

InverseVelocities: 9
0,0,0
0,0,0
0,0,0
0,0,0
0,0,0
0,0,0
0,0,0
0,0,0
0,0,0
