GestureName: swipe_up
Duration(ms): 423
Handedness: right

SpeakerAngles: 6
55
-55
0
0
110
-110

SpeakerElevations: 6
-10
-10
-10
0
30
30

InterpretedPoints: 9
-1.62759536269875,0.592396265452048,-1
-0.806707284111599,-18.6596630316483,2.29931537567168
-11.3648059499401,-26.9985541012302,-1.79055466999209
0.835068873062699,-30.3482395978142,-3.2696101369913
0,-25.484051749507,-5.96420284765902
0,-23.5543114844716,-4.48514738065981
-1.62759536269875,-17.5024042447326,1.12566719800475
-1.62050496546097,-9.01986651110392,0.236481776669304
0,0,0

StrokePoints: 10
0,0,0
-1.62759536269875,0.592396265452048,-1
-2.43430264681035,-18.0672667661963,1.29931537567168
-13.7991085967505,-45.0658208674265,-0.491239294320412
-12.9640397236878,-75.4140604652406,-3.76084943131171
-12.9640397236878,-100.898112214748,-9.72505227897073
-12.9640397236878,-124.452423699219,-14.2101996596305
-14.5916350863865,-141.954827943952,-13.0845324616258
-16.2121400518475,-150.974694455056,-12.8480506849565
-16.2121400518475,-150.974694455056,-12.8480506849565

Velocities: 9
0,0,0
-7,-6,-6
-12,-8,-10
-12,-9,-12
-9,-9,-11
-8,-8,-10
-6,-6,-6
-4,-3,-3
0,0,0

InverseVelocities: 9
0,0,0
0,0,0
0,0,0
0,0,0
0,0,0
0,0,0
0,0,0
0,0,0
0,0,0
