GestureName: swipe_right
Duration(ms): 517
Handedness: right

SpeakerAngles: 6
55
-55
0
0
110
-110

SpeakerElevations: 6
-10
-10
-10
0
30
30

InterpretedPoints: 11
-0.806707284111599,0.564862521463623,-0.17364817766693
-3.2835523143486,-0.110134975953697,3.30540728933228
-15.4054327677359,5.77962088343171,2.72162915732911
-27.5911267962632,7.04701464630108,-1.75742630967009
-38.078321489714,0.296198132726024,-0.5
-9.72302979276584,-10.8149891397741,5.77837084267088
-3.23391953368417,-5.04955589803754,-7.85338826899446
-3.29773310882414,0.165202463930545,-4.95811093399842
-1.63468575993652,-1.28825445571115,-3.28446275633149
0.806707284111599,-1.69458756439087,0.520944533000791
0,0,0

StrokePoints: 12
0,0,0
-0.806707284111599,0.564862521463623,-0.17364817766693
-4.09025959846019,0.454727545509927,3.13175911166535
-19.4956923661961,6.23434842894164,5.85338826899446
-47.0868191624593,13.2813630752427,4.09596195932437
-85.1651406521733,13.5775612079687,3.59596195932437
-94.8881704449391,2.76257206819463,9.37433280199525
-98.1220899786233,-2.28698382984292,1.52094453300079
-101.419823087447,-2.12178136591237,-3.43716640099763
-103.054508847384,-3.41003582162352,-6.72162915732911
-102.247801563272,-5.10462338601439,-6.20068462432832
-102.247801563272,-5.10462338601439,-6.20068462432832

Velocities: 11
0,1,0
4,0,0
4,12,0
1,12,0
-12,12,0
-11,-5,0
-12,-9,0
0,-6,0
-3,-4,0
-1,-2,0
0,0,0

InverseVelocities: 11
0,0,0
0,0,0
0,0,0
-12,0,0
0,0,0
0,0,0
0,0,0
0,0,0
0,0,0
0,0,0
0,0,0
