GestureName: swipe_back
Duration(ms): 517
Handedness: right

SpeakerAngles: 6
55
-55
0
0
110
-110

SpeakerElevations: 6
-10
-10
-10
0
30
30

InterpretedPoints: 11
-0.806707284111599,-0.564862521463623,0.17364817766693
0.0212711917133254,-6.2350435359836,1.88918542133544
3.26228112263527,-11.5970705295682,1.41012995433623
-2.39885066062147,-19.4105887098843,-0.332443735993671
1.62759536269875,-16.7998730033269,-3.17974009132753
0,-3.1138376888975,-7.22162915732911
-0.021271191713325,-7.52927593579943,-0.547980979662184
10.5297370768774,0.192736207918969,-5.78446275633149
4.86860529362069,-2.686643887376,-3.2635182233307
2.4201218523348,-1.69458756439087,0.520944533000791
0,0,0

StrokePoints: 12
0,0,0
-0.806707284111599,-0.564862521463623,0.17364817766693
-0.785436092398273,-6.79990605744722,2.06283359900237
2.476845030237,-18.3969765870154,3.47296355333861
0.0779943696155256,-37.8075652968997,3.14051981734494
1.70558973231427,-54.6074383002265,-0.0392202739825964
1.70558973231427,-57.721275989124,-7.26084943131171
1.68431854060095,-65.2505519249235,-7.80883041097389
12.2140556174784,-65.0578157170045,-13.5932931673054
17.0826609110991,-67.7444596043805,-16.8568113906361
19.5027827634339,-69.4390471687714,-16.3358668576353
19.5027827634339,-69.4390471687714,-16.3358668576353

Velocities: 11
-1,0,0
-5,-2,-1
-4,-3,-4
-12,-6,-6
-8,-8,-6
-8,-8,0
-7,-10,0
0,-7,0
-4,-6,0
0,-3,0
0,0,0

InverseVelocities: 11
0,0,0
0,0,0
0,0,0
0,0,0
0,0,0
0,0,0
0,0,0
0,0,0
0,0,0
0,0,0
0,0,0
