GestureName: swipe_right
Duration(ms): 470
Handedness: right

SpeakerAngles: 6
55
-55
0
0
110
-110

SpeakerElevations: 6
-10
-10
-10
0
30
30

InterpretedPoints: 10
-4.03353642055799,2.82431260731812,-0.868240888334652
-14.577454291911,2.686643887376,3.2635182233307
-21.0523837565171,1.2331869677343,4.93716640099763
-13.7494758160861,-8.2593409211936,4.58377813200316
-4.90405727980957,2.74838442649949,-6.97905546699921
-8.07416323835376,-1.6603807692558,-8.89527733499604
-5.69658376944562,2.07338692908217,-3.5
4.05480761227132,-0.241130644749175,-1.15270364466614
-1.62050496546097,-1.39838943166485,0.0209445330007911
0,0,0

StrokePoints: 11
0,0,0
-4.03353642055799,2.82431260731812,-0.868240888334652
-18.610990712469,5.51095649469411,2.39527733499604
-39.6633744689861,6.74414346242842,7.33244373599367
-53.4128502850721,-1.51519745876518,11.9162218679968
-58.3169075648817,1.2331869677343,4.93716640099762
-66.3910708032355,-0.427193801521501,-3.95811093399842
-72.0876545726811,1.64619312756067,-7.45811093399842
-68.0328469604097,1.40506248281149,-8.61081457866456
-69.6533519258707,0.00667305114664396,-8.58987004566377
-69.6533519258707,0.00667305114664396,-8.58987004566377

Velocities: 10
0,5,0
0,10,0
-3,12,0
-12,0,0
0,-3,0
-12,-3,0
0,0,0
0,-2,0
-2,-1,0
0,0,0

InverseVelocities: 10
0,0,0
0,0,0
0,0,0
0,0,0
0,0,0
0,0,0
0,0,0
0,0,0
0,0,0
0,0,0
