GestureName: swipe_up
Duration(ms): 658
Handedness: right

SpeakerAngles: 6
55
-55
0
0
110
-110

SpeakerElevations: 6
-10
-10
-10
0
30
30

InterpretedPoints: 14
-0.813797681349374,-0.296198132726024,0.5
-1.62759536269875,-2.36958506180819,4
0,-3.55437759271229,6
1.62759536269875,-6.51635891997253,11
3.25519072539749,-5.92396265452048,10
-2.37048907167037,-19.8384776184477,3.45201902033782
-7.32417913214436,-29.8168887644436,-1.7696101369913
-0.806707284111598,-29.7007758443853,-5.92231378165744
-1.62050496546097,-24.3603046506844,-5.46420284765902
0,-20.1770922438993,-3.83244373599367
0,-5.59355772665939,0.0837781320031642
-4.04062681779577,-0.778459422224374,-1.80540728933228
-1.6134145682232,-0.537328777475199,-0.652703644666139
0,0,0

StrokePoints: 15
0,0,0
-0.813797681349374,-0.296198132726024,0.5
-2.44139304404812,-2.66578319453421,4.5
-2.44139304404812,-6.2201607872465,10.5
-0.813797681349375,-12.736519707219,21.5
2.44139304404812,-18.6604823617395,31.5
0.0709039723777498,-38.4989599801872,34.9520190203378
-7.25327515976661,-68.3158487446309,33.1824088833465
-8.05998244387821,-98.0166245890161,27.2600951016891
-9.68048740933918,-122.376929239701,21.7958922540301
-9.68048740933918,-142.5540214836,17.9634485180364
-9.68048740933918,-148.147579210259,18.0472266500396
-13.721114227135,-148.926038632484,16.2418193607073
-15.3345287953581,-149.463367409959,15.5891157160411
-15.3345287953581,-149.463367409959,15.5891157160411

Velocities: 14
0,0,0
0,0,0
0,0,0
0,0,0
0,0,0
-10,0,-7
-11,-11,-11
-12,-11,-12
-10,-9,-10
-8,-8,-8
-6,-6,0
-4,0,0
-2,0,0
0,0,0

InverseVelocities: 14
0,0,0
0,0,0
0,0,0
0,0,0
0,0,0
0,0,0
0,0,0
0,0,0
0,0,0
0,0,0
0,0,0
0,0,0
0,0,0
0,0,0
