GestureName: swipe_up
Duration(ms): 517
Handedness: right

SpeakerAngles: 6
55
-55
0
0
110
-110

SpeakerElevations: 6
-10
-10
-10
0
30
30

InterpretedPoints: 11
-0.813797681349374,-1.48099066363012,2.5
1.62050496546097,-2.10092067307059,4.32635182233307
0.813797681349374,-2.07338692908217,3.5
-4.04062681779577,-19.520723685838,2.97296355333861
-1.6134145682232,-8.98273285544113,1.12566719800475
-1.6134145682232,-32.8004258915876,3.20944533000791
-0.813797681349374,-7.61187716776471,1.93107448733702
-6.50329105355722,-6.39955089287219,-0.895277334996045
-1.62050496546097,-3.65783951751934,0.715537243668512
-1.6134145682232,-1.12972504292725,0.347296355333861
0,0,0

StrokePoints: 12
0,0,0
-0.813797681349374,-1.48099066363012,2.5
0.806707284111599,-3.58191133670071,6.82635182233307
1.62050496546097,-5.65529826578288,10.3263518223331
-2.4201218523348,-25.1760219516208,13.2993153756717
-4.03353642055799,-34.158754807062,14.4249825736764
-5.64695098878119,-66.9591806986496,17.6344279036843
-6.46074867013056,-74.5710578664143,19.5655023910214
-12.9640397236878,-80.9706087592865,18.6702250560253
-14.5845446891488,-84.6284482768058,19.3857622996938
-16.197959257372,-85.7581733197331,19.7330586550277
-16.197959257372,-85.7581733197331,19.7330586550277

Velocities: 11
0,0,0
1,0,0
0,0,0
-9,-5,-6
-10,-8,0
-10,-8,-12
-7,-7,0
-8,-7,0
-4,-3,0
-2,0,0
0,0,0

InverseVelocities: 11
0,0,0
0,0,0
0,0,0
0,0,0
0,0,0
0,0,0
0,0,0
0,0,0
0,0,0
0,0,0
0,0,0
