GestureName: swipe_left
Duration(ms): 705
Handedness: right

SpeakerAngles: 6
55
-55
0
0
110
-110

SpeakerElevations: 6
-10
-10
-10
0
30
30

InterpretedPoints: 15
-0.806707284111599,0.564862521463623,-0.17364817766693
0.0141807944755503,1.66705382040245,0.305407289332279
-0.778345695160499,0.454727545509927,3.13175911166535
8.13797681349374,-4.14677385816433,7
7.32417913214436,-4.44297199089036,7.5
7.32417913214436,17.3899132922439,5.58987004566377
17.8184642228329,2.63157639939915,4.91622186799683
32.4100993092194,1.0746575549504,1.30540728933228
31.6033920251079,-8.77873586635474,1.38918542133544
21.0736549482304,-5.00116146120734,-0.916221867996835
10.5651890630663,0.94366188615492,-3.15270364466614
0,0,0
0,0,0
1.6134145682232,-1.12972504292725,0.347296355333861
0,0,0

StrokePoints: 16
0,0,0
-0.806707284111599,0.564862521463623,-0.17364817766693
-0.792526489636048,2.23191634186607,0.131759111665348
-1.57087218479655,2.686643887376,3.2635182233307
6.56710462869719,-1.46012997078834,10.2635182233307
13.8912837608416,-5.9031019616787,17.7635182233307
21.2154628929859,11.4868113305652,23.3533882689945
39.0339271158188,14.1183877299644,28.2696101369913
71.4440264250383,15.1930452849148,29.5750174263236
103.047418450146,6.41430941856004,30.964202847659
124.121073398377,1.4131479573527,30.0479809796622
134.686262461443,2.35680984350762,26.895277334996
134.686262461443,2.35680984350762,26.895277334996
134.686262461443,2.35680984350762,26.895277334996
136.299677029666,1.22708480058038,27.2425736903299
136.299677029666,1.22708480058038,27.2425736903299

Velocities: 15
0,1,0
1,3,0
0,5,0
0,0,0
0,0,0
0,0,11
12,0,0
12,-8,0
7,-12,-3
0,-12,0
0,-2,0
0,0,0
0,0,0
0,-2,0
0,0,0

InverseVelocities: 15
0,0,0
0,0,0
0,0,0
0,0,0
0,0,0
0,0,0
0,0,0
0,0,0
-2,0,0
0,0,0
0,0,0
0,0,0
0,0,0
0,0,0
0,0,0
