GestureName: swipe_down
Duration(ms): 611
Handedness: right

SpeakerAngles: 6
55
-55
0
0
110
-110

SpeakerElevations: 6
-10
-10
-10
0
30
30

InterpretedPoints: 13
-2.43430264681035,2.23191634186607,0.131759111665348
-2.4201218523348,1.58445258843717,2.78446275633149
4.86860529362069,4.94609397323049,2.56892551266297
3.24810032815972,26.1925609350174,0.81149920299288
-6.51038145079499,31.5054983847298,2.09596195932437
6.48911025908166,30.0520414650881,3.7696101369913
-1.63468575993652,34.1437478352756,-1.57768621834256
-4.06189800950909,32.1804958821472,-1.38309350767484
-0.799616886873823,27.1726613697932,6.29055466999209
0.813797681349373,3.85057572543831,-6.5
0,0,0
-4.88278608809624,1.77718879635614,-3
0,0,0

StrokePoints: 14
0,0,0
-2.43430264681035,2.23191634186607,0.131759111665348
-4.85442449914514,3.81636893030324,2.91622186799684
0.0141807944755499,8.76246290353373,5.48514738065981
3.26228112263527,34.9550238385511,6.29664658365269
-3.24810032815972,66.460522223281,8.39260854297706
3.24100993092194,96.5125636883691,12.1622186799684
1.60632417098542,130.656311523645,10.5845324616258
-2.45557383852367,162.836807405792,9.20143895395095
-3.2551907253975,190.009468775585,15.491993623943
-2.44139304404812,193.860044501023,8.99199362394304
-2.44139304404812,193.860044501023,8.99199362394304
-7.32417913214437,195.63723329738,5.99199362394304
-7.32417913214437,195.63723329738,5.99199362394304

Velocities: 13
2,3,0
2,5,0
8,6,0
9,8,10
11,11,12
12,9,12
12,11,12
9,10,12
8,10,12
0,0,0
0,0,0
0,0,0
0,0,0

InverseVelocities: 13
0,0,0
0,0,0
0,0,0
0,0,0
0,0,0
0,0,0
0,0,0
0,0,0
0,0,0
0,0,0
0,0,0
0,0,0
0,0,0
