GestureName: swipe_front
Duration(ms): 470
Handedness: right

SpeakerAngles: 6
55
-55
0
0
110
-110

SpeakerElevations: 6
-10
-10
-10
0
30
30

InterpretedPoints: 10
4.03353642055799,2.82431260731812,-0.868240888334652
12.9711301209256,1.28825445571115,3.28446275633149
8.06707284111599,5.64862521463624,-1.7364817766693
6.50329105355722,24.2077531820052,0.98514738065981
-3.24810032815972,19.5787180343425,5.67974009132753
1.6134145682232,1.12972504292725,-0.347296355333861
1.62050496546097,11.2122932207722,2.41622186799684
-0.820888078587149,12.1008876189503,0.916221867996836
-2.42721224957257,2.81833466321343,-0.0209445330007911
0,0,0

StrokePoints: 11
0,0,0
4.03353642055799,2.82431260731812,-0.868240888334652
17.0046665414835,4.11256706302927,2.41622186799684
25.0717393825995,9.7611922776655,0.679740091327532
31.5750304361568,33.9689454596707,1.66488747198734
28.326930107997,53.5476634940132,7.34462756331487
29.9403446762202,54.6773885369405,6.99733120798101
31.5608496416812,65.8896817577127,9.41355307597785
30.7399615630941,77.9905693766629,10.3297749439747
28.3127493135215,80.8089040398764,10.3088304109739
28.3127493135215,80.8089040398764,10.3088304109739

Velocities: 10
5,0,0
7,0,0
10,0,0
9,8,9
6,7,9
2,0,0
4,3,5
4,3,5
0,2,1
0,0,0

InverseVelocities: 10
0,0,0
0,0,0
0,0,0
0,0,0
0,0,0
0,0,0
0,0,0
0,0,0
0,0,0
0,0,0
