GestureName: swipe_down
Duration(ms): 705
Handedness: right

SpeakerAngles: 6
55
-55
0
0
110
-110

SpeakerElevations: 6
-10
-10
-10
0
30
30

InterpretedPoints: 15
-0.806707284111599,2.54967027447583,-0.347296355333861
-2.42721224957257,4.74807492824879,1.45811093399842
0.820888078587149,4.43629893974372,1.08987004566377
6.50329105355722,4.08503331904084,3.2425736903299
-2.43430264681035,28.0337220239828,5.61690649232516
0.806707284111599,4.75335776531152,8.35338826899446
7.31708873490659,32.0703609061935,1.92231378165744
1.6134145682232,33.875083446538,-1.90403804067563
-2.44139304404812,8.1492059452399,-1.27837084267089
12.2353268091917,8.2593409211936,-4.58377813200316
4.04062681779577,2.18352190503586,-6.80540728933228
2.41303145509702,0.998729374131768,-4.80540728933228
0,0,0
0.813797681349374,0.296198132726024,-0.5
0,0,0

StrokePoints: 16
0,0,0
-0.806707284111599,2.54967027447583,-0.347296355333861
-3.23391953368417,7.29774520272462,1.11081457866456
-2.41303145509702,11.7340441424683,2.20068462432832
4.09025959846019,15.8190774615092,5.44325831465823
1.65595695164985,43.852799485492,11.0601648069834
2.46266423576145,48.6061572508035,19.4135530759778
9.77975297066804,80.676518156997,21.3358668576353
11.3931675388912,114.551601603535,19.4318288169597
8.95177449484311,122.700807548775,18.1534579742888
21.1871013040348,130.960148469969,13.5696798422856
25.2277281218306,133.143670375004,6.76427255295332
27.6407595769276,134.142399749136,1.95886526362105
27.6407595769276,134.142399749136,1.95886526362105
28.454557258277,134.438597881862,1.45886526362105
28.454557258277,134.438597881862,1.45886526362105

Velocities: 15
0,1,1
1,3,2
5,6,0
7,6,0
9,10,12
11,10,0
12,11,12
12,10,12
8,8,0
4,8,0
0,-4,0
0,-4,0
0,0,0
0,0,0
0,0,0

InverseVelocities: 15
0,0,0
0,0,0
0,0,0
0,0,0
0,0,0
0,0,0
0,0,0
0,0,0
0,0,0
0,0,0
0,0,0
0,0,0
0,0,0
0,0,0
0,0,0
