GestureName: swipe_left
Duration(ms): 611
Handedness: right

SpeakerAngles: 6
55
-55
0
0
110
-110

SpeakerElevations: 6
-10
-10
-10
0
30
30

InterpretedPoints: 13
0.00709039723777505,-0.323731876714448,1.32635182233307
0.00709039723777527,1.93571820914005,0.631759111665348
1.6417761571743,-0.110134975953697,3.30540728933228
1.66304734888762,-0.433866852668145,4.63175911166535
6.52456224527054,17.9607537578122,4.56892551266297
6.44656787565502,22.6508343375565,-2.62566719800475
18.6464426986578,13.4992770506151,0.895277334996045
22.6941599136914,0.531350833370513,1.5
22.6799791192158,-7.35281269070147,0.541889066001582
15.3983423704981,-11.8382011743173,0.257426309670094
14.5916350863865,-2.74171137535284,-1.61081457866456
6.45365827289279,-4.51890017170899,1.38918542133544
0,0,0

StrokePoints: 14
0,0,0
0.00709039723777505,-0.323731876714448,1.32635182233307
0.0141807944755503,1.6119863324256,1.95811093399842
1.65595695164985,1.5018513564719,5.2635182233307
3.31900430053747,1.06798450380376,9.89527733499604
9.84356654580801,19.028738261616,14.464202847659
16.290134421463,41.6795725991725,11.8385356496543
34.9365771201209,55.1788496497876,12.7338129846503
57.6307370338123,55.7102004831581,14.2338129846503
80.3107161530281,48.3573877924566,14.7757020506519
95.7090585235262,36.5191866181393,15.033128360322
110.300693609913,33.7774752427864,13.4223137816574
116.754351882806,29.2585750710774,14.8114992029929
116.754351882806,29.2585750710774,14.8114992029929

Velocities: 13
0,1,0
2,3,0
1,3,0
0,5,0
1,3,10
9,0,9
10,0,5
6,-7,1
6,-9,-3
0,-9,-4
0,-8,0
0,-8,0
0,0,0

InverseVelocities: 13
0,0,0
0,0,0
0,0,0
0,0,0
0,0,0
0,0,0
0,0,0
0,0,0
-2,0,0
0,0,0
0,0,0
0,0,0
0,0,0
