GestureName: swipe_right
Duration(ms): 470
Handedness: right

SpeakerAngles: 6
55
-55
0
0
110
-110

SpeakerElevations: 6
-10
-10
-10
0
30
30

InterpretedPoints: 10
-0.806707284111599,0.564862521463623,-0.17364817766693
-7.28163674871771,4.76003081645816,-0.236481776669303
-8.05998244387821,7.04701464630108,-1.75742630967009
-38.8921191710633,0,0
-15.3841615760226,-8.58307279790805,5.91012995433623
-5.72494535839672,-0.186063156772327,-2.80540728933228
3.25519072539749,5.92396265452048,-10
6.49620065631944,0.647463753428896,-2.65270364466614
0.806707284111599,-0.564862521463623,0.17364817766693
0,0,0

StrokePoints: 11
0,0,0
-0.806707284111599,0.564862521463623,-0.17364817766693
-8.08834403282931,5.32489333792179,-0.410129954336234
-16.1483264767075,12.3719079842229,-2.16755626400633
-55.0404456477709,12.3719079842229,-2.16755626400633
-70.4246072237934,3.78883518631482,3.7425736903299
-76.1495525821902,3.60277202954249,0.937166400997627
-72.8943618567927,9.52673468406297,-9.06283359900237
-66.3981612004732,10.1741984374919,-11.7155372436685
-65.5914539163616,9.60933591602824,-11.5418890660016
-65.5914539163616,9.60933591602824,-11.5418890660016

Velocities: 10
0,1,0
2,8,0
1,12,0
-12,12,0
-11,0,0
0,-4,0
0,0,0
0,-2,0
0,-1,0
0,0,0

InverseVelocities: 10
0,0,0
0,0,0
0,0,0
0,0,0
0,0,0
0,0,0
0,0,0
0,0,0
0,0,0
0,0,0
