GestureName: swipe_back
Duration(ms): 376
Handedness: right

SpeakerAngles: 6
55
-55
0
0
110
-110

SpeakerElevations: 6
-10
-10
-10
0
30
30

InterpretedPoints: 8
0.813797681349374,-2.28100588573823,0.67364817766693
5.68949337220784,-5.07180680496324,-0.131759111665348
6.49620065631944,-15.5175964917204,0.952019020337816
3.23391953368417,-22.9678931631243,-4.63785102532595
4.87569569085847,-8.12167220125148,0.452019020337816
0.79252648963605,-7.17801031509656,-2.70068462432832
6.45365827289279,-4.51890017170899,1.38918542133544
0,0,0

StrokePoints: 9
0,0,0
0.813797681349374,-2.28100588573823,0.67364817766693
6.50329105355722,-7.35281269070147,0.541889066001582
12.9994917098767,-22.8704091824219,1.4939080863394
16.2334112435608,-45.8383023455462,-3.14394293898655
21.1091069344193,-53.9599745467976,-2.69192391864873
21.9016334240553,-61.1379848618942,-5.39260854297706
28.3552916969481,-65.6568850336032,-4.00342312164161
28.3552916969481,-65.6568850336032,-4.00342312164161

Velocities: 8
0,0,-1
-1,-2,-2
-5,-7,-5
-8,-11,-9
-8,-9,0
-8,-11,0
0,-8,0
0,0,0

InverseVelocities: 8
0,0,0
0,0,0
0,0,0
0,0,0
0,0,0
0,0,0
0,0,0
0,0,0
