GestureName: swipe_front
Duration(ms): 470
Handedness: right

SpeakerAngles: 6
55
-55
0
0
110
-110

SpeakerElevations: 6
-10
-10
-10
0
30
30

InterpretedPoints: 10
0.813797681349374,-0.296198132726024,0.5
3.2551907253975,-1.1847925309041,2
10.5226466796397,3.03790950807887,1.11081457866456
17.0259377331969,1.52938510046033,4.43716640099763
11.3789867444157,30.4308408297794,0.79055466999209
4.86151489638292,24.4153721386613,3.81149920299288
3.24810032815972,19.0413892568673,5.02703644666139
-1.6134145682232,9.55121734447443,1.2635182233307
-2.42721224957257,2.81833466321343,-0.0209445330007911
0,0,0

StrokePoints: 11
0,0,0
0.813797681349374,-0.296198132726024,0.5
4.06898840674687,-1.48099066363012,2.5
14.5916350863865,1.55691884444875,3.61081457866456
31.6175728195834,3.08630394490907,8.04798097966218
42.9965595639991,33.5171447746885,8.83853564965427
47.858074460382,57.9325169133498,12.6500348526472
51.1061747885417,76.9739061702171,17.6770712993085
49.4927602203185,86.5251235146915,18.9405895226392
47.065547970746,89.343458177905,18.9196449896384
47.065547970746,89.343458177905,18.9196449896384

Velocities: 10
0,0,0
0,0,0
8,0,0
9,0,0
10,8,12
10,7,10
6,5,9
2,4,4
0,2,1
0,0,0

InverseVelocities: 10
0,0,0
0,0,0
0,0,0
0,0,0
0,0,0
0,0,0
0,0,0
0,0,0
0,0,0
0,0,0
