GestureName: swipe_right
Duration(ms): 564
Handedness: right

SpeakerAngles: 6
55
-55
0
0
110
-110

SpeakerElevations: 6
-10
-10
-10
0
30
30

InterpretedPoints: 12
-2.4201218523348,1.69458756439087,-0.520944533000791
-8.08125363559154,3.92650390625694,-0.389185421335443
-5.63986059154342,4.22270203898296,-0.889185421335443
-18.6322619041823,2.92777453212517,4.41622186799684
-12.100609261674,17.8230850378701,8.70068462432832
-34.837311558792,-0.241130644749176,-1.15270364466614
-21.0736549482304,-6.18595399211144,1.08377813200316
0,2.36958506180819,-4
-8.13797681349374,4.14677385816433,-7
-2.44139304404812,-1.79804948919793,-4.7635182233307
0.806707284111599,-0.564862521463623,0.17364817766693
0,0,0

StrokePoints: 13
0,0,0
-2.4201218523348,1.69458756439087,-0.520944533000791
-10.5013754879263,5.62109147064781,-0.910129954336234
-16.1412360794697,9.84379350963077,-1.79931537567168
-34.773497983652,12.7715680417559,2.61690649232516
-46.874107245326,30.5946530796261,11.3175911166535
-81.711418804118,30.3535224348769,10.1648874719873
-102.785073752348,24.1675684427655,11.2486656039905
-102.785073752348,26.5371535045736,7.24866560399051
-110.923050565842,30.683927362738,0.248665603990507
-113.36444360989,28.8858778735401,-4.51485261934019
-112.557736325779,28.3210153520764,-4.34120444167326
-112.557736325779,28.3210153520764,-4.34120444167326

Velocities: 12
0,3,0
0,8,0
0,8,0
0,12,0
-3,12,10
-12,10,0
-12,0,0
0,0,0
0,0,0
-5,-5,0
0,-1,0
0,0,0

InverseVelocities: 12
0,0,0
0,0,0
0,0,0
0,0,0
0,0,0
0,0,0
0,0,0
0,0,0
0,0,0
0,0,0
0,0,0
0,0,0
