GestureName: swipe_back
Duration(ms): 423
Handedness: right

SpeakerAngles: 6
55
-55
0
0
110
-110

SpeakerElevations: 6
-10
-10
-10
0
30
30

InterpretedPoints: 9
-0.799616886873823,-3.94805970614068,0.368240888334652
2.40594105785925,-4.97362771721891,-1.74257369032991
-0.806707284111599,-22.7267625183751,-3.48514738065981
-2.44139304404812,-29.0168735423355,0.0567416853417713
-0.8067072841116,-33.3102209250744,1.7303898630087
-6.51038145079499,2.36958506180819,-4
-5.69658376944562,2.07338692908217,-3.5
0.813797681349374,0.296198132726024,-0.5
0,0,0

StrokePoints: 10
0,0,0
-0.799616886873823,-3.94805970614068,0.368240888334652
1.60632417098542,-8.92168742335959,-1.37433280199525
0.799616886873824,-31.6484499417347,-4.85948018265506
-1.6417761571743,-60.6653234840702,-4.80273849731329
-2.4484834412859,-93.9755444091446,-3.07234863430459
-8.95886489208089,-91.6059593473364,-7.07234863430459
-14.6554486615265,-89.5325724182543,-10.5723486343046
-13.8416509801771,-89.2363742855282,-11.0723486343046
-13.8416509801771,-89.2363742855282,-11.0723486343046

Velocities: 9
-3,-1,-1
-4,-9,0
-9,-8,-9
-11,-11,-10
-11,-10,-12
0,0,0
0,0,0
0,0,0
0,0,0

InverseVelocities: 9
0,0,0
0,0,0
0,0,0
0,0,0
0,0,0
0,0,0
0,0,0
0,0,0
0,0,0
