GestureName: swipe_front
Duration(ms): 423
Handedness: right

SpeakerAngles: 6
55
-55
0
0
110
-110

SpeakerElevations: 6
-10
-10
-10
0
30
30

InterpretedPoints: 9
-0.806707284111599,0.564862521463623,-0.17364817766693
-4.05480761227132,-1.53605815160697,4.15270364466614
7.28872714595549,1.63952007641402,1.13175911166535
4.0618980095091,7.28814529105026,-0.604722665003955
3.2835523143486,15.9879018930094,3.04798097966218
9.72302979276583,24.83728310312,0.874332801995254
4.02644602332022,13.9695824519041,4.89527733499604
-1.63468575993652,-0.323731876714448,1.32635182233307
0,0,0

StrokePoints: 10
0,0,0
-0.806707284111599,0.564862521463623,-0.17364817766693
-4.86151489638292,-0.971195630143345,3.97905546699921
2.42721224957257,0.668324446270678,5.11081457866456
6.48911025908167,7.95646973732094,4.5060919136606
9.77266257343026,23.9443716303303,7.55407289332279
19.4956923661961,48.7816547334504,8.42840569531804
23.5221383895163,62.7512371853545,13.3236830303141
21.8874526295798,62.42750530864,14.6500348526472
21.8874526295798,62.42750530864,14.6500348526472

Velocities: 9
0,1,0
0,2,0
5,0,0
8,7,0
3,7,7
6,0,12
7,1,7
1,0,0
0,0,0

InverseVelocities: 9
0,0,0
0,0,0
0,0,0
0,0,0
0,0,0
0,0,0
0,0,0
0,0,0
0,0,0
