GestureName: swipe_up
Duration(ms): 752
Handedness: right

SpeakerAngles: 6
55
-55
0
0
110
-110

SpeakerElevations: 6
-10
-10
-10
0
30
30

InterpretedPoints: 16
0.813797681349374,-0.296198132726024,0.5
3.2551907253975,-1.1847925309041,2
0,-4.14677385816433,7
0,0,0
-6.47492946460611,-3.39584817992838,9.63175911166535
-2.44139304404812,-2.07338692908217,3.5
0.0141807944755505,-27.7130412308453,4.20944533000791
-6.51038145079499,-32.6352234276571,-1.74866560399051
0,-30.2656383658489,-5.74866560399051
-7.31708873490659,-26.1159376471568,-2.44325831465823
-2.42721224957257,-26.4947370118481,0.53579715234098
-5.64695098878119,-3.95403765024536,1.21553724366851
-4.03353642055799,-2.82431260731812,0.868240888334652
-3.23391953368417,-1.39838943166485,0.0209445330007911
-1.6134145682232,-1.12972504292725,0.347296355333861
0,0,0

StrokePoints: 17
0,0,0
0.813797681349374,-0.296198132726024,0.5
4.06898840674687,-1.48099066363012,2.5
4.06898840674687,-5.62776452179445,9.5
4.06898840674687,-5.62776452179445,9.5
-2.40594105785924,-9.02361270172284,19.1317591116653
-4.84733410190737,-11.096999630805,22.6317591116653
-4.83315330743182,-38.8100408616503,26.8412044416733
-11.3435347582268,-71.4452642893074,25.0925388376827
-11.3435347582268,-101.710902655156,19.3438732336922
-18.6606234931334,-127.826840302313,16.900614919034
-21.087835742706,-154.321577314161,17.436412071375
-26.7347867314872,-158.275614964407,18.6519493150435
-30.7683231520451,-161.099927571725,19.5201902033782
-34.0022426857293,-162.49831700339,19.5411347363789
-35.6156572539525,-163.628042046317,19.8884310917128
-35.6156572539525,-163.628042046317,19.8884310917128

Velocities: 16
0,0,0
0,0,0
0,0,0
0,0,0
0,5,0
0,0,0
-12,-10,-8
-12,-12,-12
-12,-12,-12
-12,-11,-9
-11,-9,-9
-7,0,0
-5,0,0
-3,0,0
-2,0,0
0,0,0

InverseVelocities: 16
0,0,0
0,0,0
0,0,0
0,0,0
0,0,0
0,0,0
0,0,0
0,0,0
0,0,0
0,0,0
0,0,0
0,0,0
0,0,0
0,0,0
0,0,0
0,0,0
