GestureName: swipe_down
Duration(ms): 611
Handedness: right

SpeakerAngles: 6
55
-55
0
0
110
-110

SpeakerElevations: 6
-10
-10
-10
0
30
30

InterpretedPoints: 13
-0.806707284111599,0.564862521463623,-0.17364817766693
-1.62050496546097,11.5970705295682,-1.41012995433623
7.30999833766881,23.6979581485184,-0.493908086339398
0.00709039723777405,28.4520110208719,0.116906492325159
0.813797681349373,34.1162140912872,-0.751334396009493
0.813797681349374,32.723802603727,-1.57768621834256
1.6134145682232,12.4269754721997,-3.82025990867247
12.2069652202406,0.296198132726024,-0.5
0.813797681349373,5.62776452179445,-9.5
-0.813797681349374,4.44297199089036,-7.5
3.23391953368417,0.378799364691296,-2.97905546699921
-0.813797681349374,0.296198132726024,-0.5
0,0,0

StrokePoints: 14
0,0,0
-0.806707284111599,0.564862521463623,-0.17364817766693
-2.42721224957257,12.1619330510318,-1.58377813200316
4.88278608809624,35.8598911995502,-2.07768621834256
4.88987648533402,64.3119022204221,-1.9607797260174
5.70367416668339,98.4281163117093,-2.7121141220269
6.51747184803276,131.151918915436,-4.28980034036946
8.13088641625596,143.578894387636,-8.11006024904193
20.3378516364966,143.875092520362,-8.61006024904193
21.1516493178459,149.502857042157,-18.1100602490419
20.3378516364966,153.945829033047,-25.6100602490419
23.5717711701807,154.324628397738,-28.5891157160411
22.7579734888314,154.620826530464,-29.0891157160411
22.7579734888314,154.620826530464,-29.0891157160411

Velocities: 13
0,1,0
3,4,4
8,6,9
10,11,10
12,12,12
12,12,11
12,10,0
0,0,0
0,0,0
0,0,0
0,-3,0
0,0,0
0,0,0

InverseVelocities: 13
0,0,0
0,0,0
0,0,0
0,0,0
0,0,0
0,0,0
0,0,0
0,0,0
0,0,0
0,0,0
0,0,0
0,0,0
0,0,0
