GestureName: swipe_back
Duration(ms): 470
Handedness: right

SpeakerAngles: 6
55
-55
0
0
110
-110

SpeakerElevations: 6
-10
-10
-10
0
30
30

InterpretedPoints: 10
0.00709039723777505,-0.2686643887376,-0.32635182233307
1.6417761571743,-2.25945008585449,0.694592710667721
2.45557383852367,-11.5695367855798,0.583778132003164
-2.44139304404812,-23.1606293710432,1.14661173100554
-7.30999833766881,-24.1802194380168,-1.81149920299288
-6.50329105355722,-5.69701965146644,-5.20068462432832
0.757074503447174,-2.44551324262682,-2.11081457866456
-3.2551907253975,1.1847925309041,-2
-1.62759536269875,0.592396265452048,-1
0,0,0

StrokePoints: 11
0,0,0
0.00709039723777505,-0.2686643887376,-0.32635182233307
1.64886655441207,-2.52811447459209,0.368240888334652
4.10444039293574,-14.0976512601718,0.952019020337816
1.66304734888762,-37.2582806312151,2.09863075134335
-5.64695098878119,-61.4385000692319,0.287131548350474
-12.1502420423384,-67.1355197206983,-4.91355307597785
-11.3931675388912,-69.5810329633251,-7.02436765464241
-14.6483582642887,-68.396240432421,-9.02436765464241
-16.2759536269875,-67.803844166969,-10.0243676546424
-16.2759536269875,-67.803844166969,-10.0243676546424

Velocities: 10
-1,0,0
-3,-1,0
-5,-3,-4
-6,-6,-9
-10,-8,-9
-10,-9,0
0,-8,0
0,0,0
0,0,0
0,0,0

InverseVelocities: 10
0,0,0
0,0,0
0,0,0
0,0,0
0,0,0
0,0,0
0,0,0
0,0,0
0,0,0
0,0,0
