GestureName: tap_right
Duration(ms): 799
Handedness: right

SpeakerAngles: 6
55
-55
0
0
110
-110

SpeakerElevations: 6
-10
-10
-10
0
30
30

InterpretedPoints: 17
-2.43430264681035,-0.0275337439884242,0.82635182233307
-12.9640397236878,-1.0746575549504,-1.30540728933228
-21.0736549482304,-5.59355772665939,0.0837781320031645
-21.8874526295798,-5.88975585938541,0.583778132003165
-4.88987648533402,-13.7775413510271,-2.93716640099763
-4.84024370466959,-6.97401332601017,-2.43716640099763
-1.62759536269875,0.592396265452048,-1
0,0,0
4.04062681779577,1.37085568767642,0.805407289332279
3.21973873920862,0.75092567823595,2.63175911166535
8.11670562178041,10.0275006898681,4.41622186799683
10.5793698575419,12.6202825641114,4.11081457866456
8.95177449484311,-2.07338692908217,3.5
11.3789867444157,-1.23986001888094,3.65270364466614
6.49620065631944,0.537328777475199,0.652703644666139
0.813797681349374,-0.296198132726024,0.5
0,0,0

StrokePoints: 18
0,0,0
-2.43430264681035,-0.0275337439884242,0.82635182233307
-15.3983423704981,-1.10219129893882,-0.479055466999208
-36.4719973187285,-6.69574902559821,-0.395277334996044
-58.3594499483083,-12.5855048849836,0.188500797007121
-63.2493264336424,-26.3630462360107,-2.74866560399051
-68.0895701383119,-33.3370595620209,-5.18583200498813
-69.7171655010107,-32.7446632965688,-6.18583200498813
-69.7171655010107,-32.7446632965688,-6.18583200498813
-65.6765386832149,-31.3738076088924,-5.38042471565585
-62.4567999440063,-30.6228819306565,-2.74866560399051
-54.3400943222259,-20.5953812407884,1.66755626400633
-43.760724464684,-7.97509867667695,5.77837084267089
-34.8089499698409,-10.0484856057591,9.27837084267088
-23.4299632254252,-11.2883456246401,12.931074487337
-16.9337625691058,-10.7510168471649,13.5837781320032
-16.1199648877564,-11.0472149798909,14.0837781320032
-16.1199648877564,-11.0472149798909,14.0837781320032

Velocities: 17
0,1,0
-6,2,0
-12,0,0
-12,0,0
0,-1,-8
-6,0,-3
0,0,0
0,0,0
4,0,0
5,0,0
5,2,5
0,0,8
0,0,0
2,0,0
2,0,0
0,0,0
0,0,0

InverseVelocities: 17
0,0,0
0,0,0
0,0,0
0,0,0
0,0,0
0,0,0
0,0,0
0,0,0
0,0,0
0,0,0
0,0,0
0,0,0
0,0,0
0,0,0
0,0,0
0,0,0
0,0,0
