GestureName: tap_down
Duration(ms): 846
Handedness: right

SpeakerAngles: 6
55
-55
0
0
110
-110

SpeakerElevations: 6
-10
-10
-10
0
30
30

InterpretedPoints: 18
-0.813797681349374,4.80314241622564,-0.194592710667721
1.6134145682232,13.850542671318,-1.25742630967009
8.11670562178041,31.8842977494211,-0.88309350767484
3.23391953368417,33.6064190578004,-2.2303898630087
-0.842159270300475,11.5934485619985,-3.97296355333861
-4.06898840674687,1.48099066363012,-2.5
-0.813797681349374,2.66578319453421,-4.5
-0.813797681349374,2.07338692908217,-3.5
-0.813797681349374,-2.66578319453421,4.5
0.813797681349373,-3.25817945998626,5.5
2.44139304404812,-0.888594398178072,1.5
8.97304568655644,-34.3975294752761,9.86214897467405
-2.40594105785925,-30.8431518825638,3.86214897467405
-4.86151489638292,-27.4324209538984,2.84120444167326
-4.84733410190737,-2.52811447459209,0.368240888334652
-1.62050496546097,-10.7419878194832,1.58377813200316
-0.806707284111599,-0.564862521463623,0.17364817766693
0,0,0

StrokePoints: 19
0,0,0
-0.813797681349374,4.80314241622564,-0.194592710667721
0.799616886873824,18.6536850875436,-1.45201902033782
8.91632250865424,50.5379828369648,-2.33511252801266
12.1502420423384,84.1444018947652,-4.56550239102136
11.3080827720379,95.7378504567637,-8.53846594435996
7.23909436529106,97.2188411203938,-11.03846594436
6.42529668394169,99.884624314928,-15.53846594436
5.61149900259231,101.95801124401,-19.03846594436
4.79770132124294,99.292228049476,-14.53846594436
5.61149900259231,96.0340485894897,-9.03846594435996
8.05289204664043,95.1454541913116,-7.53846594435996
17.0259377331969,60.7479247160355,2.32368303031409
14.6199966753376,29.9047728334716,6.18583200498814
9.7584817789547,2.47235187957328,9.02703644666139
4.91114767704734,-0.0557625950188121,9.39527733499605
3.29064271158637,-10.797750414502,10.9790554669992
2.48393542747477,-11.3626129359656,11.1527036446661
2.48393542747477,-11.3626129359656,11.1527036446661

Velocities: 18
1,1,2
5,3,5
11,8,12
12,9,12
12,8,0
0,0,0
0,0,0
0,0,0
0,0,0
0,0,0
0,0,0
-10,-7,-11
-11,-6,-11
-9,-6,-10
-5,0,0
-5,-4,-3
-1,0,0
0,0,0

InverseVelocities: 18
0,0,0
0,0,0
0,0,0
0,0,0
0,0,0
0,0,0
0,0,0
0,0,0
0,0,0
0,0,0
0,0,0
0,0,0
0,0,0
0,0,0
0,0,0
0,0,0
0,0,0
0,0,0
