GestureName: tap_up
Duration(ms): 799
Handedness: right

SpeakerAngles: 6
55
-55
0
0
110
-110

SpeakerElevations: 6
-10
-10
-10
0
30
30

InterpretedPoints: 17
-1.62759536269875,-0.592396265452048,1
-5.69658376944562,-6.59228710079115,4.88918542133544
-1.60632417098542,-7.04701464630108,1.75742630967009
-5.68949337220784,-33.8475497025496,1.07768621834256
-6.50329105355722,-24.2077531820052,-0.98514738065981
-4.86860529362069,-18.3024194668407,-0.700684624328323
-0.00709039723777505,-4.77560867223722,-0.631759111665348
-0.799616886873824,4.80314241622564,-0.194592710667721
0.813797681349374,19.2460813529957,-2.45201902033782
4.06898840674687,26.757423456481,0.63785102532595
-1.62050496546097,29.0994747743008,-2.53579715234098
0.799616886873824,34.7636778447161,-3.40403804067563
8.12379601901819,10.2776603622989,-6.43107448733702
8.95177449484311,8.8278254102269,-2.19459271066772
0,0,0
-0.813797681349374,0.296198132726024,-0.5
0,0,0

StrokePoints: 18
0,0,0
-1.62759536269875,-0.592396265452048,1
-7.32417913214436,-7.1846833662432,5.88918542133544
-8.93050330312979,-14.2316980125443,7.64661173100554
-14.6199966753376,-48.0792477150939,8.7242979493481
-21.1232877288948,-72.2870008970991,7.73915056868829
-25.9918930225155,-90.5894203639399,7.03846594435997
-25.9989834197533,-95.3650290361771,6.40670683269462
-26.7986003066271,-90.5618866199514,6.2121141220269
-25.9848026252778,-71.3158052669557,3.76009510168908
-21.9158142185309,-44.5583818104747,4.39794612701503
-23.5363191839919,-15.4589070361739,1.86214897467405
-22.736702297118,19.3047708085422,-1.54188906600158
-14.6129062780999,29.5824311708411,-7.97296355333861
-5.66113178325674,38.410256581068,-10.1675562640063
-5.66113178325674,38.410256581068,-10.1675562640063
-6.47492946460611,38.706454713794,-10.6675562640063
-6.47492946460611,38.706454713794,-10.6675562640063

Velocities: 17
0,0,0
-4,-4,0
-8,-5,0
-12,-11,-12
-9,-8,-9
-7,-5,-7
-1,-2,-2
0,2,2
5,5,7
9,9,10
9,10,10
12,10,12
8,6,0
0,0,4
0,0,0
0,0,0
0,0,0

InverseVelocities: 17
0,0,0
0,0,0
0,0,0
0,0,0
0,0,0
0,0,0
0,0,0
0,0,0
0,0,0
0,0,0
0,0,0
0,0,0
0,0,0
0,0,0
0,0,0
0,0,0
0,0,0
