GestureName: tap_front
Duration(ms): 752
Handedness: right

SpeakerAngles: 6
55
-55
0
0
110
-110

SpeakerElevations: 6
-10
-10
-10
0
30
30

InterpretedPoints: 16
0.820888078587149,-0.0275337439884242,0.82635182233307
3.2551907253975,3.33410764080489,0.610814578664557
0,20.287227219853,0.527036446661393
-6.51038145079499,18.8397482443159,1.35338826899446
0,3.70623395434955,6.22162915732911
-0.00709039723777494,11.1572257327953,4.06892551266297
-0.0141807944755503,4.45187679552277,1.95811093399842
0,0,0
-3.21264834197084,-12.7208176283907,0.910129954336234
-1.60632417098542,-7.89014146817667,-0.110814578664557
-1.62050496546097,-12.7267955724954,1.75742630967009
0.820888078587149,-5.62109147064781,0.910129954336234
0.0141807944755505,-5.05622894918419,0.736481776669304
0.813797681349374,-3.09297699605572,0.541889066001582
0.0141807944755501,-0.537328777475199,-0.652703644666139
0,0,0

StrokePoints: 17
0,0,0
0.820888078587149,-0.0275337439884242,0.82635182233307
4.07607880398464,3.30657389681647,1.43716640099763
4.07607880398464,23.5938011166694,1.96420284765902
-2.43430264681035,42.4335493609854,3.31759111665348
-2.43430264681035,46.1397833153349,9.5392202739826
-2.44139304404812,57.2970090481303,13.6081457866456
-2.45557383852367,61.748885843653,15.566256720644
-2.45557383852367,61.748885843653,15.566256720644
-5.66822218049452,49.0280682152623,16.4763866749802
-7.27454635147994,41.1379267470856,16.3655720963157
-8.89505131694091,28.4111311745902,18.1229984059858
-8.07416323835376,22.7900397039424,19.033128360322
-8.05998244387821,17.7338107547582,19.7696101369913
-7.24618476252884,14.6408337587025,20.3114992029929
-7.23200396805329,14.1035049812273,19.6587955583267
-7.23200396805329,14.1035049812273,19.6587955583267

Velocities: 16
0,1,0
4,4,0
6,6,8
7,7,7
8,8,0
5,4,5
3,1,2
0,0,0
-6,0,-5
-4,-1,-3
-5,-4,-4
-6,-5,0
-6,-4,0
-3,-3,0
-2,0,0
0,0,0

InverseVelocities: 16
0,0,0
0,0,0
0,0,0
0,0,0
0,0,0
0,0,0
0,0,0
0,0,0
0,0,0
0,0,0
0,0,0
0,0,0
0,0,0
0,0,0
0,0,0
0,0,0
