GestureName: tap_back
Duration(ms): 799
Handedness: right

SpeakerAngles: 6
55
-55
0
0
110
-110

SpeakerElevations: 6
-10
-10
-10
0
30
30

InterpretedPoints: 17
-0.813797681349374,-7.32527894671305,-0.284462756331487
0.806707284111599,-12.6382163964255,-1.56892551266297
-2.43430264681035,-12.9128587292677,-1.04798097966218
-1.62050496546097,-6.99194715832423,0.104722665003955
-3.2551907253975,1.1847925309041,-2
1.59923377374765,-0.482261289498351,-2.30540728933228
-0.820888078587149,-1.10219129893882,-0.479055466999209
0,0,0
1.62759536269875,-1.1847925309041,2
2.44139304404812,-0.888594398178072,1.5
10.5226466796397,3.03790950807887,1.11081457866456
8.94468409760534,6.64068153762136,2.04798097966218
4.88278608809624,18.8948157322928,-0.299315375671677
-0.806707284111599,16.552764414473,2.87433280199525
0,9.55121734447443,1.2635182233307
-2.42721224957257,4.80314241622564,-0.194592710667721
0,0,0

StrokePoints: 18
0,0,0
-0.813797681349374,-7.32527894671305,-0.284462756331487
-0.00709039723777527,-19.9634953431385,-1.85338826899446
-2.44139304404812,-32.8763540724063,-2.90136924865665
-4.0618980095091,-39.8683012307305,-2.79664658365269
-7.31708873490659,-38.6835086998264,-4.79664658365269
-5.71785496115894,-39.1657699893247,-7.10205387298497
-6.53874303974609,-40.2679612882636,-7.58110933998418
-6.53874303974609,-40.2679612882636,-7.58110933998418
-4.91114767704735,-41.4527538191677,-5.58110933998418
-2.46975463299922,-42.3413482173457,-4.08110933998418
8.05289204664044,-39.3034387092669,-2.97029476131962
16.9975761442458,-32.6627571716455,-0.922313781657438
21.880362232342,-13.7679414393527,-1.22162915732912
21.0736549482304,2.78482297512033,1.65270364466614
21.0736549482304,12.3360403195948,2.91622186799683
18.6464426986578,17.1391827358204,2.72162915732911
18.6464426986578,17.1391827358204,2.72162915732911

Velocities: 17
-2,-2,-3
-4,-5,-5
-7,-6,-4
-8,-7,0
0,0,0
0,-4,0
-1,-2,0
0,0,0
0,0,0
0,0,0
8,0,0
9,8,0
6,6,7
5,6,7
3,3,4
0,2,2
0,0,0

InverseVelocities: 17
0,0,0
0,0,0
0,0,0
0,0,0
0,0,0
0,0,0
0,0,0
0,0,0
0,0,0
0,0,0
0,0,0
0,0,0
0,0,0
0,0,0
0,0,0
0,0,0
0,0,0
