GestureName: tap_front
Duration(ms): 752
Handedness: right

SpeakerAngles: 6
55
-55
0
0
110
-110

SpeakerElevations: 6
-10
-10
-10
0
30
30

InterpretedPoints: 16
-1.62759536269875,-0.592396265452048,1
0.806707284111598,2.71417763136442,2.43716640099763
8.09543443006709,2.20438259787765,0.958110933998418
8.13088641625596,4.67742958449289,2.2425736903299
6.51038145079499,20.287227219853,0.527036446661393
0,12.87336909707,3.56892551266297
-0.0141807944755503,8.42149230154718,1.61081457866456
0.806707284111599,-2.54967027447583,0.347296355333861
1.62759536269875,-12.4581311837578,2.08377813200316
0,-6.17399810390206,-0.610814578664557
-4.06898840674687,-7.86260772418825,-0.937166400997627
-8.93050330312979,-12.6382163964255,-1.56892551266297
-3.24100993092194,-12.5556151644602,-4.04798097966218
0.0212711917133257,-13.4717433066267,-1.72162915732911
1.62759536269875,-15.8353504243302,1.43107448733702
0,0,0

StrokePoints: 17
0,0,0
-1.62759536269875,-0.592396265452048,1
-0.82088807858715,2.12178136591237,3.43716640099763
7.27454635147994,4.32616396379002,4.39527733499604
15.4054327677359,9.00359354828291,6.63785102532595
21.9158142185309,29.2908207681359,7.16488747198734
21.9158142185309,42.1641898652058,10.7338129846503
21.9016334240553,50.585682166753,12.3446275633149
22.7083407081669,48.0360118922772,12.6919239186487
24.3359360708657,35.5778807085193,14.7757020506519
24.3359360708657,29.4038826046173,14.1648874719873
20.2669476641188,21.541274880429,13.2277210709897
11.336444360989,8.90305848400357,11.6587955583267
8.09543443006709,-3.65255668045661,7.61081457866456
8.11670562178042,-17.1242999870833,5.88918542133544
9.74430098447916,-32.9596504114135,7.32025990867247
9.74430098447916,-32.9596504114135,7.32025990867247

Velocities: 16
0,0,0
5,4,0
6,0,0
7,6,0
6,6,8
4,4,6
3,1,4
0,-1,-1
-4,-4,-4
-3,-3,-2
-3,-3,-3
-6,-3,-5
-7,-5,-5
-7,-4,-5
-4,-4,-6
0,0,0

InverseVelocities: 16
0,0,0
0,0,0
0,0,0
0,0,0
0,0,0
0,0,0
0,0,0
0,0,0
0,0,0
0,0,0
0,0,0
0,0,0
0,0,0
0,0,0
0,0,0
0,0,0
