GestureName: tap_down
Duration(ms): 940
Handedness: right

SpeakerAngles: 6
55
-55
0
0
110
-110

SpeakerElevations: 6
-10
-10
-10
0
30
30

InterpretedPoints: 20
0,1.98480775301221,-0.17364817766693
-0.806707284111599,5.66420307041529,-0.868240888334652
-0.799616886873823,19.2460813529957,-2.45201902033782
0.799616886873824,33.0415565363368,-2.05674168534177
-0.827978475824924,9.27893098816715,-1.62566719800475
-6.45365827289279,4.51890017170899,-1.38918542133544
1.62759536269875,4.14677385816433,-7
-2.42721224957257,2.12845441705902,-5.15270364466614
0.00709039723777494,-0.213596900760751,-1.97905546699921
-2.43430264681035,-1.21232627489252,2.82635182233307
2.42721224957257,-2.12845441705902,5.15270364466614
-0.813797681349374,-2.66578319453421,4.5
4.88987648533402,-4.41543824690193,6.67364817766693
0,-5.64862521463624,1.7364817766693
-5.66113178325674,-8.47293782195435,2.60472266500395
-8.92341290589201,-19.135946377042,-0.853388268994463
-1.6134145682232,-5.64862521463624,1.7364817766693
0,-6.22906559187891,1.04188906600158
0,-1.12972504292725,0.347296355333861
0,0,0

StrokePoints: 21
0,0,0
0,1.98480775301221,-0.17364817766693
-0.806707284111599,7.64901082342749,-1.04188906600158
-1.60632417098542,26.8950921764232,-3.4939080863394
-0.806707284111598,59.93664871276,-5.55064977168117
-1.63468575993652,69.2155797009271,-7.17631696968591
-8.08834403282931,73.7344798726361,-8.56550239102136
-6.46074867013056,77.8812537308004,-15.5655023910214
-8.88796091970313,80.0097081478595,-20.7182060356875
-8.88087052246536,79.7961112470987,-22.6972615026867
-11.3151731692757,78.5837849722062,-19.8709096803536
-8.88796091970314,76.4553305551472,-14.7182060356875
-9.70175860105251,73.789547360613,-10.2182060356875
-4.81188211571849,69.374109113711,-3.54455785802057
-4.81188211571849,63.7254838990748,-1.80807608135127
-10.4730138989752,55.2525460771204,0.796646583652689
-19.3964268048672,36.1165997000785,-0.056741685341773
-21.0098413730904,30.4679744854422,1.67974009132753
-21.0098413730904,24.2389088935633,2.72162915732911
-21.0098413730904,23.1091838506361,3.06892551266297
-21.0098413730904,23.1091838506361,3.06892551266297

Velocities: 20
0,0,1
1,2,2
4,6,7
11,9,12
10,8,0
0,8,0
0,0,0
-2,0,0
-2,-1,0
0,1,0
2,0,0
0,0,0
-1,0,0
-5,-5,0
-10,-5,0
-9,-5,-7
-6,-4,0
-2,-2,-2
-1,-1,0
0,0,0

InverseVelocities: 20
0,0,0
0,0,0
0,0,0
0,0,0
0,0,0
0,0,0
0,0,0
0,0,0
0,0,0
0,0,0
0,0,0
0,0,0
0,0,0
0,0,0
0,0,0
0,0,0
0,0,0
0,0,0
0,0,0
0,0,0
