GestureName: tap_left
Duration(ms): 658
Handedness: right

SpeakerAngles: 6
55
-55
0
0
110
-110

SpeakerElevations: 6
-10
-10
-10
0
30
30

InterpretedPoints: 14
1.62759536269875,-0.592396265452048,1
11.3506251554646,-2.25945008585449,0.694592710667721
17.0046665414836,-5.35242708191021,1.2364817766693
14.5703638946732,-22.0033705841276,-0.027036446661393
9.70884899829029,-3.92650390625694,0.389185421335443
5.64695098878119,-3.95403765024536,1.21553724366851
0,0,0
-1.62050496546097,0.2686643887376,0.32635182233307
-4.84024370466959,3.38917512878174,-1.04188906600158
-11.336444360989,2.74171137535284,1.61081457866456
-17.8113738255951,3.60277202954249,0.937166400997627
-12.1502420423384,5.93286745915289,-0.541889066001582
-9.71593939552806,2.52811447459209,-0.368240888334652
0,0,0

StrokePoints: 15
0,0,0
1.62759536269875,-0.592396265452048,1
12.9782205181633,-2.85184635130654,1.69459271066772
29.9828870596469,-8.20427343321675,2.93107448733702
44.5532509543201,-30.2076440173443,2.90403804067563
54.2620999526104,-34.1341479236013,3.29322346201107
59.9090509413916,-38.0881855738466,4.50876070567959
59.9090509413916,-38.0881855738466,4.50876070567959
58.2885459759306,-37.819521185109,4.83511252801266
53.448302271261,-34.4303460563273,3.79322346201107
42.111857910272,-31.6886346809744,5.40403804067563
24.3004840846768,-28.0858626514319,6.34120444167326
12.1502420423384,-22.1529951922791,5.79931537567168
2.43430264681035,-19.624880717687,5.43107448733702
2.43430264681035,-19.624880717687,5.43107448733702

Velocities: 14
0,0,0
1,-5,0
1,-11,0
0,-11,-9
0,-8,0
0,-7,0
0,0,0
0,1,0
0,6,0
0,8,0
-2,11,0
-2,6,2
-1,6,0
0,0,0

InverseVelocities: 14
0,0,0
0,0,0
0,0,0
0,0,0
0,0,0
0,0,0
0,0,0
0,0,0
0,0,0
0,0,0
0,0,0
0,0,0
0,0,0
0,0,0
