GestureName: tap_left
Duration(ms): 611
Handedness: right

SpeakerAngles: 6
55
-55
0
0
110
-110

SpeakerElevations: 6
-10
-10
-10
0
30
30

InterpretedPoints: 13
9.71593939552806,-2.52811447459209,0.368240888334652
16.1908688601342,-17.7650906893656,-0.0479809796621837
17.0259377331969,-18.6596630316483,2.29931537567168
12.1360612478629,-4.16763455100612,-0.763518223330696
0.806707284111599,-0.564862521463623,0.17364817766693
0,0,0
-2.4201218523348,1.69458756439087,-0.520944533000791
-5.66822218049452,3.63030577353092,0.110814578664557
-21.0736549482304,20.0796082631969,-2.29931537567168
-17.8113738255951,3.60277202954249,0.937166400997627
-14.5845446891488,3.38319718467706,-0.194592710667722
-4.86860529362069,0.592396265452048,-1
0,0,0

StrokePoints: 14
0,0,0
9.71593939552806,-2.52811447459209,0.368240888334652
25.9068082556622,-20.2932051639576,0.320259908672468
42.9327459888591,-38.952868195606,2.61957528434414
55.068807236722,-43.1205027466121,1.85605706101345
55.8755145208336,-43.6853652680757,2.02970523868038
55.8755145208336,-43.6853652680757,2.02970523868038
53.4553926684988,-41.9907777036848,1.50876070567959
47.7871704880043,-38.3604719301539,1.61957528434414
26.7135155397738,-18.280863666957,-0.679740091327532
8.90214171417869,-14.6780916374145,0.257426309670094
-5.68240297497007,-11.2948944527375,0.0628335990023725
-10.5510082685908,-10.7024981872854,-0.937166400997627
-10.5510082685908,-10.7024981872854,-0.937166400997627

Velocities: 13
1,-6,0
1,-11,-7
-2,-11,-6
0,-10,0
0,-1,0
0,0,0
0,3,0
2,6,0
0,12,7
-2,11,0
-3,6,1
-1,1,0
0,0,0

InverseVelocities: 13
0,0,0
0,0,0
0,0,0
0,0,0
0,0,0
0,0,0
0,0,0
0,0,0
0,0,0
0,0,0
0,0,0
0,0,0
0,0,0
