GestureName: tap_right
Duration(ms): 987
Handedness: right

SpeakerAngles: 6
55
-55
0
0
110
-110

SpeakerElevations: 6
-10
-10
-10
0
30
30

InterpretedPoints: 21
0.799616886873824,-0.833526910201223,-0.152703644666139
1.6134145682232,-1.12972504292725,0.347296355333861
0,0,0
0,0,0
0,0,0
-7.28163674871771,3.94805970614068,-0.368240888334652
-23.4866864033274,-1.37085568767642,-0.805407289332279
-16.2050496546097,-3.33410764080489,-0.610814578664557
-17.0401185276724,-29.4387845067943,2.9939080863394
0,0,0
0,0,0
0,0,0
0.813797681349374,-0.296198132726024,0.5
1.63468575993652,-0.323731876714448,1.32635182233307
0.00709039723777494,-1.50852440761854,3.32635182233307
8.13797681349374,-4.14677385816433,7
16.2121400518475,1.2331869677343,4.93716640099763
17.8184642228329,-1.0746575549504,-1.30540728933228
8.07416323835376,-4.78756456044659,1.06283359900237
0.813797681349374,0.296198132726024,-0.5
0,0,0

StrokePoints: 22
0,0,0
0.799616886873824,-0.833526910201223,-0.152703644666139
2.41303145509702,-1.96325195312847,0.194592710667721
2.41303145509702,-1.96325195312847,0.194592710667721
2.41303145509702,-1.96325195312847,0.194592710667721
2.41303145509702,-1.96325195312847,0.194592710667721
-4.86860529362069,1.98480775301221,-0.17364817766693
-28.3552916969481,0.613952065335786,-0.979055466999209
-44.5603413515579,-2.72015557546911,-1.58987004566377
-61.6004598792303,-32.1589400822634,1.40403804067563
-61.6004598792303,-32.1589400822634,1.40403804067563
-61.6004598792303,-32.1589400822634,1.40403804067563
-61.6004598792303,-32.1589400822634,1.40403804067563
-60.7866621978809,-32.4551382149894,1.90403804067563
-59.1519764379444,-32.7788700917039,3.2303898630087
-59.1448860407066,-34.2873944993224,6.55674168534177
-51.0069092272129,-38.4341683574868,13.5567416853418
-34.7947691753654,-37.2009813897525,18.4939080863394
-16.9763049525324,-38.2756389447029,17.1885007970071
-8.90214171417868,-43.0632035051495,18.2513343960095
-8.08834403282931,-42.7670053724234,17.7513343960095
-8.08834403282931,-42.7670053724234,17.7513343960095

Velocities: 21
0,-2,0
0,-2,0
0,0,0
0,0,0
0,0,0
-1,5,1
-10,6,0
-9,1,0
-9,-2,-12
0,0,0
0,0,0
0,0,0
0,0,0
0,1,0
0,1,0
0,0,0
9,0,0
4,-8,0
0,-9,0
0,0,0
0,0,0

InverseVelocities: 21
0,0,0
0,0,0
0,0,0
0,0,0
0,0,0
0,0,0
0,0,0
0,0,0
0,0,0
0,0,0
0,0,0
0,0,0
0,0,0
0,0,0
0,0,0
0,0,0
0,0,0
0,0,0
0,0,0
0,0,0
0,0,0
