GestureName: tap_down
Duration(ms): 799
Handedness: right

SpeakerAngles: 6
55
-55
0
0
110
-110

SpeakerElevations: 6
-10
-10
-10
0
30
30

InterpretedPoints: 17
0.813797681349374,7.32527894671305,0.284462756331487
0.813797681349374,14.146740804044,-1.75742630967009
0.806707284111598,7.23307780307341,1.04798097966218
0,0,0
-7.26036555700439,5.08376269317261,-1.56283359900237
-5.69658376944562,5.03536825634241,-8.5
0,2.96198132726024,-5
-3.24810032815972,-0.323731876714448,1.32635182233307
-1.62050496546097,-3.28571320397469,6.32635182233307
3.2551907253975,-4.73917012361638,8
4.88987648533402,-11.7861847699175,9.75742630967009
0.820888078587148,-35.0874097214305,4.7303898630087
-0.792526489636049,-24.8887286235272,3.34120444167326
-0.813797681349374,-22.6352564817774,3.4939080863394
-0.799616886873823,-8.39993650166345,-1.58987004566377
0.806707284111599,-1.69458756439087,0.520944533000791
0,0,0

StrokePoints: 18
0,0,0
0.813797681349374,7.32527894671305,0.284462756331487
1.62759536269875,21.472019750757,-1.47296355333861
2.43430264681035,28.7050975538305,-0.424982573676423
2.43430264681035,28.7050975538305,-0.424982573676423
-4.82606291019404,33.7888602470031,-1.9878161726788
-10.5226466796397,38.8242285033455,-10.4878161726788
-10.5226466796397,41.7862098306057,-15.4878161726788
-13.7707470077994,41.4624779538913,-14.1614643503457
-15.3912519732604,38.1767647499166,-7.83511252801266
-12.1360612478629,33.4375946263002,0.164887471987342
-7.24618476252884,21.6514098563827,9.92231378165743
-6.42529668394169,-13.4359998650478,14.6527036446661
-7.21782317357774,-38.324728488575,17.9939080863394
-8.03162085492711,-60.9599849703524,21.4878161726788
-8.83123774180094,-69.3599214720159,19.897946127015
-8.02453045768934,-71.0545090364068,20.4188906600158
-8.02453045768934,-71.0545090364068,20.4188906600158

Velocities: 17
2,2,3
4,4,5
9,8,0
0,0,0
0,9,0
0,0,0
0,0,0
0,1,0
0,1,0
0,0,0
-7,-6,0
-11,-10,-12
-10,-7,-8
-8,-8,-7
-5,-3,-3
-1,-2,0
0,0,0

InverseVelocities: 17
0,0,0
0,0,0
0,0,0
0,0,0
0,0,0
0,0,0
0,0,0
0,0,0
0,0,0
0,0,0
0,0,0
0,0,0
0,0,0
0,0,0
0,0,0
0,0,0
0,0,0
