GestureName: tap_down
Duration(ms): 846
Handedness: right

SpeakerAngles: 6
55
-55
0
0
110
-110

SpeakerElevations: 6
-10
-10
-10
0
30
30

InterpretedPoints: 18
-0.806707284111599,4.53447802748804,-0.520944533000791
-0.806707284111599,10.1711473539149,-0.562833599002373
-0.00709039723777494,15.786260880458,-0.625667198004747
0.799616886873824,27.997283475362,-3.01485261934019
0.785436092398275,9.27893098816715,-1.62566719800475
-6.45365827289279,4.51890017170899,-1.38918542133544
-7.32417913214436,4.44297199089036,-7.5
-1.63468575993652,1.50852440761854,-3.32635182233307
-0.813797681349374,-1.48099066363012,2.5
0.813797681349374,-2.07338692908217,3.5
8.13797681349374,-3.55437759271229,6
8.96595528931866,-34.4035074193808,10.7094453300079
1.62759536269875,-9.57512912089318,2.12566719800475
0,-24.8611948795388,2.51485261934019
-2.4484834412859,-15.490062747732,0.125667198004747
-1.62050496546097,-6.76041642524942,-0.458110933998418
-0.806707284111599,-0.564862521463623,0.17364817766693
0,0,0

StrokePoints: 19
0,0,0
-0.806707284111599,4.53447802748804,-0.520944533000791
-1.6134145682232,14.7056253814029,-1.08377813200316
-1.62050496546097,30.491886261861,-1.70944533000791
-0.820888078587148,58.489169737223,-4.7242979493481
-0.0354519861888734,67.7681007253901,-6.34996514735284
-6.48911025908166,72.2870008970991,-7.73915056868829
-13.813289391226,76.7299728879894,-15.2391505686883
-15.4479751511626,78.238497295608,-18.5655023910214
-16.2617728325119,76.7575066319779,-16.0655023910214
-15.4479751511625,74.6841197028957,-12.5655023910214
-7.30999833766881,71.1297421101834,-6.56550239102136
1.65595695164985,36.7262346908026,4.14394293898655
3.2835523143486,27.1511055699094,6.2696101369913
3.2835523143486,2.28991069037064,8.78446275633149
0.8350688730627,-13.2001520573614,8.91012995433624
-0.785436092398273,-19.9605684826108,8.45201902033782
-1.59214337650987,-20.5254310040744,8.62566719800475
-1.59214337650987,-20.5254310040744,8.62566719800475

Velocities: 18
0,1,2
2,3,4
7,6,5
9,7,10
11,7,0
0,8,0
0,0,0
0,-1,0
0,0,0
0,0,0
0,0,0
-11,-9,-10
-9,-9,0
-9,-9,-8
-6,-7,-5
-2,-1,-3
-1,0,0
0,0,0

InverseVelocities: 18
0,0,0
0,0,0
0,0,0
0,0,0
0,0,0
0,0,0
0,0,0
0,0,0
0,0,0
0,0,0
0,0,0
0,0,0
0,0,0
0,0,0
0,0,0
0,0,0
0,0,0
0,0,0
