GestureName: tap_right
Duration(ms): 658
Handedness: right

SpeakerAngles: 6
55
-55
0
0
110
-110

SpeakerElevations: 6
-10
-10
-10
0
30
30

InterpretedPoints: 14
-3.23391953368417,1.39838943166485,-0.0209445330007911
-10.543917871353,-0.564862521463624,0.17364817766693
-5.69658376944562,-0.296198132726024,0.5
-6.50329105355721,-2.52811447459209,0.368240888334652
-3.24810032815972,-14.6996474372983,0.236481776669304
-2.43430264681035,0.0275337439884242,-0.82635182233307
0,0,0
3.24100993092194,11.8537790300964,0.610814578664557
3.24100993092194,13.2461905176566,1.43716640099763
8.95177449484311,-3.85057572543831,6.5
1.62759536269875,0.592396265452048,-1
10.5510082685908,-1.37085568767642,-0.805407289332278
3.23391953368417,-1.39838943166485,0.0209445330007911
0,0,0

StrokePoints: 15
0,0,0
-3.23391953368417,1.39838943166485,-0.0209445330007911
-13.7778374050372,0.833526910201223,0.152703644666139
-19.4744211744828,0.537328777475199,0.652703644666139
-25.97771222804,-1.99078569711689,1.02094453300079
-29.2258125561997,-16.6904331344151,1.25742630967009
-31.6601152030101,-16.6628993904267,0.431074487337025
-31.6601152030101,-16.6628993904267,0.431074487337025
-28.4191052720881,-4.80912036033032,1.04188906600158
-25.1780953411662,8.43707015732624,2.47905546699921
-16.2263208463231,4.58649443188793,8.97905546699921
-14.5987254836243,5.17889069733997,7.97905546699921
-4.04771721503355,3.80803500966355,7.17364817766693
-0.813797681349375,2.4096455779987,7.19459271066772
-0.813797681349375,2.4096455779987,7.19459271066772

Velocities: 14
0,3,0
-3,2,0
0,0,0
-3,-2,0
-2,-1,-7
-1,0,0
0,0,0
2,0,6
2,0,7
0,0,0
0,0,0
0,-4,0
0,-3,0
0,0,0

InverseVelocities: 14
0,0,0
0,0,0
0,0,0
0,0,0
0,0,0
0,0,0
0,0,0
0,0,0
0,0,0
0,0,0
0,0,0
0,0,0
0,0,0
0,0,0
