GestureName: tap_front
Duration(ms): 658
Handedness: right

SpeakerAngles: 6
55
-55
0
0
110
-110

SpeakerElevations: 6
-10
-10
-10
0
30
30

InterpretedPoints: 14
4.85442449914514,2.79677886332969,-0.0418890660015822
1.62050496546097,27.6951073985313,-1.66755626400633
5.65404138601897,23.2581133517456,4.98514738065981
3.23391953368417,21.5635257873547,5.5060919136606
0,10.8885613440577,3.7425736903299
0,0,0
4.88278608809624,0.0550674879768482,-1.65270364466614
0.813797681349374,-13.7739193834574,-0.374332801995254
0,-14.5404229174724,-3.87433280199525
-2.43430264681035,-13.9755603960088,-4.04798097966218
-11.3506251554646,-1.01959006697355,-2.95811093399842
-1.62759536269875,-11.8657349183058,1.08377813200316
-2.43430264681035,0.0275337439884242,-0.82635182233307
0,0,0

StrokePoints: 15
0,0,0
4.85442449914514,2.79677886332969,-0.0418890660015822
6.47492946460611,30.491886261861,-1.70944533000791
12.1289708506251,53.7499996136066,3.2757020506519
15.3628903843092,75.3135254009613,8.7817939643125
15.3628903843092,86.202086745019,12.5243676546424
15.3628903843092,86.202086745019,12.5243676546424
20.2456764724055,86.2571542329959,10.8716640099763
21.0594741537549,72.4832348495385,10.497331207981
21.0594741537549,57.9428119320661,6.62299840598576
18.6251715069445,43.9672515360573,2.57501742632358
7.27454635147994,42.9476614690838,-0.38309350767484
5.64695098878119,31.081926550778,0.700684624328324
3.21264834197084,31.1094602947664,-0.125667198004745
3.21264834197084,31.1094602947664,-0.125667198004745

Velocities: 14
5,1,0
7,6,11
11,5,10
8,5,10
4,4,5
0,0,0
-1,-1,0
-7,-7,-4
-6,-6,-6
-6,-5,-6
-6,0,0
-4,-4,-4
-1,0,0
0,0,0

InverseVelocities: 14
0,0,0
0,0,0
0,0,0
0,0,0
0,0,0
0,0,0
0,0,0
0,0,0
0,0,0
0,0,0
0,0,0
0,0,0
0,0,0
0,0,0
