GestureName: tap_up
Duration(ms): 799
Handedness: right

SpeakerAngles: 6
55
-55
0
0
110
-110

SpeakerElevations: 6
-10
-10
-10
0
30
30

InterpretedPoints: 17
1.62759536269875,-1.77718879635614,3
-1.59214337650987,-2.69331693852264,5.32635182233307
-11.3648059499401,-22.7789031458242,8.47296355333861
-7.33126952938214,-27.0260878452186,-0.96420284765902
-0.813797681349374,-24.9802346601249,-3.63785102532595
0.820888078587148,-23.1666073151479,1.9939080863394
-0.806707284111599,-8.77873586635474,1.38918542133544
0,0,0
-1.60632417098542,15.5666860355926,-1.75742630967009
4.88278608809624,23.9941562812445,-0.993908086339398
3.24100993092195,8.44540407796593,-1.77837084267089
1.60632417098542,8.12167220125148,-0.452019020337816
0.799616886873823,6.48215212483746,-1.58377813200316
0,0,0
-2.44139304404812,0.888594398178072,-1.5
-0.813797681349374,0.296198132726024,-0.5
0,0,0

StrokePoints: 18
0,0,0
1.62759536269875,-1.77718879635614,3
0.0354519861888749,-4.47050573487878,8.32635182233307
-11.3293539637513,-27.249408880703,16.7993153756717
-18.6606234931334,-54.2754967259216,15.8351125280127
-19.4744211744828,-79.2557313860465,12.1972615026867
-18.6535330958956,-102.422338701194,14.1911695890261
-19.4602403800072,-111.201074567549,15.5803550103615
-19.4602403800072,-111.201074567549,15.5803550103615
-21.0665645509926,-95.6343885319566,13.8229287006915
-16.1837784628964,-71.6402322507122,12.8290206143521
-12.9427685319745,-63.1948281727462,11.0506497716812
-11.336444360989,-55.0731559714947,10.5986307513434
-10.5368274741152,-48.5910038466573,9.01485261934019
-10.5368274741152,-48.5910038466573,9.01485261934019
-12.9782205181633,-47.7024094484792,7.51485261934019
-13.7920181995127,-47.4062113157532,7.01485261934019
-13.7920181995127,-47.4062113157532,7.01485261934019

Velocities: 17
0,0,0
-2,3,0
-9,-5,-6
-9,-10,-10
-9,-9,-10
-8,-7,-8
-3,-2,-3
0,0,0
2,5,6
7,7,9
9,7,0
10,7,0
7,5,0
0,0,0
0,0,0
0,0,0
0,0,0

InverseVelocities: 17
0,0,0
0,-1,0
0,0,0
0,0,0
0,0,0
0,0,0
0,0,0
0,0,0
0,0,0
0,0,0
0,0,0
0,0,0
0,0,0
0,0,0
0,0,0
0,0,0
0,0,0
