GestureName: tap_up
Duration(ms): 752
Handedness: right

SpeakerAngles: 6
55
-55
0
0
110
-110

SpeakerElevations: 6
-10
-10
-10
0
30
30

InterpretedPoints: 16
-0.813797681349374,-0.296198132726024,0.5
0,-1.1847925309041,2
-3.2268291364464,-10.1675253863452,3.12566719800475
5.69658376944562,-37.6705916839995,6.75133439600949
9.77975297066804,-33.282687181086,0.904038040675633
-0.813797681349374,-25.4751469448746,3.4939080863394
0,-3.96961550602442,0.347296355333861
0.799616886873823,9.9024829651773,-0.889185421335443
2.42721224957257,23.7530256364953,-2.14661173100554
7.30999833766881,26.165027191029,1.63785102532595
-0.0212711917133248,9.84379350963077,-1.79931537567168
7.26036555700439,5.08376269317261,-1.56283359900237
-0.813797681349374,0.296198132726024,-0.5
-5.68949337220784,-0.399660057533078,-4.78446275633149
-1.62759536269875,1.1847925309041,-2
0,0,0

StrokePoints: 17
0,0,0
-0.813797681349374,-0.296198132726024,0.5
-0.813797681349374,-1.48099066363012,2.5
-4.04062681779577,-11.6485160499753,5.62566719800475
1.65595695164985,-49.3191077339748,12.3770015940142
11.4357099223179,-82.6017949150608,13.2810396346899
10.6219122409685,-108.076941859935,16.7749477210293
10.6219122409685,-112.04655736596,17.1222440763631
11.4215291278423,-102.144074400783,16.2330586550277
13.8487413774149,-78.3910487642872,14.0864469240221
21.1587397150837,-52.2260215732582,15.7242979493481
21.1374685233704,-42.3822280636275,13.9249825736764
28.3978340803748,-37.2984653704548,12.362148974674
27.5840363990254,-37.0022672377288,11.862148974674
21.8945430268176,-37.4019272952619,7.07768621834256
20.2669476641188,-36.2171347643578,5.07768621834256
20.2669476641188,-36.2171347643578,5.07768621834256

Velocities: 16
0,0,0
0,0,0
-11,-7,0
-12,-12,-12
-12,-10,-12
-7,-7,-9
0,0,-2
3,1,4
7,5,9
10,8,10
11,8,0
9,0,0
0,0,0
-4,-3,0
0,0,0
0,0,0

InverseVelocities: 16
0,0,0
0,0,0
0,0,0
0,0,0
0,0,0
0,0,0
0,0,0
0,0,0
0,0,0
0,0,0
0,0,0
0,0,0
0,0,0
0,0,0
0,0,0
0,0,0
