GestureName: tap_down
Duration(ms): 846
Handedness: right

SpeakerAngles: 6
55
-55
0
0
110
-110

SpeakerElevations: 6
-10
-10
-10
0
30
30

InterpretedPoints: 18
-1.6134145682232,2.25945008585449,-0.694592710667721
1.62759536269875,7.31567903503868,-1.43107448733702
-1.63468575993652,10.973518552558,-2.14661173100554
-0.0283615889511011,10.1124578983684,-1.47296355333861
0,0,0
-1.62759536269875,2.96198132726024,-5
0.813797681349373,3.85057572543831,-6.5
-1.62759536269875,0,0
-0.813797681349373,-3.25817945998626,5.5
0,-2.96198132726024,5
6.51038145079499,-4.73917012361638,8
-2.4201218523348,-8.47293782195435,2.60472266500395
-9.74430098447916,-30.107108953065,-2.11690649232516
-5.68240297497007,-28.4795447648603,0.70944533000791
-4.87569569085847,-19.7008088985056,-0.679740091327532
0.806707284111599,-9.85339342130514,0.0837781320031642
-0.806707284111599,-0.564862521463623,0.17364817766693
0,0,0

StrokePoints: 19
0,0,0
-1.6134145682232,2.25945008585449,-0.694592710667721
0.0141807944755503,9.57512912089318,-2.12566719800475
-1.62050496546097,20.5486476734512,-4.27227892901028
-1.64886655441207,30.6611055718196,-5.74524248234889
-1.64886655441207,30.6611055718196,-5.74524248234889
-3.27646191711082,33.6230868990798,-10.7452424823489
-2.46266423576145,37.4736626245181,-17.2452424823489
-4.09025959846019,37.4736626245181,-17.2452424823489
-4.90405727980957,34.2154831645319,-11.7452424823489
-4.90405727980957,31.2535018372716,-6.74524248234889
1.60632417098542,26.5143317136552,1.25475751765111
-0.813797681349374,18.0413938917009,3.85948018265506
-10.5580986658285,-12.0657150613641,1.7425736903299
-16.2405016407986,-40.5452598262244,2.45201902033781
-21.1161973316571,-60.24606872473,1.77227892901028
-20.3094900475455,-70.0994621460352,1.85605706101345
-21.1161973316571,-70.6643246674988,2.02970523868038
-21.1161973316571,-70.6643246674988,2.02970523868038

Velocities: 18
1,3,0
7,7,0
11,10,0
12,8,0
0,0,0
0,0,0
0,0,0
0,0,0
0,0,0
0,0,0
0,0,0
-9,-6,0
-11,-8,-12
-11,-9,-10
-8,-7,-7
-4,-5,-3
-1,0,0
0,0,0

InverseVelocities: 18
0,0,0
0,0,0
0,0,0
0,0,0
0,0,0
0,0,0
0,0,0
0,0,0
0,0,0
0,0,0
0,0,0
0,0,0
0,0,0
0,0,0
0,0,0
0,0,0
0,0,0
0,0,0
