GestureName: tap_front
Duration(ms): 846
Handedness: right

SpeakerAngles: 6
55
-55
0
0
110
-110

SpeakerElevations: 6
-10
-10
-10
0
30
30

InterpretedPoints: 18
-0.00709039723777505,2.25347214174981,0.152703644666139
-0.813797681349374,5.6582251263106,-0.0209445330007911
0.813797681349374,4.70496332848132,1.41622186799684
2.43430264681035,6.69574902559821,0.395277334996045
-1.62050496546097,15.0717737508429,5.37433280199525
-4.05480761227132,13.7068960072712,3.72162915732911
0.806707284111598,20.8520897413166,0.353388268994463
2.42721224957257,9.31008669972526,0.110814578664557
0,0,0
0.813797681349374,-3.67341737329839,-0.152703644666139
-3.24100993092194,-6.49175203651182,-0.131759111665348
-0.820888078587149,-5.55406809446159,-2.43716640099763
0,-5.78922079510608,-4.43716640099763
-5.68949337220784,-12.1008876189503,-0.916221867996835
-0.806707284111599,-13.8230089273296,0.431074487337025
-0.806707284111599,-9.90846090928199,1.7364817766693
-2.4201218523348,-5.66420307041529,0.868240888334652
0,0,0

StrokePoints: 19
0,0,0
-0.00709039723777505,2.25347214174981,0.152703644666139
-0.820888078587149,7.91169726806041,0.131759111665348
-0.00709039723777494,12.6166605965417,1.54798097966218
2.42721224957257,19.3124096221399,1.94325831465823
0.806707284111599,34.3841833729828,7.31759111665348
-3.24810032815972,48.091079380254,11.0392202739826
-2.44139304404812,68.9431691215706,11.3926085429771
-0.0141807944755499,78.2532558212959,11.5034231216416
-0.0141807944755499,78.2532558212959,11.5034231216416
0.799616886873824,74.5798384479975,11.3507194769755
-2.44139304404812,68.0880864114856,11.2189603653101
-3.26228112263527,62.5340183170241,8.7817939643125
-3.26228112263527,56.744797521918,4.34462756331488
-8.95177449484311,44.6439099029677,3.42840569531804
-9.75848177895471,30.8209009756382,3.85948018265507
-10.5651890630663,20.9124400663562,5.59596195932437
-12.9853109154011,15.2482369959409,6.46420284765902
-12.9853109154011,15.2482369959409,6.46420284765902

Velocities: 18
1,0,1
0,0,3
6,6,0
8,7,0
5,6,7
4,6,6
7,6,8
3,1,4
0,0,0
0,0,-2
-2,0,-3
-3,-4,-2
-3,-3,-3
-4,-3,-5
-5,-4,-5
-4,-3,-3
-3,0,-2
0,0,0

InverseVelocities: 18
0,0,0
0,0,0
0,0,0
0,0,0
0,0,0
0,0,0
0,0,0
0,0,0
0,0,0
0,0,0
0,0,0
0,0,0
0,0,0
0,0,0
0,0,0
0,0,0
0,0,0
0,0,0
