GestureName: tap_right
Duration(ms): 752
Handedness: right

SpeakerAngles: 6
55
-55
0
0
110
-110

SpeakerElevations: 6
-10
-10
-10
0
30
30

InterpretedPoints: 16
-2.42721224957257,0.296198132726024,-0.5
-8.90923211141646,-1.37085568767642,-0.805407289332278
-16.197959257372,-4.14010080701769,-1.58987004566377
-17.8184642228329,-5.00116146120734,-0.916221867996836
-8.13088641625596,-0.695858190259103,-4.28446275633149
-4.84733410190737,-7.50536415938069,-3.93716640099763
0,1.1847925309041,-2
0,0,0
0.813797681349374,-0.296198132726024,0.5
8.08834403282931,8.63508920230793,3.58987004566377
5.71076456392117,4.62598406408572,6.45811093399842
15.4054327677359,17.6765115132956,3.37433280199525
5.69658376944562,-2.66578319453421,4.5
16.1908688601342,-4.57396765968584,3.04188906600158
6.49620065631944,-2.31451757383134,2.34729635533386
0,0,0

StrokePoints: 17
0,0,0
-2.42721224957257,0.296198132726024,-0.5
-11.336444360989,-1.0746575549504,-1.30540728933228
-27.534403618361,-5.21475836196809,-2.89527733499604
-45.3528678411939,-10.2159198231754,-3.81149920299288
-53.4837542574499,-10.9117780134345,-8.09596195932437
-58.3310883593572,-18.4171421728152,-12.033128360322
-58.3310883593572,-17.2323496419111,-14.033128360322
-58.3310883593572,-17.2323496419111,-14.033128360322
-57.5172906780079,-17.5285477746371,-13.533128360322
-49.4289466451785,-8.89345857232921,-9.94325831465823
-43.7181820812574,-4.26747450824349,-3.48514738065981
-28.3127493135215,13.4090370050521,-0.110814578664557
-22.6161655440759,10.7432538105179,4.38918542133544
-6.42529668394169,6.16928615083205,7.43107448733702
0.0709039723777485,3.85476857700071,9.77837084267088
0.0709039723777485,3.85476857700071,9.77837084267088

Velocities: 16
-1,1,0
-5,1,0
-11,0,0
-12,0,0
-4,-3,0
-5,0,-4
0,0,0
0,0,0
0,0,0
7,0,4
0,2,4
9,1,8
0,0,0
3,-9,0
0,-2,0
0,0,0

InverseVelocities: 16
0,0,0
0,0,0
0,0,0
0,0,0
0,0,0
0,0,0
0,0,0
0,0,0
0,0,0
0,0,0
0,0,0
0,0,0
0,0,0
0,0,0
0,0,0
0,0,0
