GestureName: tap_back
Duration(ms): 893
Handedness: right

SpeakerAngles: 6
55
-55
0
0
110
-110

SpeakerElevations: 6
-10
-10
-10
0
30
30

InterpretedPoints: 19
1.62050496546097,-0.2686643887376,-0.32635182233307
-0.799616886873824,-4.74807492824879,-1.45811093399842
0.813797681349373,-7.75247274823455,-4.24257369032991
2.43430264681035,-24.1742414939121,-2.65879555832674
-4.06189800950909,-27.4108651540146,2.86214897467405
5.63986059154342,-0.668324446270678,-5.11081457866456
3.2551907253975,4.73917012361638,-8
8.09543443006709,-2.20438259787765,-0.958110933998418
0,0,0
0.813797681349374,-2.07338692908217,3.5
-4.82606291019404,2.1493151099008,2.61081457866456
5.68949337220784,7.82547406852546,0.0479809796621837
4.87569569085847,8.12167220125148,-0.452019020337816
-0.813797681349374,27.997283475362,-3.01485261934019
-3.25519072539749,22.8093637503404,1.0060919136606
-1.62050496546097,12.9344145291515,1.06892551266297
-2.42721224957257,7.32527894671305,0.284462756331488
-1.62759536269875,4.50694428349961,0.305407289332279
0,0,0

StrokePoints: 20
0,0,0
1.62050496546097,-0.2686643887376,-0.32635182233307
0.820888078587149,-5.01673931698639,-1.78446275633149
1.63468575993652,-12.7692120652209,-6.02703644666139
4.06898840674687,-36.943453559133,-8.68583200498813
0.00709039723777671,-64.3543187131477,-5.82368303031408
5.64695098878119,-65.0226431594183,-10.9344976089786
8.90214171417869,-60.283473035802,-18.9344976089786
16.9975761442458,-62.4878556336796,-19.8926085429771
16.9975761442458,-62.4878556336796,-19.8926085429771
17.8113738255952,-64.5612425627618,-16.3926085429771
12.9853109154011,-62.411927452861,-13.7817939643125
18.674804287609,-54.5864533843355,-13.7338129846503
23.5504999784674,-46.464781183084,-14.1858320049881
22.736702297118,-18.467497707722,-17.2006846243283
19.4815115717205,4.34186604261831,-16.1945927106677
17.8610066062596,17.2762805717698,-15.1256671980047
15.433794356687,24.6015595184828,-14.8412044416733
13.8061989939883,29.1085038019825,-14.535797152341
13.8061989939883,29.1085038019825,-14.535797152341

Velocities: 19
0,-1,0
-3,-1,-2
-5,-5,-3
-7,-8,-10
-10,-9,-9
0,-8,0
0,0,0
0,-6,0
0,0,0
0,0,0
0,8,0
9,8,0
9,8,0
8,8,10
7,7,9
4,5,5
1,3,3
1,1,2
0,0,0

InverseVelocities: 19
0,0,0
0,0,0
0,0,0
0,0,0
0,0,0
0,0,0
0,0,0
0,0,0
0,0,0
0,0,0
0,0,0
0,0,0
0,0,0
0,0,0
0,0,0
0,0,0
0,0,0
0,0,0
0,0,0
