GestureName: tap_front
Duration(ms): 705
Handedness: right

SpeakerAngles: 6
55
-55
0
0
110
-110

SpeakerElevations: 6
-10
-10
-10
0
30
30

InterpretedPoints: 15
4.04771721503354,11.0262300639999,-0.389185421335443
1.6134145682232,5.00116146120734,0.916221867996835
6.51038145079499,22.4916098177306,1.48514738065981
0,24.0916402619468,5.13785102532595
0,18.5100384234968,3.52703644666139
0,0,0
-0.806707284111599,-3.08699905195103,-0.305407289332279
-1.62050496546097,-2.79080091922501,-0.805407289332279
-1.6134145682232,-5.04427306097482,-0.958110933998418
-4.06189800950909,-7.59394333545065,-0.610814578664557
-3.2551907253975,-3.33410764080489,-0.610814578664557
-0.813797681349374,0.296198132726024,-0.5
2.44139304404812,1.48099066363012,-2.5
2.44139304404812,-5.34047119370084,-0.458110933998418
0,0,0

StrokePoints: 16
0,0,0
4.04771721503354,11.0262300639999,-0.389185421335443
5.66113178325674,16.0273915252072,0.527036446661393
12.1715132340517,38.5190013429378,2.0121838273212
12.1715132340517,62.6106416048846,7.15003485264715
12.1715132340517,81.1206800283814,10.6770712993085
12.1715132340517,81.1206800283814,10.6770712993085
11.3648059499401,78.0336809764304,10.3716640099763
9.74430098447916,75.2428800572054,9.56625672064399
8.13088641625596,70.1986069962306,8.60814578664557
4.06898840674687,62.6046636607799,7.99733120798101
0.813797681349373,59.270556019975,7.38651662931646
-7.7715611723761E-16,59.5667541527011,6.88651662931646
2.44139304404812,61.0477448163312,4.38651662931646
4.88278608809624,55.7072736226303,3.92840569531804
4.88278608809624,55.7072736226303,3.92840569531804

Velocities: 15
3,0,5
7,5,0
9,9,8
9,9,10
6,6,8
0,0,0
-2,-1,-1
-2,-1,-1
-3,-1,-2
-3,-2,-3
-4,-4,0
0,0,0
0,0,0
-2,-2,-2
0,0,0

InverseVelocities: 15
0,0,0
0,0,0
0,0,0
0,0,0
0,0,0
0,0,0
0,0,0
0,0,0
0,0,0
0,0,0
0,0,0
0,0,0
0,0,0
0,0,0
0,0,0
