GestureName: tap_front
Duration(ms): 846
Handedness: right

SpeakerAngles: 6
55
-55
0
0
110
-110

SpeakerElevations: 6
-10
-10
-10
0
30
30

InterpretedPoints: 18
0.806707284111599,2.54967027447583,-0.347296355333861
-2.44139304404812,10.4398117426525,-0.236481776669304
-7.28163674871771,2.50058073060367,0.458110933998418
3.24810032815972,24.2628206699821,-0.667556264006328
4.05480761227132,14.7815535622216,5.02703644666139
-1.62050496546097,13.6793622632828,4.54798097966218
3.21973873920862,13.1971009737844,2.2425736903299
2.43430264681035,3.08699905195103,0.305407289332279
0,-4.2442578388667,0.868240888334652
2.4201218523348,-2.82431260731812,0.868240888334652
-0.827978475824924,-7.06259250208013,0.889185421335443
3.24100993092194,-9.81390378910734,-2.43716640099763
-3.24810032815972,-15.401483571662,-3.20068462432832
-0.806707284111599,-12.5280814204718,-4.87433280199525
3.26228112263527,-13.4717433066267,-1.72162915732911
-1.62050496546097,-3.65783951751934,0.715537243668512
0.806707284111599,-0.564862521463623,0.17364817766693
0,0,0

StrokePoints: 19
0,0,0
0.806707284111599,2.54967027447583,-0.347296355333861
-1.63468575993652,12.9894820171283,-0.583778132003164
-8.91632250865424,15.490062747732,-0.125667198004747
-5.66822218049452,39.7528834177141,-0.793223462011074
-1.6134145682232,54.5344369799356,4.23381298465032
-3.23391953368417,68.2137992432184,8.7817939643125
-0.014180794475549,81.4109002170028,11.0243676546424
2.4201218523348,84.4978992689538,11.3297749439747
2.4201218523348,80.2536414300871,12.1980158323093
4.84024370466959,77.429328822769,13.066256720644
4.01226522884467,70.3667363206888,13.9554421419794
7.25327515976661,60.5528325315815,11.5182757409818
4.00517483160689,45.1513489599195,8.31759111665348
3.1984675474953,32.6232675394477,3.44325831465823
6.46074867013057,19.151524232821,1.72162915732911
4.84024370466959,15.4936847153017,2.43716640099763
5.64695098878119,14.928822193838,2.61081457866456
5.64695098878119,14.928822193838,2.61081457866456

Velocities: 18
1,0,1
3,3,4
0,6,0
8,7,9
8,6,6
5,6,6
6,1,6
2,1,1
-2,-2,-1
-1,-4,0
-2,-4,-2
-1,-3,-5
-7,-6,-6
-7,-6,-5
-6,-5,-5
-4,-3,0
0,-1,0
0,0,0

InverseVelocities: 18
0,0,0
0,0,0
0,0,0
0,0,0
0,0,0
0,0,0
0,0,0
0,0,0
0,0,0
0,1,0
0,0,0
0,0,0
0,0,0
0,0,0
0,0,0
0,0,0
0,0,0
0,0,0
