GestureName: tap_left
Duration(ms): 611
Handedness: right

SpeakerAngles: 6
55
-55
0
0
110
-110

SpeakerElevations: 6
-10
-10
-10
0
30
30

InterpretedPoints: 13
8.08834403282931,-3.12051074004414,1.36824088833465
16.9975761442458,-19.7223646983893,-0.700684624328323
15.3770711787848,-4.70496332848132,-1.41622186799684
2.42721224957257,-0.833526910201223,-0.152703644666139
0,-3.37721924057237,-0.652703644666139
0,0,0
0,0,0
-17.0117569387213,3.25150640883962,3.08987004566377
-20.2527668696433,1.52938510046032,4.43716640099763
-23.4937768005652,2.23191634186607,0.131759111665348
-9.74430098447916,-0.2686643887376,-0.326351822333069
-1.62759536269875,0.592396265452048,-1
0,0,0

StrokePoints: 14
0,0,0
8.08834403282931,-3.12051074004414,1.36824088833465
25.0859201770751,-22.8428754384335,0.667556264006329
40.4629913558599,-27.5478387669148,-0.748665603990507
42.8902036054325,-28.381365677116,-0.901369248656646
42.8902036054325,-31.7585849176884,-1.55407289332279
42.8902036054325,-31.7585849176884,-1.55407289332279
42.8902036054325,-31.7585849176884,-1.55407289332279
25.8784466667111,-28.5070785088488,1.53579715234098
5.62567979706786,-26.9776934083884,5.97296355333861
-17.8680970034974,-24.7457770665224,6.10472266500395
-27.6123979879765,-25.01444145526,5.77837084267089
-29.2399933506753,-24.4220451898079,4.77837084267089
-29.2399933506753,-24.4220451898079,4.77837084267089

Velocities: 13
1,-6,0
1,-12,-8
0,-12,0
0,-2,0
0,0,-2
0,0,0
0,0,0
0,11,0
-2,11,0
-5,10,0
-2,1,0
0,0,0
0,0,0

InverseVelocities: 13
0,0,0
0,0,0
0,0,0
0,0,0
0,0,0
0,0,0
0,0,0
0,0,0
0,0,0
0,-3,0
0,-1,0
0,0,0
0,0,0
