GestureName: tap_up
Duration(ms): 752
Handedness: right

SpeakerAngles: 6
55
-55
0
0
110
-110

SpeakerElevations: 6
-10
-10
-10
0
30
30

InterpretedPoints: 16
-4.84024370466959,-3.38917512878174,1.04188906600158
-6.43238708117947,-22.3881478929235,3.79931537567168
14.6483582642887,-37.1667745946174,9.07768621834256
12.2069652202406,-40.0401767458077,10.7513343960095
0,-31.0902604714177,3.55674168534177
0.778345695160498,-22.0368822722207,1.64661173100554
-1.6134145682232,-5.09934054895166,0.694592710667721
-0.806707284111599,2.54967027447583,-0.347296355333861
1.63468575993652,13.5268107946035,0.068925512662975
-2.4484834412859,14.2502027288511,3.52703644666139
8.13797681349374,27.3282639220494,-0.383093507674841
8.94468409760534,28.4184993327788,1.79055466999209
0,28.8308103855632,-2.86214897467405
3.21973873920862,20.6660265845443,-2.45201902033782
-3.22682913644639,8.53162727750088,-1.69459271066772
0,0,0

StrokePoints: 17
0,0,0
-4.84024370466959,-3.38917512878174,1.04188906600158
-11.2726307858491,-25.7773230217053,4.84120444167326
3.37572747843967,-62.9440976163227,13.9188906600158
15.5826926986803,-102.98427436213,24.6702250560253
15.5826926986803,-134.074534833548,28.2269667413671
16.3610383938408,-156.111417105769,29.8735784723726
14.7476238256176,-161.21075765472,30.5681711830403
13.940916541506,-158.661087380245,30.2208748277065
15.5756023014425,-145.134276585641,30.2898003403695
13.1271188601566,-130.88407385679,33.8168367870308
21.2650956736503,-103.555809934741,33.433743279356
30.2097797712557,-75.1373106019618,35.2242979493481
30.2097797712557,-46.3065002163986,32.362148974674
33.4295185104643,-25.6404736318544,29.9101299543362
30.2026893740179,-17.1088463543535,28.2155372436685
30.2026893740179,-17.1088463543535,28.2155372436685

Velocities: 16
-6,0,0
-11,0,-8
-12,-12,-11
-12,-12,-12
-11,-11,-10
-4,-9,-8
-2,0,-2
0,1,1
4,5,5
8,7,5
11,11,9
10,9,11
9,9,10
7,2,8
-2,2,4
0,0,0

InverseVelocities: 16
0,0,0
0,0,0
0,0,0
0,0,0
0,0,0
0,0,0
0,0,0
0,0,0
0,0,0
0,0,0
0,0,0
0,0,0
0,0,0
0,0,0
0,0,0
0,0,0
