GestureName: tap_up
Duration(ms): 705
Handedness: right

SpeakerAngles: 6
55
-55
0
0
110
-110

SpeakerElevations: 6
-10
-10
-10
0
30
30

InterpretedPoints: 15
0.00709039723777505,-0.323731876714448,1.32635182233307
-2.41303145509702,-2.55564821858052,1.19459271066772
0,-4.51890017170899,1.38918542133544
0.813797681349374,-8.74160221069195,2.27837084267089
-8.13088641625596,-27.5849724225776,-1.63785102532595
0,-24.5865525466965,1.9939080863394
-0.806707284111599,-3.89897016226852,-0.437166400997627
-0.806707284111599,1.69458756439087,-0.520944533000791
0.00709039723777527,4.78756456044659,-1.06283359900237
-1.6134145682232,25.1238813241717,-1.34120444167326
-0.806707284111599,27.9481939314898,-2.20944533000791
-0.827978475824923,24.0276679693376,-2.66755626400633
-0.813797681349374,7.07454839028951,-2.58377813200316
0,3.96961550602442,-0.347296355333861
0,0,0

StrokePoints: 16
0,0,0
0.00709039723777505,-0.323731876714448,1.32635182233307
-2.40594105785925,-2.87938009529497,2.52094453300079
-2.40594105785925,-7.39828026700395,3.91012995433623
-1.59214337650987,-16.1398824776959,6.18850079700712
-9.72302979276584,-43.7248549002735,4.55064977168117
-9.72302979276584,-68.31140744697,6.54455785802057
-10.5297370768774,-72.2103776092385,6.10739145702294
-11.336444360989,-70.5157900448476,5.58644692402215
-11.3293539637513,-65.728225484401,4.52361332501978
-12.9427685319745,-40.6043441602293,3.18240888334652
-13.7494758160861,-12.6561502287395,0.97296355333861
-14.577454291911,11.3715177405981,-1.69459271066772
-15.3912519732604,18.4460661308876,-4.27837084267088
-15.3912519732604,22.415681636912,-4.62566719800474
-15.3912519732604,22.415681636912,-4.62566719800474

Velocities: 15
0,1,0
-4,0,0
-4,-4,0
-8,-8,0
-9,-8,-11
-7,-7,-9
-5,-4,0
1,2,0
4,5,0
7,9,9
10,11,9
9,7,8
6,6,0
0,0,2
0,0,0

InverseVelocities: 15
0,0,0
0,0,0
0,0,0
0,0,0
0,0,0
0,0,0
0,0,0
0,0,0
0,0,0
0,0,0
0,0,0
0,0,0
0,0,0
0,0,0
0,0,0
