GestureName: tap_left
Duration(ms): 611
Handedness: right

SpeakerAngles: 6
55
-55
0
0
110
-110

SpeakerElevations: 6
-10
-10
-10
0
30
30

InterpretedPoints: 13
4.87569569085847,0.861060654189647,-0.67364817766693
22.6941599136914,-3.60277202954249,-0.937166400997627
20.2811284585944,-6.10335276014616,-1.39527733499604
12.1431516451006,-2.71417763136442,-2.43716640099763
1.6134145682232,-1.12972504292725,0.347296355333861
0,0,0
-6.48201986184389,1.0746575549504,1.30540728933228
-2.44139304404812,-0.888594398178072,1.5
-16.1908688601342,20.879623485305,-0.472963553338607
-20.2385860751677,9.31606464382994,-0.736481776669304
-7.28872714595549,0.027533743988424,-0.826351822333069
-3.24810032815972,-0.2686643887376,-0.32635182233307
0,0,0

StrokePoints: 14
0,0,0
4.87569569085847,0.861060654189647,-0.67364817766693
27.5698556045499,-2.74171137535284,-1.61081457866456
47.8509840631442,-8.84506413549901,-3.0060919136606
59.9941357082449,-11.5592417668634,-5.44325831465823
61.6075502764681,-12.6889668097907,-5.09596195932437
61.6075502764681,-12.6889668097907,-5.09596195932437
55.1255304146242,-11.6143092548403,-3.79055466999209
52.684137370576,-12.5029036530183,-2.29055466999209
36.4932685104419,8.37671983228666,-2.7635182233307
16.2546824352742,17.6927844761166,-3.5
8.96595528931867,17.720318220105,-4.32635182233307
5.71785496115895,17.4516538313674,-4.65270364466614
5.71785496115895,17.4516538313674,-4.65270364466614

Velocities: 13
1,0,0
2,-11,0
-3,-12,0
0,-9,0
0,-2,0
0,0,0
0,4,0
0,0,0
0,12,8
-4,11,3
-3,2,0
-1,0,0
0,0,0

InverseVelocities: 13
0,0,0
0,0,0
0,0,0
0,0,0
0,0,0
0,0,0
0,0,0
0,0,0
0,0,0
0,0,0
0,-1,0
0,0,0
0,0,0
