GestureName: tap_left
Duration(ms): 564
Handedness: right

SpeakerAngles: 6
55
-55
0
0
110
-110

SpeakerElevations: 6
-10
-10
-10
0
30
30

InterpretedPoints: 12
4.05480761227132,-0.888594398178072,1.5
21.0523837565171,-4.78756456044659,1.06283359900237
27.5627652073121,-23.4508495596646,0.799315375671676
14.5845446891488,-4.78756456044659,1.06283359900237
1.59923377374765,-11.5910925854635,0.562833599002373
0.799616886873824,-0.833526910201223,-0.152703644666139
0.813797681349374,-0.296198132726024,0.5
2.39885066062147,1.90818446515162,1.45811093399842
-23.5150479922785,5.29735959393336,0.416221867996835
-21.0807453454682,1.93571820914005,0.631759111665348
-3.24810032815972,0.323731876714448,-1.32635182233307
0,0,0

StrokePoints: 13
0,0,0
4.05480761227132,-0.888594398178072,1.5
25.1071913687884,-5.67615895862466,2.56283359900237
52.6699565761005,-29.1270085182892,3.36214897467405
67.2545012652492,-33.9145730787358,4.42498257367642
68.8537350389969,-45.5056656641993,4.9878161726788
69.6533519258707,-46.3391925744005,4.83511252801266
70.4671496072201,-46.6353907071266,5.33511252801266
72.8660002678416,-44.7272062419749,6.79322346201107
49.350952275563,-39.4298466480416,7.20944533000791
28.2702069300948,-37.4941284389015,7.84120444167326
25.0221066019351,-37.1703965621871,6.51485261934019
25.0221066019351,-37.1703965621871,6.51485261934019

Velocities: 12
1,-1,0
3,-12,0
3,-12,-10
0,-9,0
0,-4,-5
0,-2,0
0,0,0
6,0,0
0,12,0
-3,8,0
-1,0,0
0,0,0

InverseVelocities: 12
0,0,0
0,0,0
0,0,0
0,0,0
0,0,0
0,0,0
0,0,0
0,0,0
0,0,0
0,0,0
0,0,0
0,0,0
