GestureName: tap_up
Duration(ms): 752
Handedness: right

SpeakerAngles: 6
55
-55
0
0
110
-110

SpeakerElevations: 6
-10
-10
-10
0
30
30

InterpretedPoints: 16
0.813797681349374,-0.296198132726024,0.5
-8.10961522454264,-10.2776603622989,6.43107448733702
2.42721224957257,-31.9788548695958,5.05674168534177
-1.6134145682232,-28.8308103855632,2.86214897467405
0,-25.2213653048741,-4.79055466999209
-1.62050496546097,-15.9938798371141,-2.20068462432832
-3.24810032815972,-3.06544325206729,-0.284462756331487
-1.6134145682232,1.12972504292725,-0.347296355333861
0,11.3284061408306,-1.7364817766693
3.26228112263527,23.078028139078,1.33244373599367
6.50329105355721,25.6001646695654,1.81149920299288
0.799616886873824,30.5194200058494,-2.53579715234098
0.806707284111599,7.34321277902711,-2.25742630967009
2.46266423576145,3.47177636074701,-3.52094453300079
-3.2268291364464,0,0
0,0,0

StrokePoints: 17
0,0,0
0.813797681349374,-0.296198132726024,0.5
-7.29581754319326,-10.5738584950249,6.93107448733702
-4.86860529362069,-42.5527133646207,11.9878161726788
-6.48201986184389,-71.3835237501839,14.8499651473528
-6.48201986184389,-96.604889055058,10.0594104773608
-8.10252482730486,-112.598768892172,7.85872585303243
-11.3506251554646,-115.664212144239,7.57426309670095
-12.9640397236878,-114.534487101312,7.22696674136708
-12.9640397236878,-103.206080960482,5.49048496469778
-9.70175860105251,-80.1280528214036,6.82292870069145
-3.1984675474953,-54.5278881518382,8.63442790368433
-2.39885066062147,-24.0084681459888,6.09863075134335
-1.59214337650987,-16.6652553669617,3.84120444167326
0.870520859251573,-13.1934790062147,0.320259908672467
-2.35630827719482,-13.1934790062147,0.320259908672467
-2.35630827719482,-13.1934790062147,0.320259908672467

Velocities: 16
0,0,0
-9,-5,0
-10,-12,-10
-10,-8,-10
-10,-10,-10
-7,-6,-6
-4,-3,0
0,2,0
3,3,4
7,8,9
9,8,10
10,8,11
7,6,0
0,3,0
-2,2,0
0,0,0

InverseVelocities: 16
0,0,0
0,0,0
0,0,0
0,0,0
0,0,0
0,0,0
0,0,0
0,0,0
0,0,0
0,0,0
0,0,0
0,0,0
0,0,0
0,0,0
0,0,0
0,0,0
