GestureName: tap_up
Duration(ms): 658
Handedness: right

SpeakerAngles: 6
55
-55
0
0
110
-110

SpeakerElevations: 6
-10
-10
-10
0
30
30

InterpretedPoints: 14
-12.164422836814,-11.7035835379522,7.27837084267088
8.13797681349374,-31.2428119400969,-0.922313781657437
-7.30999833766881,-28.4244772768835,-0.943258314658228
0.0141807944755494,-29.3681391630384,2.20944533000791
0.813797681349374,-17.2062061120066,0.625667198004746
0,0,0
0.820888078587149,11.3008723968422,-0.910129954336234
4.07607880398464,22.1894337408999,2.83244373599367
4.88278608809624,24.4764175707428,1.31149920299288
7.30290794043104,30.1406206411581,0.443258314658228
1.60632417098542,8.17673968922833,-2.10472266500395
6.51038145079499,5.75876019058993,-5.04188906600158
-3.23391953368417,3.17557822802099,-3.02094453300079
0,0,0

StrokePoints: 15
0,0,0
-12.164422836814,-11.7035835379522,7.27837084267088
-4.02644602332022,-42.9463954780491,6.35605706101345
-11.336444360989,-71.3708727549326,5.41279874635522
-11.3222635665135,-100.739011917971,7.62224407636313
-10.5084658851641,-117.945218029978,8.24791127436787
-10.5084658851641,-117.945218029978,8.24791127436787
-9.68757780657696,-106.644345633135,7.33778132003164
-5.61149900259232,-84.4549118922356,10.1702250560253
-0.728712914496074,-59.9784943214928,11.4817242590182
6.57419502593496,-29.8378736803347,11.9249825736764
8.18051919692039,-21.6611339911064,9.82025990867247
14.6909006477154,-15.9023738005164,4.77837084267088
11.4569811140312,-12.7267955724954,1.75742630967009
11.4569811140312,-12.7267955724954,1.75742630967009

Velocities: 14
-11,-5,0
-12,-12,-11
-12,-10,-10
-11,-9,-10
-6,-6,-6
0,0,0
3,4,4
7,8,9
9,9,9
12,9,11
9,6,0
3,3,0
0,3,0
0,0,0

InverseVelocities: 14
0,0,0
0,0,0
0,0,0
0,0,0
0,0,0
0,0,0
0,0,0
0,0,0
0,0,0
0,0,0
0,0,0
0,0,0
0,0,0
0,0,0
