GestureName: swipe_right
Duration(ms): 517
Handedness: right

SpeakerAngles: 6
55
-55
0
0
110
-110

SpeakerElevations: 6
-10
-10
-10
0
30
30

InterpretedPoints: 11
-1.62050496546097,0.2686643887376,0.32635182233307
-4.05480761227132,2.22593839776138,0.979055466999209
-6.48201986184389,5.09934054895166,-0.694592710667721
-12.1715132340517,-0.564862521463624,0.173648177666931
-14.6058158808621,0.592396265452048,-1
-10.5368274741152,-2.50058073060367,-0.458110933998418
-9.72302979276584,-1.6119863324256,-1.95811093399842
-10.5510082685908,-2.55564821858052,1.19459271066772
-5.66822218049452,-1.37085568767642,-0.805407289332278
-1.62050496546097,-0.2686643887376,-0.32635182233307
0,0,0

StrokePoints: 12
0,0,0
-1.62050496546097,0.2686643887376,0.32635182233307
-5.67531257773229,2.49460278649898,1.30540728933228
-12.1573324395762,7.59394333545065,0.610814578664557
-24.3288456736279,7.02908081398702,0.784462756331488
-38.93466155449,7.62147707943907,-0.215537243668512
-49.4714890286052,5.1208963488354,-0.67364817766693
-59.194518821371,3.5089100164098,-2.63175911166535
-69.7455270899618,0.953261797829284,-1.43716640099763
-75.4137492704563,-0.417593889847138,-2.2425736903299
-77.0342542359173,-0.686258278584738,-2.56892551266297
-77.0342542359173,-0.686258278584738,-2.56892551266297

Velocities: 11
0,1,0
0,2,1
-1,3,2
-3,2,0
-3,3,0
-6,0,0
-6,0,0
-4,0,0
-4,0,0
-1,0,0
0,0,0

InverseVelocities: 11
0,0,0
0,0,0
0,0,0
0,0,0
0,-1,0
0,0,0
0,0,0
0,0,0
0,0,0
0,0,0
0,0,0
