GestureName: swipe_front
Duration(ms): 658
Handedness: right

SpeakerAngles: 6
55
-55
0
0
110
-110

SpeakerElevations: 6
-10
-10
-10
0
30
30

InterpretedPoints: 14
1.62759536269875,-0.592396265452048,1
0,0,0
0,0,0
0.806707284111599,0.564862521463623,-0.17364817766693
0,0,0
1.60632417098542,1.39838943166485,-0.0209445330007911
0,3.33410764080489,0.610814578664557
0.806707284111599,1.63952007641402,1.13175911166535
1.62759536269875,16.0429693809863,1.39527733499604
-0.806707284111599,13.4932991065104,1.7425736903299
3.2268291364464,14.9252002262684,0.0479809796621837
-1.6134145682232,10.1436136099265,0.263518223330696
0,1.98480775301221,-0.17364817766693
0,0,0

StrokePoints: 15
0,0,0
1.62759536269875,-0.592396265452048,1
1.62759536269875,-0.592396265452048,1
1.62759536269875,-0.592396265452048,1
2.43430264681035,-0.0275337439884242,0.82635182233307
2.43430264681035,-0.0275337439884242,0.82635182233307
4.04062681779577,1.37085568767642,0.805407289332279
4.04062681779577,4.70496332848131,1.41622186799684
4.84733410190737,6.34448340489534,2.54798097966218
6.47492946460611,22.3874527858816,3.94325831465823
5.66822218049452,35.880751892392,5.68583200498813
8.89505131694091,50.8059521186604,5.73381298465032
7.28163674871771,60.9495657285869,5.99733120798101
7.28163674871771,62.9343734815991,5.82368303031408
7.28163674871771,62.9343734815991,5.82368303031408

Velocities: 14
0,0,0
0,0,0
0,0,0
1,0,0
0,0,0
3,0,0
4,4,0
3,2,0
4,4,7
3,4,6
8,4,5
2,4,4
0,0,1
0,0,0

InverseVelocities: 14
0,0,0
0,0,0
0,0,0
0,0,0
0,0,0
0,0,0
0,0,0
0,0,0
0,0,0
0,0,0
0,0,0
0,0,0
0,0,0
0,0,0
