GestureName: swipe_front
Duration(ms): 470
Handedness: right

SpeakerAngles: 6
55
-55
0
0
110
-110

SpeakerElevations: 6
-10
-10
-10
0
30
30

InterpretedPoints: 10
0.813797681349374,-0.296198132726024,0.5
0.0141807944755501,0.537328777475199,0.652703644666139
1.63468575993652,4.19516829499454,-0.0628335990023732
4.06898840674687,3.03790950807887,1.11081457866456
-0.806707284111599,8.93128733503396,3.08987004566377
-0.813797681349374,11.7771557422358,2.24257369032991
-3.24810032815972,1.8806507211632,2.28446275633149
-0.820888078587149,6.4642182925234,0.958110933998418
0,0.537328777475199,0.652703644666139
0,0,0

StrokePoints: 11
0,0,0
0.813797681349374,-0.296198132726024,0.5
0.827978475824924,0.241130644749175,1.15270364466614
2.46266423576145,4.43629893974371,1.08987004566377
6.53165264250832,7.47420844782258,2.20068462432832
5.72494535839672,16.4054957828565,5.29055466999209
4.91114767704734,28.1826515250924,7.53312836032199
1.66304734888762,30.0633022462556,9.81759111665348
0.842159270300473,36.527520538779,10.7757020506519
0.842159270300473,37.0648493162541,11.428405695318
0.842159270300473,37.0648493162541,11.428405695318

Velocities: 10
0,0,0
0,2,0
4,5,0
4,4,0
3,4,4
4,4,5
3,4,0
2,1,3
1,1,0
0,0,0

InverseVelocities: 10
0,0,0
0,0,0
0,0,0
0,0,0
0,0,0
0,0,0
0,0,0
0,0,0
0,0,0
0,0,0
