GestureName: swipe_down
Duration(ms): 564
Handedness: right

SpeakerAngles: 6
55
-55
0
0
110
-110

SpeakerElevations: 6
-10
-10
-10
0
30
30

InterpretedPoints: 12
-1.62050496546097,2.25347214174981,0.152703644666139
0.806707284111599,2.49460278649898,1.30540728933228
0,8.42149230154718,1.61081457866456
1.62050496546097,9.22748546775998,2.58987004566377
1.62759536269875,10.0885461219496,1.91622186799684
4.07607880398464,13.7679414393527,1.22162915732911
0,14.5404229174724,3.87433280199525
0,15.3955056275574,4.04798097966218
-0.813797681349374,11.0322080081045,-1.2364817766693
0.00709039723777505,5.36800493768926,-0.368240888334652
-0.806707284111599,2.54967027447583,-0.347296355333861
0,0,0

StrokePoints: 13
0,0,0
-1.62050496546097,2.25347214174981,0.152703644666139
-0.813797681349374,4.74807492824879,1.45811093399842
-0.813797681349374,13.169567229796,3.06892551266297
0.806707284111599,22.397052697556,5.65879555832674
2.43430264681035,32.4855988195056,7.57501742632358
6.51038145079499,46.2535402588583,8.79664658365269
6.51038145079499,60.7939631763307,12.6709793856479
6.51038145079499,76.189468803888,16.7189603653101
5.69658376944562,87.2216768119926,15.4824785886408
5.70367416668339,92.5896817496819,15.1142377003062
4.89696688257179,95.1393520241577,14.7669413449723
4.89696688257179,95.1393520241577,14.7669413449723

Velocities: 12
0,1,1
2,1,1
2,2,4
4,3,4
4,4,4
5,6,5
6,6,6
5,5,7
3,3,4
1,2,2
0,1,1
0,0,0

InverseVelocities: 12
0,0,0
0,0,0
0,0,0
0,0,0
0,0,0
0,0,0
0,0,0
0,0,0
0,0,0
0,0,0
0,0,0
0,0,0
