GestureName: swipe_back
Duration(ms): 564
Handedness: right

SpeakerAngles: 6
55
-55
0
0
110
-110

SpeakerElevations: 6
-10
-10
-10
0
30
30

InterpretedPoints: 12
0.806707284111599,-0.564862521463623,0.17364817766693
-3.22682913644639,-3.65186157341465,-0.131759111665348
-1.6134145682232,-6.17399810390206,-0.610814578664557
0.00709039723777494,-5.31293744971241,-1.28446275633149
-0.806707284111599,-5.66420307041529,0.868240888334652
-1.62050496546097,-4.78756456044659,1.06283359900237
-0.813797681349374,-4.22270203898296,0.889185421335443
2.41303145509702,-1.96325195312847,0.194592710667721
-4.05480761227132,-1.37085568767642,-0.805407289332278
1.62050496546097,0.916128142166496,-2.32635182233307
-1.62759536269875,0.592396265452048,-1
0,0,0

StrokePoints: 13
0,0,0
0.806707284111599,-0.564862521463623,0.17364817766693
-2.4201218523348,-4.21672409487828,0.0418890660015821
-4.03353642055799,-10.3907221987803,-0.568925512662975
-4.02644602332022,-15.7036596484928,-1.85338826899446
-4.83315330743182,-21.367862718908,-0.985147380659811
-6.45365827289279,-26.1554272793546,0.0776862183425624
-7.26745595424216,-30.3781293183376,0.966871639678005
-4.85442449914514,-32.3413812714661,1.16146435034573
-8.90923211141646,-33.7122369591425,0.356057061013448
-7.28872714595549,-32.796108816976,-1.97029476131962
-8.91632250865423,-32.203712551524,-2.97029476131962
-8.91632250865423,-32.203712551524,-2.97029476131962

Velocities: 12
0,-1,0
-4,0,-1
-4,-2,-2
-3,-2,-2
-2,-1,-2
-5,-4,0
-4,-4,0
0,-4,0
-3,-1,0
0,-1,0
0,0,0
0,0,0

InverseVelocities: 12
0,0,0
0,0,0
0,0,0
0,0,0
0,0,0
0,0,0
0,0,0
0,0,0
0,0,0
0,0,0
0,0,0
0,0,0
