GestureName: swipe_back
Duration(ms): 564
Handedness: right

SpeakerAngles: 6
55
-55
0
0
110
-110

SpeakerElevations: 6
-10
-10
-10
0
30
30

InterpretedPoints: 12
-0.806707284111599,-0.564862521463623,0.17364817766693
-4.83315330743182,-6.17997604800675,0.236481776669303
-1.60632417098542,-7.83507398019982,-1.7635182233307
2.43430264681035,-8.13127211292585,-1.2635182233307
-1.6134145682232,-9.49614985649758,-2.91622186799684
3.26228112263527,-3.60277202954249,-0.937166400997627
3.2551907253975,-2.74171137535285,-1.61081457866456
0.827978475824924,-1.31578819969957,-2.45811093399842
5.66822218049452,-0.186063156772327,-2.80540728933228
-0.813797681349374,-3.09297699605572,0.541889066001582
2.42721224957257,-0.833526910201223,-0.152703644666139
0,0,0

StrokePoints: 13
0,0,0
-0.806707284111599,-0.564862521463623,0.17364817766693
-5.63986059154342,-6.74483856947037,0.410129954336234
-7.24618476252884,-14.5799125496702,-1.35338826899446
-4.81188211571849,-22.711184662596,-2.61690649232516
-6.42529668394169,-32.2073345190936,-5.53312836032199
-3.16301556130642,-35.8101065486361,-6.47029476131962
0.0921751640910764,-38.551817923989,-8.08110933998418
0.920153639916001,-39.8676061236885,-10.5392202739826
6.58837582041052,-40.0536692804609,-13.3446275633149
5.77457813906114,-43.1466462765166,-12.8027384973133
8.20179038863371,-43.9801731867178,-12.9554421419794
8.20179038863371,-43.9801731867178,-12.9554421419794

Velocities: 12
-1,0,0
-8,-1,-1
-5,-2,-3
-3,-4,-3
-5,-3,-4
-5,-4,0
-4,-4,0
-4,-2,0
0,-4,0
-3,-3,0
0,-2,0
0,0,0

InverseVelocities: 12
0,0,0
0,0,0
0,0,0
0,0,0
0,0,0
0,0,0
0,0,0
0,0,0
0,0,0
0,0,0
0,0,0
0,0,0
