GestureName: swipe_left
Duration(ms): 517
Handedness: right

SpeakerAngles: 6
55
-55
0
0
110
-110

SpeakerElevations: 6
-10
-10
-10
0
30
30

InterpretedPoints: 11
0.813797681349374,-0.296198132726024,0.5
0.813797681349374,-0.888594398178072,1.5
4.86151489638292,0.213596900760751,1.97905546699921
8.11670562178041,-0.378799364691296,2.97905546699921
17.0401185276724,3.95403765024536,-1.21553724366851
11.3648059499401,0.482261289498351,2.30540728933228
18.6535330958956,-0.027533743988424,0.826351822333069
15.4054327677359,-2.81833466321343,0.0209445330007907
5.68240297497007,-6.47019623662808,-0.110814578664557
2.43430264681035,0.0275337439884242,-0.82635182233307
0,0,0

StrokePoints: 12
0,0,0
0.813797681349374,-0.296198132726024,0.5
1.62759536269875,-1.1847925309041,2
6.48911025908167,-0.971195630143344,3.97905546699921
14.6058158808621,-1.34999499483464,6.95811093399842
31.6459344085345,2.60404265541072,5.74257369032991
43.0107403584746,3.08630394490908,8.04798097966218
61.6642734543703,3.05877020092065,8.87433280199525
77.0697062221062,0.240435537707222,8.89527733499604
82.7521091970762,-6.22976069892086,8.78446275633149
85.1864118438866,-6.20222695493244,7.95811093399842
85.1864118438866,-6.20222695493244,7.95811093399842

Velocities: 11
0,0,0
0,0,0
3,0,0
3,0,0
7,0,0
4,0,0
5,-4,0
3,-5,-1
-2,-4,-2
0,-1,0
0,0,0

InverseVelocities: 11
0,0,0
0,0,0
0,0,0
0,0,0
0,0,0
0,0,0
0,0,0
-2,0,0
0,0,0
0,0,0
0,0,0
