GestureName: swipe_left
Duration(ms): 564
Handedness: right

SpeakerAngles: 6
55
-55
0
0
110
-110

SpeakerElevations: 6
-10
-10
-10
0
30
30

InterpretedPoints: 12
1.62050496546097,-0.323731876714448,1.32635182233307
5.68240297497007,-0.351265620702872,2.15270364466614
13.813289391226,1.69458756439087,-0.520944533000791
21.0949261399437,4.78756456044659,-1.06283359900237
17.8397354145462,0.213596900760751,1.97905546699921
15.4125231649737,-4.86418784830717,2.69459271066772
15.3983423704981,-9.37113213180679,2.38918542133544
11.3506251554646,-7.56640959146222,-1.43716640099763
5.67531257773229,-2.76924511934127,-0.784462756331487
5.66113178325674,-2.23191634186607,-0.131759111665348
1.6134145682232,-3.11453279593945,0.520944533000791
0,0,0

StrokePoints: 13
0,0,0
1.62050496546097,-0.323731876714448,1.32635182233307
7.30290794043104,-0.67499749741732,3.47905546699921
21.1161973316571,1.01959006697355,2.95811093399842
42.2111234716008,5.80715462742014,1.89527733499604
60.0508588861471,6.02075152818089,3.87433280199525
75.4633820511207,1.15656367987372,6.56892551266297
90.8617244216189,-8.21456845193307,8.95811093399842
102.212349577083,-15.7809780433953,7.52094453300079
107.887662154816,-18.5502231627366,6.7364817766693
113.548793938072,-20.7821395046026,6.60472266500395
115.162208506296,-23.8966723005421,7.12566719800474
115.162208506296,-23.8966723005421,7.12566719800474

Velocities: 12
1,0,0
2,0,0
3,0,0
9,0,0
6,-3,0
2,-5,-1
2,-7,-3
0,-6,-3
-2,-5,0
0,-5,0
0,-2,-1
0,0,0

InverseVelocities: 12
0,0,0
0,0,0
0,0,0
0,0,0
0,0,0
0,0,0
0,0,0
0,0,0
0,0,0
0,0,0
0,0,0
0,0,0
