GestureName: swipe_up
Duration(ms): 517
Handedness: right

SpeakerAngles: 6
55
-55
0
0
110
-110

SpeakerElevations: 6
-10
-10
-10
0
30
30

InterpretedPoints: 11
0.813797681349374,-0.888594398178072,1.5
0,-2.36958506180819,4
0.00709039723777494,-1.50852440761854,3.32635182233307
1.6134145682232,-5.64862521463624,1.7364817766693
0,-27.7561528306128,4.16755626400633
-3.2551907253975,-26.4061578357782,-2.79055466999209
-0.799616886873823,-14.6840695815192,1.10472266500396
1.63468575993652,-11.0046742641161,0.410129954336234
-0.806707284111599,-5.07180680496324,-0.131759111665348
-0.806707284111599,-0.564862521463623,0.17364817766693
0,0,0

StrokePoints: 12
0,0,0
0.813797681349374,-0.888594398178072,1.5
0.813797681349374,-3.25817945998626,5.5
0.820888078587149,-4.76670386760481,8.82635182233307
2.43430264681035,-10.415329082241,10.5628335990024
2.43430264681035,-38.1714819128538,14.7303898630087
-0.82088807858715,-64.577639748632,11.9398351930166
-1.62050496546097,-79.2617093301512,13.0445578580206
0.0141807944755492,-90.2663835942673,13.4546878123568
-0.792526489636049,-95.3381903992306,13.3229287006915
-1.59923377374765,-95.9030529206942,13.4965768783584
-1.59923377374765,-95.9030529206942,13.4965768783584

Velocities: 11
0,0,0
0,0,0
0,1,0
-4,-6,0
-7,-7,-10
-10,-10,-10
-6,-4,-5
-4,-3,-4
-2,-1,-2
-1,0,0
0,0,0

InverseVelocities: 11
0,0,0
0,0,0
0,0,0
0,0,0
0,0,0
0,0,0
0,0,0
0,0,0
0,0,0
0,0,0
0,0,0
