GestureName: swipe_up
Duration(ms): 611
Handedness: right

SpeakerAngles: 6
55
-55
0
0
110
-110

SpeakerElevations: 6
-10
-10
-10
0
30
30

InterpretedPoints: 13
-0.813797681349374,-0.296198132726024,0.5
0,0.800015222108113,1.82635182233307
-0.813797681349374,1.57847464433249,3.63175911166535
-0.813797681349374,-2.66578319453421,4.5
-1.63468575993652,-1.4534569196417,1.67364817766693
-2.43430264681035,-22.311524605063,2.16755626400633
2.44139304404812,-19.4105887098843,-0.332443735993671
0.00709039723777494,-17.3862913246743,-3.02703644666139
0,-14.5954904054492,-2.22162915732911
2.44139304404812,-10.4398117426525,0.236481776669304
2.44139304404812,-2.50058073060367,-0.458110933998418
-0.806707284111599,-0.564862521463623,0.17364817766693
0,0,0

StrokePoints: 14
0,0,0
-0.813797681349374,-0.296198132726024,0.5
-0.813797681349374,0.503817089382089,2.32635182233307
-1.62759536269875,2.08229173371458,5.95811093399842
-2.44139304404812,-0.583491460819639,10.4581109339984
-4.07607880398464,-2.03694838046133,12.1317591116653
-6.51038145079499,-24.3484729855243,14.2993153756717
-4.06898840674687,-43.7590616954086,13.966871639678
-4.06189800950909,-61.1453530200828,10.9398351930166
-4.06189800950909,-75.740843425532,8.7182060356875
-1.62050496546097,-86.1806551681846,8.9546878123568
0.820888078587149,-88.6812358987882,8.49657687835839
0.0141807944755505,-89.2460984202519,8.67022505602532
0.0141807944755505,-89.2460984202519,8.67022505602532

Velocities: 13
0,0,0
0,0,1
2,2,1
0,0,0
0,-1,0
-9,-8,-7
-9,-9,-6
-7,-6,-7
-5,-5,-6
-3,-3,-4
-3,-3,0
-1,0,0
0,0,0

InverseVelocities: 13
0,0,0
0,0,0
0,0,0
0,0,0
0,0,0
0,0,0
0,0,0
0,0,0
0,0,0
0,0,0
0,0,0
0,0,0
0,0,0
