GestureName: swipe_right
Duration(ms): 564
Handedness: right

SpeakerAngles: 6
55
-55
0
0
110
-110

SpeakerElevations: 6
-10
-10
-10
0
30
30

InterpretedPoints: 12
-0.813797681349374,-0.296198132726024,0.5
-3.24810032815972,0.2686643887376,0.32635182233307
-2.43430264681035,2.54967027447583,-0.347296355333861
-8.92341290589201,0.296198132726024,-0.5
-10.5368274741152,-0.241130644749176,-1.15270364466614
-12.164422836814,-1.90818446515162,-1.45811093399842
-8.91632250865424,-1.63952007641402,-1.13175911166535
-9.72302979276584,-2.20438259787765,-0.958110933998418
-4.86151489638292,-0.805993166212799,-0.979055466999209
-1.62759536269875,0.592396265452048,-1
-0.813797681349374,0.296198132726024,-0.5
0,0,0

StrokePoints: 13
0,0,0
-0.813797681349374,-0.296198132726024,0.5
-4.06189800950909,-0.0275337439884243,0.826351822333069
-6.49620065631944,2.52213653048741,0.479055466999209
-15.4196135622115,2.81833466321343,-0.0209445330007912
-25.9564410363267,2.57720401846426,-1.17364817766693
-38.1208638731406,0.669019553312633,-2.63175911166535
-47.0371863817949,-0.970500523101389,-3.7635182233307
-56.7602161745607,-3.17488312097904,-4.72162915732911
-61.6217310709436,-3.98087628719183,-5.70068462432832
-63.2493264336424,-3.38848002173979,-6.70068462432832
-64.0631241149917,-3.09228188901376,-7.20068462432832
-64.0631241149917,-3.09228188901376,-7.20068462432832

Velocities: 12
0,0,0
0,1,0
0,1,1
-2,2,0
-4,2,0
-6,0,0
-5,0,0
-6,0,0
-3,0,0
0,0,0
0,0,0
0,0,0

InverseVelocities: 12
0,0,0
0,0,0
0,0,0
0,0,0
0,0,0
0,0,0
0,0,0
0,0,0
0,0,0
0,0,0
0,0,0
0,0,0
