GestureName: swipe_right
Duration(ms): 611
Handedness: right

SpeakerAngles: 6
55
-55
0
0
110
-110

SpeakerElevations: 6
-10
-10
-10
0
30
30

InterpretedPoints: 13
-1.62050496546097,0.2686643887376,0.32635182233307
-4.05480761227132,2.22593839776138,0.979055466999209
-7.30290794043104,-0.0275337439884242,0.826351822333069
-11.3506251554646,0.592396265452047,-1
-12.9640397236878,-1.66705382040245,-0.305407289332278
-12.9640397236878,-1.0746575549504,-1.30540728933228
-12.1573324395762,-2.76924511934127,-0.784462756331487
-5.64695098878119,-3.95403765024536,1.21553724366851
-4.84024370466959,-3.38917512878174,1.04188906600158
-2.4201218523348,-5.66420307041529,0.868240888334652
-3.24100993092194,-0.537328777475199,-0.652703644666139
-0.813797681349374,0.296198132726024,-0.5
0,0,0

StrokePoints: 14
0,0,0
-1.62050496546097,0.2686643887376,0.32635182233307
-5.67531257773229,2.49460278649898,1.30540728933228
-12.9782205181633,2.46706904251056,2.13175911166535
-24.3288456736279,3.05946530796261,1.13175911166535
-37.2928853973157,1.39241148756016,0.82635182233307
-50.2569251210035,0.31775393260976,-0.479055466999208
-62.4142575605797,-2.45149118673151,-1.2635182233307
-68.0612085493608,-6.40552883697687,-0.0479809796621833
-72.9014522540304,-9.79470396575861,0.993908086339399
-75.3215741063652,-15.4589070361739,1.86214897467405
-78.5625840372872,-15.9962358136491,1.20944533000791
-79.3763817186366,-15.7000376809231,0.709445330007911
-79.3763817186366,-15.7000376809231,0.709445330007911

Velocities: 13
0,1,0
0,2,1
-1,2,0
-3,3,0
-6,2,0
-6,2,0
-7,0,0
-7,0,0
-6,0,0
-3,0,-2
-2,0,0
0,0,0
0,0,0

InverseVelocities: 13
0,0,0
0,0,0
0,0,0
0,0,0
0,-2,0
0,0,0
0,0,0
0,0,0
0,0,0
0,0,0
0,0,0
0,0,0
0,0,0
