GestureName: swipe_front
Duration(ms): 564
Handedness: right

SpeakerAngles: 6
55
-55
0
0
110
-110

SpeakerElevations: 6
-10
-10
-10
0
30
30

InterpretedPoints: 12
-2.43430264681035,-0.0275337439884242,0.82635182233307
0.00709039723777505,0.2686643887376,0.32635182233307
0.0141807944755501,6.49175203651182,0.131759111665348
1.60632417098542,3.59081614133312,2.63175911166535
3.23391953368417,1.39838943166485,-0.0209445330007911
7.29581754319326,0.778459422224375,1.80540728933228
-1.62759536269875,10.6258748994248,2.56892551266297
0,8.95882107902238,2.2635182233307
-0.0141807944755503,7.56640959146222,1.43716640099763
1.6134145682232,5.04427306097482,0.958110933998418
0,-0.592396265452048,1
0,0,0

StrokePoints: 13
0,0,0
-2.43430264681035,-0.0275337439884242,0.82635182233307
-2.42721224957257,0.241130644749175,1.15270364466614
-2.41303145509702,6.732882681261,1.28446275633149
-0.806707284111599,10.3236988225941,3.91622186799684
2.42721224957257,11.722088254259,3.89527733499604
9.72302979276584,12.5005476764833,5.70068462432832
8.09543443006709,23.1264225759082,8.2696101369913
8.09543443006709,32.0852436549306,10.533128360322
8.08125363559154,39.6516532463928,11.9702947613196
9.69466820381474,44.6959263073676,12.928405695318
9.69466820381474,44.1035300419155,13.928405695318
9.69466820381474,44.1035300419155,13.928405695318

Velocities: 12
0,1,0
0,1,0
0,2,3
3,0,2
3,0,0
4,0,0
5,5,4
3,3,4
4,2,3
3,1,2
0,0,0
0,0,0

InverseVelocities: 12
0,0,0
0,0,0
0,0,0
0,0,0
0,0,0
0,0,0
0,0,0
0,0,0
0,0,0
0,0,0
0,0,0
0,0,0
