GestureName: swipe_left
Duration(ms): 611
Handedness: right

SpeakerAngles: 6
55
-55
0
0
110
-110

SpeakerElevations: 6
-10
-10
-10
0
30
30

InterpretedPoints: 13
0.813797681349374,-0.296198132726024,0.5
1.62050496546097,3.64588362930997,0.979055466999209
4.06189800950909,4.74209698414411,2.30540728933228
5.66113178325674,5.8167545390945,3.61081457866456
11.3506251554646,1.01959006697355,2.95811093399842
19.4744211744828,3.92650390625694,-0.389185421335443
12.9924013126389,5.00116146120734,0.916221867996835
12.9711301209256,0.805993166212799,0.979055466999209
11.3648059499401,-1.12972504292725,0.347296355333861
6.48911025908166,-0.213596900760752,-1.97905546699921
2.4201218523348,-1.69458756439087,0.520944533000791
1.62050496546097,-0.2686643887376,-0.32635182233307
0,0,0

StrokePoints: 14
0,0,0
0.813797681349374,-0.296198132726024,0.5
2.43430264681035,3.34968549658394,1.47905546699921
6.49620065631944,8.09178248072805,3.78446275633149
12.1573324395762,13.9085370198226,7.39527733499604
23.5079575950408,14.9281270867961,10.3533882689945
42.9823787695235,18.854630993053,9.96420284765902
55.9747800821624,23.8557924542604,10.8804247156559
68.945910203088,24.6617856204732,11.8594801826551
80.3107161530281,23.5320605775459,12.2067765379889
86.7998264121098,23.3184636767852,10.2277210709897
89.2199482644446,21.6238761123943,10.7486656039905
90.8404532299055,21.3552117236567,10.4223137816574
90.8404532299055,21.3552117236567,10.4223137816574

Velocities: 13
0,0,0
1,0,2
1,0,3
5,0,3
6,0,0
8,0,0
8,4,0
5,-2,0
1,-3,0
0,-3,0
0,-3,0
0,-1,0
0,0,0

InverseVelocities: 13
0,0,0
0,0,0
0,0,0
0,0,0
0,0,0
0,0,0
0,-2,0
0,0,0
0,0,0
0,0,0
0,0,0
0,0,0
0,0,0
