GestureName: swipe_down
Duration(ms): 564
Handedness: right

SpeakerAngles: 6
55
-55
0
0
110
-110

SpeakerElevations: 6
-10
-10
-10
0
30
30

InterpretedPoints: 12
-0.806707284111599,0.564862521463623,-0.17364817766693
-0.813797681349374,0.241130644749175,1.15270364466614
1.6134145682232,8.10373836893742,2.08987004566377
-0.813797681349374,3.57523828555407,1.7635182233307
0.8350688730627,8.30773535802381,2.35338826899446
3.26937151987305,29.9054679405136,-1.55674168534177
2.43430264681035,23.1115398271711,-0.341204441673259
-5.68240297497007,14.6290020935424,0.547980979662184
-0.806707284111599,-0.0275337439884242,0.826351822333069
0,0,0
-1.6134145682232,0.537328777475199,0.652703644666139
0,0,0

StrokePoints: 13
0,0,0
-0.806707284111599,0.564862521463623,-0.17364817766693
-1.62050496546097,0.805993166212799,0.979055466999209
-0.00709039723777494,8.90973153515022,3.06892551266297
-0.820888078587149,12.4849698207043,4.83244373599367
0.0141807944755508,20.7927051787281,7.18583200498813
3.2835523143486,50.6981731192417,5.62909031964636
5.71785496115894,73.8097129464128,5.2878858779731
0.0354519861888756,88.4387150399551,5.83586685763529
-0.771255297922723,88.4111812959667,6.66221867996836
-0.771255297922723,88.4111812959667,6.66221867996836
-2.38466986614592,88.9485100734419,7.3149223246345
-2.38466986614592,88.9485100734419,7.3149223246345

Velocities: 12
0,1,0
1,1,0
5,3,3
5,5,0
9,12,0
10,12,10
9,8,8
5,7,5
0,1,0
0,0,0
0,2,0
0,0,0

InverseVelocities: 12
0,0,0
0,0,0
0,0,0
0,0,0
0,0,0
0,0,0
0,0,0
0,0,0
0,0,0
0,0,0
0,0,0
0,0,0
