GestureName: swipe_right
Duration(ms): 517
Handedness: right

SpeakerAngles: 6
55
-55
0
0
110
-110

SpeakerElevations: 6
-10
-10
-10
0
30
30

InterpretedPoints: 11
-0.813797681349374,-0.296198132726024,0.5
-1.62050496546097,0.2686643887376,0.32635182233307
-2.42721224957257,2.81833466321343,-0.0209445330007911
-12.1573324395762,-1.10219129893882,-0.479055466999209
-12.9640397236878,-1.0746575549504,-1.30540728933228
-12.9853109154011,-1.343321943688,-1.63175911166535
-8.10252482730486,-1.93571820914005,-0.631759111665348
-4.05480761227132,-0.241130644749175,-1.15270364466614
-4.05480761227132,-0.241130644749175,-1.15270364466614
-0.813797681349374,0.296198132726024,-0.5
0,0,0

StrokePoints: 12
0,0,0
-0.813797681349374,-0.296198132726024,0.5
-2.43430264681035,-0.0275337439884242,0.826351822333069
-4.86151489638292,2.79080091922501,0.805407289332278
-17.0188473359591,1.68860962028618,0.326351822333069
-29.9828870596469,0.613952065335785,-0.979055466999208
-42.968197975048,-0.729369878352213,-2.61081457866456
-51.0707228023528,-2.66508808749226,-3.2425736903299
-55.1255304146242,-2.90621873224144,-4.39527733499604
-59.1803380268955,-3.14734937699061,-5.54798097966218
-59.9941357082449,-2.85115124426459,-6.04798097966218
-59.9941357082449,-2.85115124426459,-6.04798097966218

Velocities: 11
0,0,0
0,1,0
0,2,1
-5,2,0
-6,2,0
-5,0,0
-5,0,0
-2,0,0
-2,0,0
0,0,0
0,0,0

InverseVelocities: 11
0,0,0
0,0,0
0,0,0
0,-3,0
0,0,0
0,0,0
0,0,0
0,0,0
0,0,0
0,0,0
0,0,0
