GestureName: swipe_back
Duration(ms): 564
Handedness: right

SpeakerAngles: 6
55
-55
0
0
110
-110

SpeakerElevations: 6
-10
-10
-10
0
30
30

InterpretedPoints: 12
0,-1.12972504292725,0.347296355333861
0.806707284111599,-3.08699905195103,-0.305407289332279
0.813797681349374,-0.833526910201223,-0.152703644666139
0,-3.05946530796261,-1.13175911166535
-4.03353642055799,-8.40591444576813,-0.742573690329905
-1.6134145682232,-5.58160183845001,-1.61081457866456
3.24810032815972,-3.60277202954249,-0.937166400997627
0.827978475824924,-2.44551324262682,-2.11081457866456
0.813797681349374,-2.44551324262682,-2.11081457866456
-2.44139304404812,0.888594398178072,-1.5
1.6134145682232,0.0550674879768485,-1.65270364466614
0,0,0

StrokePoints: 13
0,0,0
0,-1.12972504292725,0.347296355333861
0.806707284111599,-4.21672409487828,0.0418890660015821
1.62050496546097,-5.0502510050795,-0.110814578664557
1.62050496546097,-8.10971631304211,-1.24257369032991
-2.41303145509702,-16.5156307588102,-1.98514738065981
-4.02644602332022,-22.0972325972603,-3.59596195932437
-0.778345695160499,-25.7000046268027,-4.53312836032199
0.0496327806644254,-28.1455178694296,-6.64394293898655
0.863430462013799,-30.5910311120564,-8.75475751765111
-1.57796258203432,-29.7024367138783,-10.2547575176511
0.0354519861888756,-29.6473692259015,-11.9074611623172
0.0354519861888756,-29.6473692259015,-11.9074611623172

Velocities: 12
-1,-1,0
-1,-2,-1
-1,-1,0
-2,-2,-1
-8,-3,-2
-4,-2,-2
-4,-5,0
-5,-3,0
-4,-4,0
0,0,0
0,-2,0
0,0,0

InverseVelocities: 12
0,0,0
0,0,0
0,0,0
0,0,0
0,0,0
0,0,0
0,0,0
0,0,0
0,0,0
0,0,0
0,0,0
0,0,0
