GestureName: swipe_up
Duration(ms): 705
Handedness: right

SpeakerAngles: 6
55
-55
0
0
110
-110

SpeakerElevations: 6
-10
-10
-10
0
30
30

InterpretedPoints: 15
0.813797681349374,-0.296198132726024,0.5
0,-0.592396265452048,1
0,-1.1847925309041,2
0,-1.1847925309041,2
0,-0.592396265452048,1
-0.00709039723777505,-0.2686643887376,-0.32635182233307
0,0,0
5.68240297497007,-3.74044074948461,3.19459271066772
3.2551907253975,-5.70369270261308,3.38918542133544
3.2551907253975,-4.57396765968584,3.04188906600158
2.4201218523348,-1.69458756439087,0.520944533000791
0,-3.38917512878174,1.04188906600158
1.63468575993652,-1.93571820914005,-0.631759111665348
0.00709039723777505,-0.2686643887376,-0.32635182233307
0,0,0

StrokePoints: 16
0,0,0
0.813797681349374,-0.296198132726024,0.5
0.813797681349374,-0.888594398178072,1.5
0.813797681349374,-2.07338692908217,3.5
0.813797681349374,-3.25817945998626,5.5
0.813797681349374,-3.85057572543831,6.5
0.806707284111599,-4.11924011417591,6.17364817766693
0.806707284111599,-4.11924011417591,6.17364817766693
6.48911025908166,-7.85968086366052,9.36824088833465
9.74430098447916,-13.5633735662736,12.7574263096701
12.9994917098767,-18.1373412259594,15.7993153756717
15.4196135622115,-19.8319287903503,16.3202599086725
15.4196135622115,-23.2211039191321,17.362148974674
17.054299322148,-25.1568221282721,16.7303898630087
17.0613897193858,-25.4254865170097,16.4040380406756
17.0613897193858,-25.4254865170097,16.4040380406756

Velocities: 15
0,0,0
0,0,0
0,0,0
0,0,0
0,0,0
0,-1,0
0,0,0
-1,-3,0
-4,-4,0
-3,-3,0
0,-3,0
-3,-3,0
-3,-2,0
-1,0,0
0,0,0

InverseVelocities: 15
0,0,0
0,0,0
0,0,0
0,0,0
0,0,0
0,0,0
0,0,0
0,0,0
0,0,0
0,0,0
0,0,0
0,0,0
0,0,0
0,0,0
0,0,0
