GestureName: swipe_right
Duration(ms): 564
Handedness: right

SpeakerAngles: 6
55
-55
0
0
110
-110

SpeakerElevations: 6
-10
-10
-10
0
30
30

InterpretedPoints: 12
-2.43430264681035,-0.0275337439884242,0.82635182233307
-4.05480761227132,2.22593839776138,0.979055466999209
-9.73012019000361,3.4382646726539,-1.84729635533386
-9.74430098447916,2.04585318509374,-2.67364817766693
-14.5916350863865,-1.01959006697355,-2.95811093399842
-20.2953092530699,-4.54643391569741,2.21553724366851
-10.5297370768774,-3.36164138479332,0.215537243668512
-3.2551907253975,1.1847925309041,-2
-8.12379601901819,-5.09934054895166,0.694592710667721
-3.24810032815972,0.323731876714448,-1.32635182233307
-1.62050496546097,-0.2686643887376,-0.32635182233307
0,0,0

StrokePoints: 13
0,0,0
-2.43430264681035,-0.0275337439884242,0.82635182233307
-6.48911025908166,2.19840465377296,1.80540728933228
-16.2192304490853,5.63666932642686,-0.0418890660015818
-25.9635314335644,7.6825225115206,-2.71553724366851
-40.555166519951,6.66293244454705,-5.67364817766693
-60.8504757730209,2.11649852884964,-3.45811093399842
-71.3802128498983,-1.24514285594367,-3.2425736903299
-74.6354035752958,-0.0603503250395792,-5.2425736903299
-82.759199594314,-5.15969087399124,-4.54798097966218
-86.0072999224737,-4.83595899727679,-5.87433280199525
-87.6278048879347,-5.10462338601439,-6.20068462432832
-87.6278048879347,-5.10462338601439,-6.20068462432832

Velocities: 12
0,1,0
0,2,1
-2,3,1
-1,2,0
-7,1,0
-7,0,0
-7,0,0
0,0,0
-2,0,-2
-1,0,0
-1,0,0
0,0,0

InverseVelocities: 12
0,0,0
0,0,0
0,0,0
0,0,0
0,0,0
0,0,0
0,0,0
0,0,0
0,0,0
0,0,0
0,0,0
0,0,0
