GestureName: swipe_front
Duration(ms): 376
Handedness: right

SpeakerAngles: 6
55
-55
0
0
110
-110

SpeakerElevations: 6
-10
-10
-10
0
30
30

InterpretedPoints: 8
0.806707284111599,7.05661455797545,-0.0418890660015821
-0.799616886873824,7.86260772418825,0.937166400997627
-2.43430264681035,8.39395855755876,2.43716640099763
-0.806707284111599,8.39395855755876,2.43716640099763
0,7.56640959146222,1.43716640099763
-4.05480761227132,4.74807492824879,1.45811093399842
-0.813797681349374,4.80314241622564,-0.194592710667721
0,0,0

StrokePoints: 9
0,0,0
0.806707284111599,7.05661455797545,-0.0418890660015821
0.00709039723777483,14.9192222821637,0.895277334996045
-2.42721224957257,23.3131808397224,3.33244373599367
-3.23391953368417,31.7071393972812,5.7696101369913
-3.23391953368417,39.2735489887434,7.20677653798892
-7.28872714595549,44.0216239169922,8.66488747198734
-8.10252482730486,48.8247663332179,8.47029476131962
-8.10252482730486,48.8247663332179,8.47029476131962

Velocities: 8
2,1,3
2,4,3
2,3,4
2,3,4
3,3,3
1,3,2
1,1,2
0,0,0

InverseVelocities: 8
0,0,0
0,0,0
0,0,0
0,0,0
0,0,0
0,0,0
0,0,0
0,0,0
