GestureName: swipe_front
Duration(ms): 517
Handedness: right

SpeakerAngles: 6
55
-55
0
0
110
-110

SpeakerElevations: 6
-10
-10
-10
0
30
30

InterpretedPoints: 11
0.813797681349374,-0.296198132726024,0.5
-0.799616886873824,0.833526910201223,0.152703644666139
0,1.66705382040245,0.305407289332279
0,2.20438259787765,0.958110933998418
-4.87569569085847,14.9192222821637,0.895277334996045
-4.06189800950909,13.2306126618775,0.568925512662975
5.63986059154342,16.5587423585777,2.02703644666139
4.85442449914514,12.3479962078041,1.22162915732911
-2.43430264681035,7.59394333545065,0.610814578664557
-2.4201218523348,5.07180680496324,0.131759111665348
0,0,0

StrokePoints: 12
0,0,0
0.813797681349374,-0.296198132726024,0.5
0.0141807944755501,0.537328777475199,0.652703644666139
0.0141807944755501,2.20438259787765,0.958110933998418
0.0141807944755501,4.40876519575529,1.91622186799684
-4.86151489638292,19.327987477919,2.81149920299288
-8.92341290589201,32.5586001397965,3.38042471565586
-3.28355231434859,49.1173424983742,5.40746116231725
1.57087218479655,61.4653387061783,6.62909031964636
-0.863430462013797,69.059282041629,7.23990489831092
-3.28355231434859,74.1310888465922,7.37166400997627
-3.28355231434859,74.1310888465922,7.37166400997627

Velocities: 11
0,0,0
0,2,0
2,2,0
3,3,0
4,5,6
4,5,5
11,3,6
8,4,4
2,3,3
0,3,2
0,0,0

InverseVelocities: 11
0,0,0
0,0,0
0,0,0
0,0,0
0,0,0
0,0,0
0,0,0
0,0,0
0,0,0
0,0,0
0,0,0
