GestureName: swipe_back
Duration(ms): 564
Handedness: right

SpeakerAngles: 6
55
-55
0
0
110
-110

SpeakerElevations: 6
-10
-10
-10
0
30
30

InterpretedPoints: 12
0.813797681349374,-5.34047119370084,-0.458110933998418
-0.806707284111599,-8.99831071122018,0.257426309670094
0.00709039723777494,-5.85026622718761,-1.93716640099763
-1.62050496546097,-7.24267771474777,-2.7635182233307
-1.6134145682232,-7.51134210348537,-3.08987004566377
-1.6134145682232,-3.27904015282804,-2.2635182233307
1.63468575993652,-1.82558323318635,-3.93716640099763
0.813797681349374,-1.85311697717477,-3.11081457866456
-2.42721224957257,0.351265620702872,-2.15270364466614
-0.806707284111599,-0.564862521463623,0.17364817766693
0.806707284111599,-0.564862521463623,0.17364817766693
0,0,0

StrokePoints: 13
0,0,0
0.813797681349374,-5.34047119370084,-0.458110933998418
0.00709039723777505,-14.338781904921,-0.200684624328324
0.01418079447555,-20.1890481321086,-2.13785102532595
-1.60632417098542,-27.4317258468564,-4.90136924865665
-3.21973873920862,-34.9430679503418,-7.99123929432041
-4.83315330743182,-38.2221081031698,-10.2547575176511
-3.1984675474953,-40.0476913363562,-14.1919239186487
-2.38466986614592,-41.900808313531,-17.3027384973133
-4.81188211571849,-41.5495426928281,-19.4554421419794
-5.61858939983009,-42.1144052142917,-19.2817939643125
-4.81188211571849,-42.6792677357553,-19.1081457866456
-4.81188211571849,-42.6792677357553,-19.1081457866456

Velocities: 12
-2,-2,-2
-6,-5,-2
-4,-3,-2
-4,-3,-3
-5,-3,-3
-6,-4,0
-5,-4,0
-4,-4,0
-2,0,0
-1,0,0
0,-1,0
0,0,0

InverseVelocities: 12
0,0,0
0,0,0
0,0,0
0,0,0
0,0,0
0,0,0
0,0,0
0,0,0
0,0,0
0,0,0
0,0,0
0,0,0
