GestureName: swipe_down
Duration(ms): 564
Handedness: right

SpeakerAngles: 6
55
-55
0
0
110
-110

SpeakerElevations: 6
-10
-10
-10
0
30
30

InterpretedPoints: 12
1.62050496546097,2.79080091922501,0.805407289332279
-0.806707284111599,9.31606464382994,-0.736481776669303
4.86151489638292,2.4179794986384,2.93716640099763
6.48201986184389,4.40876519575529,1.91622186799684
0.813797681349374,6.42708463686061,0.068925512662975
4.03353642055799,2.82431260731812,-0.868240888334652
3.23391953368417,1.99078569711689,-1.02094453300079
-0.00709039723777494,1.50852440761854,-3.32635182233307
0.806707284111599,1.21232627489252,-2.82635182233307
-0.820888078587149,0.0275337439884242,-0.82635182233307
0.806707284111599,-0.564862521463623,0.17364817766693
0,0,0

StrokePoints: 13
0,0,0
1.62050496546097,2.79080091922501,0.805407289332279
0.813797681349373,12.1068655630549,0.0689255126629751
5.67531257773229,14.5248450616933,3.0060919136606
12.1573324395762,18.9336102574486,4.92231378165744
12.9711301209256,25.3606948943092,4.99123929432041
17.0046665414835,28.1850075016274,4.12299840598576
20.2385860751677,30.1757931987443,3.10205387298497
20.2314956779299,31.6843176063628,-0.224297949348099
21.0382029620415,32.8966438812553,-3.05064977168117
20.2173148834544,32.9241776252437,-3.87700159401424
21.024022167566,32.3593151037801,-3.70335341634731
21.024022167566,32.3593151037801,-3.70335341634731

Velocities: 12
2,1,1
3,4,3
6,3,0
8,4,0
7,7,0
5,0,0
3,0,0
0,-1,0
0,-1,0
0,-1,0
0,-1,0
0,0,0

InverseVelocities: 12
0,0,0
0,0,0
0,0,0
0,0,0
0,0,0
0,0,0
0,0,0
0,0,0
0,0,0
0,0,0
0,0,0
0,0,0
