GestureName: swipe_down
Duration(ms): 658
Handedness: right

SpeakerAngles: 6
55
-55
0
0
110
-110

SpeakerElevations: 6
-10
-10
-10
0
30
30

InterpretedPoints: 14
-0.806707284111599,2.54967027447583,-0.347296355333861
-1.60632417098542,5.31293744971241,1.28446275633149
0.0354519861888752,8.69015669028478,1.93716640099763
0.813797681349374,19.7834101304709,-1.79931537567168
2.42721224957257,20.9131351733981,-2.14661173100554
-6.51747184803277,4.67742958449289,2.2425736903299
0.813797681349374,5.88975585938541,-0.583778132003164
0.813797681349374,3.63030577353092,0.110814578664557
-1.6134145682232,1.12972504292725,-0.347296355333861
1.62759536269875,1.77718879635614,-3
0.813797681349374,1.48099066363012,-2.5
1.62050496546097,0.323731876714448,-1.32635182233307
-0.813797681349374,0.296198132726024,-0.5
0,0,0

StrokePoints: 15
0,0,0
-0.806707284111599,2.54967027447583,-0.347296355333861
-2.41303145509702,7.86260772418825,0.937166400997627
-2.37757946890815,16.552764414473,2.87433280199525
-1.56378178755877,36.3361745449439,1.07501742632358
0.863430462013799,57.249309718342,-1.07159430468196
-5.65404138601897,61.9267393028349,1.17097938564794
-4.84024370466959,67.8164951622203,0.58720125364478
-4.02644602332022,71.4468009357512,0.698015832309337
-5.63986059154342,72.5765259786785,0.350719476975477
-4.01226522884467,74.3537147750346,-2.64928052302452
-3.1984675474953,75.8347054386648,-5.14928052302452
-1.57796258203432,76.1584373153792,-6.47563234535759
-2.3917602633837,76.4546354481052,-6.97563234535759
-2.3917602633837,76.4546354481052,-6.97563234535759

Velocities: 14
0,1,1
1,4,2
0,5,4
6,6,7
8,6,7
7,6,0
6,6,0
4,4,0
0,2,0
0,0,0
0,0,0
0,-1,0
0,0,0
0,0,0

InverseVelocities: 14
0,0,0
0,0,0
0,0,0
0,0,0
0,0,0
0,0,0
0,0,0
0,0,0
0,0,0
0,0,0
0,0,0
0,0,0
0,0,0
0,0,0
