GestureName: swipe_down
Duration(ms): 564
Handedness: right

SpeakerAngles: 6
55
-55
0
0
110
-110

SpeakerElevations: 6
-10
-10
-10
0
30
30

InterpretedPoints: 12
1.62759536269875,1.66705382040245,0.305407289332279
0.00709039723777483,3.06544325206729,0.284462756331487
4.07607880398464,15.2154204148897,0.395277334996045
2.45557383852367,6.95245752612644,2.41622186799684
0,10.8334938560809,5.39527733499604
-0.813797681349374,19.343565333698,3.67974009132753
5.69658376944562,13.4442095626383,2.54798097966218
4.06898840674687,12.3695520076879,1.24257369032991
-3.2551907253975,2.31451757383134,-2.34729635533386
-2.43430264681035,1.74965505236772,-2.17364817766693
-0.00709039723777505,-0.2686643887376,-0.32635182233307
0,0,0

StrokePoints: 13
0,0,0
1.62759536269875,1.66705382040245,0.305407289332279
1.63468575993652,4.73249707246974,0.589870045663766
5.71076456392117,19.9479174873595,0.985147380659811
8.16633840244484,26.9003750134859,3.40136924865665
8.16633840244484,37.7338688695668,8.79664658365269
7.35254072109546,57.0774342032648,12.4763866749802
13.0491244905411,70.5216437659031,15.0243676546424
17.118112897288,82.8911957735909,16.2669413449723
13.8629221718905,85.2057133474223,13.9196449896384
11.4286195250801,86.95536839979,11.7459968119715
11.4215291278423,86.6867040110524,11.4196449896384
11.4215291278423,86.6867040110524,11.4196449896384

Velocities: 12
2,2,0
3,4,0
4,5,6
4,6,2
5,5,5
7,7,8
6,6,5
4,4,5
1,1,0
0,1,0
0,-1,0
0,0,0

InverseVelocities: 12
0,0,0
0,0,0
0,0,0
0,0,0
0,0,0
0,0,0
0,0,0
0,0,0
0,0,0
0,-1,0
0,0,0
0,0,0
