GestureName: swipe_up
Duration(ms): 658
Handedness: right

SpeakerAngles: 6
55
-55
0
0
110
-110

SpeakerElevations: 6
-10
-10
-10
0
30
30

InterpretedPoints: 14
-0.813797681349374,-0.888594398178072,1.5
0,-2.36958506180819,4
-0.806707284111599,-1.80472254034457,3.82635182233307
1.6134145682232,-4.09170637018749,5.34729635533386
-1.62759536269875,-5.15440803692851,2.34729635533386
-0.813797681349374,-8.74160221069195,2.27837084267089
-1.63468575993652,-25.1298592682764,2.18850079700712
5.69658376944562,-24.2352869259936,-0.158795558326741
-0.00709039723777583,-2.90024078813675,-5.2425736903299
-3.2268291364464,-9.49614985649758,-2.91622186799684
0.820888078587149,-2.23191634186607,-0.131759111665348
0.813797681349374,0.296198132726024,-0.5
-0.806707284111599,-4.53447802748804,0.520944533000791
0,0,0

StrokePoints: 15
0,0,0
-0.813797681349374,-0.888594398178072,1.5
-0.813797681349374,-3.25817945998626,5.5
-1.62050496546097,-5.06290200033083,9.32635182233307
-0.00709039723777494,-9.15460837051831,14.6736481776669
-1.63468575993652,-14.3090164074468,17.0209445330008
-2.4484834412859,-23.0506186181388,19.2993153756717
-4.08316920122242,-48.1804778864152,21.4878161726788
1.6134145682232,-72.4157648124088,21.3290206143521
1.60632417098542,-75.3160056005456,16.0864469240221
-1.62050496546097,-84.8121554570431,13.1702250560253
-0.799616886873824,-87.0440717989092,13.03846594436
0.01418079447555,-86.7478736661832,12.53846594436
-0.792526489636049,-91.2823516936712,13.0594104773608
-0.792526489636049,-91.2823516936712,13.0594104773608

Velocities: 14
0,0,0
0,0,0
0,1,0
0,-2,0
0,0,-2
-8,-8,0
-9,-10,-8
-8,-8,-9
-6,-7,0
-6,-2,-4
-3,-2,0
0,0,0
-1,0,-2
0,0,0

InverseVelocities: 14
0,0,0
0,0,0
0,0,0
0,0,0
0,0,0
0,0,0
0,0,0
0,0,0
0,0,0
0,3,0
0,0,0
0,0,0
0,0,0
0,0,0
