GestureName: swipe_back
Duration(ms): 611
Handedness: right

SpeakerAngles: 6
55
-55
0
0
110
-110

SpeakerElevations: 6
-10
-10
-10
0
30
30

InterpretedPoints: 13
-0.806707284111599,-0.564862521463623,0.17364817766693
-0.806707284111599,0.0275337439884242,-0.826351822333069
-2.4201218523348,-3.62432782942623,-0.958110933998418
-3.22682913644639,-6.71132688137726,-1.2635182233307
-0.806707284111599,-7.5388758474738,-2.2635182233307
-3.24810032815972,-8.96479902312707,-1.41622186799684
-4.06189800950909,-5.02869520519576,-0.0898700456637662
-4.87569569085847,-3.60277202954249,-0.937166400997627
5.68240297497007,0.94366188615492,-3.15270364466614
3.24100993092194,0.647463753428896,-2.65270364466614
0,-3.05946530796261,-1.13175911166535
-1.62050496546097,-0.2686643887376,-0.32635182233307
0,0,0

StrokePoints: 14
0,0,0
-0.806707284111599,-0.564862521463623,0.17364817766693
-1.6134145682232,-0.537328777475199,-0.652703644666139
-4.03353642055799,-4.16165660690143,-1.61081457866456
-7.26036555700439,-10.8729834882787,-2.87433280199525
-8.06707284111599,-18.4118593357525,-5.13785102532595
-11.3151731692757,-27.3766583588796,-6.55407289332278
-15.3770711787848,-32.4053535640753,-6.64394293898655
-20.2527668696433,-36.0081255936178,-7.58110933998418
-14.5703638946732,-35.0644637074629,-10.7338129846503
-11.3293539637513,-34.416999954034,-13.3865166293165
-11.3293539637513,-37.4764652619966,-14.5182757409818
-12.9498589292122,-37.7451296507342,-14.8446275633149
-12.9498589292122,-37.7451296507342,-14.8446275633149

Velocities: 13
-1,0,0
-1,0,0
-4,-1,-1
-6,-2,-2
-4,-3,-3
-5,-4,-3
-6,-5,0
-5,-4,0
0,-2,0
0,-2,0
-2,-2,-1
-1,0,0
0,0,0

InverseVelocities: 13
0,0,0
0,0,0
0,0,0
0,0,0
0,0,0
0,0,0
0,0,0
0,0,0
0,0,0
0,0,0
0,0,0
0,0,0
0,0,0
