GestureName: swipe_down
Duration(ms): 611
Handedness: right

SpeakerAngles: 6
55
-55
0
0
110
-110

SpeakerElevations: 6
-10
-10
-10
0
30
30

InterpretedPoints: 13
0.00709039723777505,0.2686643887376,0.32635182233307
-2.42721224957257,0.833526910201223,0.152703644666139
0.813797681349374,9.32204258793463,-1.58377813200316
1.59923377374765,10.6809423874017,0.916221867996836
9.73012019000361,11.4318680656376,3.54798097966218
0.799616886873824,22.8979429264103,-2.32025990867247
-2.43430264681035,22.6292785376727,-2.64661173100554
2.42721224957257,9.04740025509234,-1.06283359900237
1.62759536269875,8.80626961034316,-2.21553724366851
-6.43947747841724,-5.05622894918419,0.736481776669303
-1.62759536269875,0.592396265452048,-1
-0.813797681349374,0.296198132726024,-0.5
0,0,0

StrokePoints: 14
0,0,0
0.00709039723777505,0.2686643887376,0.32635182233307
-2.4201218523348,1.10219129893882,0.479055466999209
-1.60632417098542,10.4242338868735,-1.10472266500396
-0.00709039723777583,21.1051762742751,-0.18850079700712
9.72302979276584,32.5370443399128,3.35948018265506
10.5226466796397,55.4349872663231,1.0392202739826
8.08834403282931,78.0642658039958,-1.60739145702294
10.5155562824019,87.1116660590882,-2.67022505602531
12.1431516451006,95.9179356694313,-4.88576229969383
5.70367416668339,90.8617067202471,-4.14928052302452
4.07607880398464,91.4541029856992,-5.14928052302452
3.26228112263527,91.7503011184252,-5.64928052302452
3.26228112263527,91.7503011184252,-5.64928052302452

Velocities: 13
0,1,0
0,2,0
5,5,2
6,2,4
9,4,4
8,6,8
6,7,8
4,2,3
2,2,3
-10,0,0
0,0,0
0,0,0
0,0,0

InverseVelocities: 13
0,0,0
0,0,0
0,0,0
0,0,0
0,0,0
0,0,0
0,0,0
0,0,0
0,0,0
0,0,0
0,0,0
0,0,0
0,0,0
