GestureName: swipe_front
Duration(ms): 564
Handedness: right

SpeakerAngles: 6
55
-55
0
0
110
-110

SpeakerElevations: 6
-10
-10
-10
0
30
30

InterpretedPoints: 12
-2.42721224957257,0.833526910201223,0.152703644666139
-0.813797681349374,2.22593839776138,0.979055466999209
0.0212711917133253,0.805993166212799,0.979055466999209
0.835068873062699,0.509795033486775,1.47905546699921
-0.785436092398274,1.37085568767642,0.805407289332278
-2.4484834412859,1.58445258843717,2.78446275633149
-2.4484834412859,11.5084913534982,1.91622186799684
0,14.9802677142452,-1.60472266500395
0,10.0885461219496,1.91622186799684
-0.00709039723777494,8.15282791280958,1.28446275633149
2.4201218523348,5.07180680496324,0.131759111665348
0,0,0

StrokePoints: 13
0,0,0
-2.42721224957257,0.833526910201223,0.152703644666139
-3.24100993092195,3.05946530796261,1.13175911166535
-3.21973873920862,3.86545847417541,2.11081457866456
-2.38466986614592,4.37525350766218,3.58987004566377
-3.17010595854419,5.7461091953386,4.39527733499604
-5.61858939983009,7.33056178377578,7.17974009132753
-8.06707284111599,18.839053137274,9.09596195932437
-8.06707284111599,33.8193208515192,7.49123929432041
-8.06707284111599,43.9078669734688,9.40746116231725
-8.07416323835376,52.0606948862784,10.6919239186487
-5.65404138601897,57.1325016912417,10.8236830303141
-5.65404138601897,57.1325016912417,10.8236830303141

Velocities: 12
0,2,0
1,1,1
0,3,0
0,3,0
0,4,0
4,3,0
4,3,5
5,5,5
4,4,4
2,1,4
3,0,2
0,0,0

InverseVelocities: 12
0,0,0
0,0,0
0,0,0
0,0,0
0,0,0
0,0,0
0,0,0
0,0,0
0,0,0
0,0,0
0,0,0
0,0,0
