GestureName: swipe_front
Duration(ms): 564
Handedness: right

SpeakerAngles: 6
55
-55
0
0
110
-110

SpeakerElevations: 6
-10
-10
-10
0
30
30

InterpretedPoints: 12
0.813797681349374,-0.296198132726024,0.5
0.820888078587149,-0.0275337439884242,0.82635182233307
1.63468575993652,-0.323731876714448,1.32635182233307
0.0283615889511002,1.0746575549504,1.30540728933228
-1.6417761571743,2.686643887376,3.2635182233307
4.88278608809624,3.87143641828009,1.2635182233307
-4.06898840674687,14.0366058280903,1.54798097966218
-0.0141807944755499,5.89935577105978,1.13175911166535
-1.62050496546097,4.77560867223722,0.631759111665348
0.799616886873823,5.34047119370084,0.458110933998418
-0.813797681349374,-0.296198132726024,0.5
0,0,0

StrokePoints: 13
0,0,0
0.813797681349374,-0.296198132726024,0.5
1.63468575993652,-0.323731876714448,1.32635182233307
3.26937151987305,-0.647463753428896,2.65270364466614
3.29773310882415,0.427193801521502,3.95811093399842
1.65595695164985,3.1138376888975,7.22162915732911
6.53874303974609,6.98527410717759,8.48514738065981
2.46975463299922,21.0218799352679,10.033128360322
2.45557383852367,26.9212357063277,11.1648874719873
0.835068873062701,31.6968443785649,11.7966465836527
1.63468575993652,37.0373155722657,12.2547575176511
0.82088807858715,36.7411174395397,12.7547575176511
0.82088807858715,36.7411174395397,12.7547575176511

Velocities: 12
0,0,0
0,1,0
0,1,0
0,4,0
6,4,0
5,5,0
6,6,5
2,0,3
1,2,2
3,1,2
0,0,0
0,0,0

InverseVelocities: 12
0,0,0
0,0,0
0,0,0
0,0,0
0,0,0
0,0,0
0,0,0
0,0,0
0,0,0
0,0,0
0,0,0
0,0,0
