GestureName: swipe_down
Duration(ms): 611
Handedness: right

SpeakerAngles: 6
55
-55
0
0
110
-110

SpeakerElevations: 6
-10
-10
-10
0
30
30

InterpretedPoints: 13
0,1.12972504292725,-0.347296355333861
0.806707284111599,1.10219129893882,0.479055466999209
2.43430264681035,12.6382163964255,1.56892551266297
0.820888078587148,18.5375721674852,2.70068462432832
4.86860529362069,15.7252154483765,1.87433280199525
4.88278608809624,20.8245559973282,1.17974009132753
1.6134145682232,22.6017447936843,-1.82025990867247
-2.43430264681035,23.4843612477577,-2.47296355333861
-2.42721224957257,11.8872907181895,-1.06283359900237
-0.813797681349374,0.888594398178072,-1.5
-0.00709039723777505,0.323731876714448,-1.32635182233307
-0.00709039723777505,-0.2686643887376,-0.32635182233307
0,0,0

StrokePoints: 14
0,0,0
0,1.12972504292725,-0.347296355333861
0.806707284111599,2.23191634186607,0.131759111665348
3.24100993092194,14.8701327382915,1.70068462432832
4.06189800950909,33.4077049057768,4.40136924865665
8.93050330312979,49.1329203541532,6.2757020506519
13.813289391226,69.9574763514814,7.45544214197943
15.4267039594492,92.5592211451657,5.63518223330697
12.9924013126389,116.043582392923,3.16221867996836
10.5651890630663,127.930873111113,2.09938508096599
9.75139138171694,128.819467509291,0.599385080965986
9.74430098447916,129.143199386005,-0.726966741367084
9.73721058724139,128.874534997268,-1.05331856370015
9.73721058724139,128.874534997268,-1.05331856370015

Velocities: 13
1,1,0
2,1,0
5,4,5
5,6,8
7,5,6
7,7,8
8,6,8
5,6,9
1,3,5
0,0,0
0,-1,0
0,-1,0
0,0,0

InverseVelocities: 13
0,0,0
0,0,0
0,0,0
0,0,0
0,0,0
0,0,0
0,0,0
0,0,0
0,0,0
0,0,0
0,0,0
0,0,0
0,0,0
