GestureName: swipe_up
Duration(ms): 705
Handedness: right

SpeakerAngles: 6
55
-55
0
0
110
-110

SpeakerElevations: 6
-10
-10
-10
0
30
30

InterpretedPoints: 15
0,1.98480775301221,-0.17364817766693
0,1.98480775301221,-0.17364817766693
1.62759536269875,-0.592396265452048,1
0.806707284111599,-1.21232627489252,2.82635182233307
0.00709039723777494,-1.50852440761854,3.32635182233307
-1.62759536269875,-1.1847925309041,2
1.6134145682232,-15.3099775350644,3.77837084267089
2.44139304404812,-16.7663613152338,-4.85338826899446
0.813797681349373,-18.8062365562228,-3.02703644666139
3.26228112263527,-14.6565358375308,0.278370842670886
-3.24100993092194,-10.6258748994248,-2.56892551266297
-0.806707284111599,-8.13127211292585,-1.2635182233307
-0.813797681349374,-3.35566344068863,-0.631759111665348
-0.806707284111599,-0.564862521463623,0.17364817766693
0,0,0

StrokePoints: 16
0,0,0
0,1.98480775301221,-0.17364817766693
0,3.96961550602442,-0.347296355333861
1.62759536269875,3.37721924057237,0.652703644666139
2.43430264681035,2.16489296567985,3.47905546699921
2.44139304404812,0.656368558061305,6.80540728933228
0.813797681349374,-0.52842397284279,8.80540728933228
2.42721224957257,-15.8384015079072,12.5837781320032
4.86860529362069,-32.6047628231409,7.7303898630087
5.68240297497007,-51.4109993793638,4.70335341634731
8.94468409760534,-66.0675352168945,4.98172425901819
5.70367416668339,-76.6934101163194,2.41279874635522
4.89696688257179,-84.8246822292452,1.14928052302452
4.08316920122242,-88.1803456699338,0.517521411359175
3.27646191711082,-88.7452081913975,0.691169589026105
3.27646191711082,-88.7452081913975,0.691169589026105

Velocities: 15
0,0,1
0,0,1
0,0,0
1,0,0
0,1,0
0,0,0
-5,-7,-4
-7,-7,-7
-6,-6,-8
-6,-5,-5
-6,-4,-4
-4,-3,-3
-2,-2,-1
-1,0,0
0,0,0

InverseVelocities: 15
0,0,0
0,0,0
0,0,0
0,0,0
0,0,0
0,0,0
0,0,0
0,0,0
0,0,0
0,0,0
0,0,0
0,0,0
0,0,0
0,0,0
0,0,0
