GestureName: tap_left
Duration(ms): 1034
Handedness: right

SpeakerAngles: 6
55
-55
0
0
110
-110

SpeakerElevations: 6
-10
-10
-10
0
30
30

InterpretedPoints: 22
-1.62759536269875,-0.592396265452048,1
-0.813797681349374,-1.48099066363012,2.5
-2.44139304404812,-0.888594398178072,1.5
-1.63468575993652,-0.323731876714448,1.32635182233307
1.62759536269875,-1.1847925309041,2
2.4201218523348,-0.67499749741732,3.47905546699921
7.30290794043104,-0.67499749741732,3.47905546699921
10.543917871353,0.454727545509927,3.13175911166535
22.7083407081669,1.39838943166485,-0.0209445330007916
26.7489675259627,-12.211022594904,2.38918542133544
15.3983423704981,-17.2002281679019,-0.221629157329114
10.5297370768774,-16.4002129457938,1.60472266500396
0,0,0
0,0,0
-3.23391953368417,1.39838943166485,-0.0209445330007911
-8.93759370036756,5.83468837140856,1.06892551266297
-12.1502420423384,9.58472903256754,-0.410129954336234
-18.6251715069445,2.28698382984292,-1.52094453300079
-13.7778374050372,0.351265620702872,-2.15270364466614
-9.71593939552806,-3.65783951751934,0.715537243668512
-4.85442449914514,-1.66705382040245,-0.305407289332279
0,0,0

StrokePoints: 23
0,0,0
-1.62759536269875,-0.592396265452048,1
-2.44139304404812,-2.07338692908217,3.5
-4.88278608809624,-2.96198132726024,5
-6.51747184803277,-3.28571320397469,6.32635182233307
-4.88987648533402,-4.47050573487878,8.32635182233307
-2.46975463299922,-5.1455032322961,11.8054072893323
4.83315330743182,-5.82050072971342,15.2844627563315
15.3770711787848,-5.3657731842035,18.4162218679968
38.0854118869517,-3.96738375253865,18.395277334996
64.8343794129145,-16.1784063474426,20.7844627563315
80.2327217834126,-33.3786345153445,20.5628335990024
90.76245886029,-49.7788474611383,22.1675562640063
90.76245886029,-49.7788474611383,22.1675562640063
90.76245886029,-49.7788474611383,22.1675562640063
87.5285393266059,-48.3804580294735,22.1466117310055
78.5909456262383,-42.5457696580649,23.2155372436685
66.4407035838999,-32.9610406254974,22.8054072893323
47.8155320769554,-30.6740567956545,21.2844627563315
34.0376946719182,-30.3227911749516,19.1317591116653
24.3217552763901,-33.9806306924709,19.8472963553339
19.467330777245,-35.6476845128734,19.5418890660016
19.467330777245,-35.6476845128734,19.5418890660016

Velocities: 22
0,0,0
0,0,0
0,0,0
1,0,0
0,0,0
3,0,0
3,0,0
5,0,0
7,-4,0
6,-9,-5
0,-9,-7
-1,-8,-6
0,0,0
0,0,0
0,3,0
6,8,0
0,8,3
-5,8,0
-5,3,0
-7,0,0
-4,0,0
0,0,0

InverseVelocities: 22
0,0,0
0,0,0
0,0,0
0,0,0
0,0,0
0,0,0
0,0,0
0,0,0
0,0,0
0,0,0
0,0,0
0,0,0
0,0,0
0,0,0
0,0,0
0,0,0
0,0,0
0,0,0
0,0,0
0,0,0
0,0,0
0,0,0
