GestureName: tap_left
Duration(ms): 987
Handedness: right

SpeakerAngles: 6
55
-55
0
0
110
-110

SpeakerElevations: 6
-10
-10
-10
0
30
30

InterpretedPoints: 21
0.813797681349374,-0.296198132726024,0.5
4.06189800950909,-0.619930009440472,1.82635182233307
12.1573324395762,-0.67499749741732,3.47905546699921
21.0665645509926,-2.58318196256894,2.02094453300079
14.5845446891488,-5.0502510050795,-0.110814578664557
7.28872714595549,-3.62432782942623,-0.958110933998418
4.04771721503354,-4.21672409487828,0.0418890660015822
1.6134145682232,-1.12972504292725,0.347296355333861
0,0,0
0,0,0
0,0,0
-3.23391953368417,1.39838943166485,-0.0209445330007911
-6.48201986184389,11.2733386528537,-0.0837781320031643
-4.84024370466959,14.0030941399972,3.22162915732911
-3.23391953368417,13.4166758186498,3.37433280199525
-17.0188473359591,5.39553868167769,-1.19459271066772
-16.2121400518475,0.323731876714448,-1.32635182233307
-8.91632250865424,1.21232627489252,-2.82635182233307
-7.28872714595549,0.619930009440472,-1.82635182233307
-1.62759536269875,0.592396265452048,-1
0,0,0

StrokePoints: 22
0,0,0
0.813797681349374,-0.296198132726024,0.5
4.87569569085847,-0.916128142166496,2.32635182233307
17.0330281304346,-1.59112563958382,5.80540728933228
38.0995926814273,-4.17430760215276,7.82635182233307
52.684137370576,-9.22455860723226,7.71553724366851
59.9728645165315,-12.8488864366585,6.75742630967009
64.0205817315651,-17.0656105315368,6.79931537567168
65.6339962997883,-18.195335574464,7.14661173100554
65.6339962997883,-18.195335574464,7.14661173100554
65.6339962997883,-18.195335574464,7.14661173100554
65.6339962997883,-18.195335574464,7.14661173100554
62.4000767661041,-16.7969461427992,7.12566719800475
55.9180569042602,-5.52360748994544,7.04188906600158
51.0778131995906,8.47948665005176,10.2635182233307
47.8438936659064,21.8961624687016,13.6378510253259
30.8250463299473,27.2917011503793,12.4432583146582
14.6129062780998,27.6154330270937,11.1169064923252
5.6965837694456,28.8277593019862,8.29055466999209
-1.59214337650989,29.4476893114267,6.46420284765902
-3.21973873920863,30.0400855768788,5.46420284765902
-3.21973873920863,30.0400855768788,5.46420284765902

Velocities: 21
0,0,0
1,0,0
5,-2,0
5,-8,0
1,-8,-1
0,-5,-1
-1,-4,-1
0,-2,0
0,0,0
0,0,0
0,0,0
0,3,0
2,6,4
2,8,6
5,8,5
-4,6,2
-5,4,0
-3,2,0
-3,2,0
0,0,0
0,0,0

InverseVelocities: 21
0,0,0
0,0,0
0,0,0
0,0,0
0,0,0
0,0,0
0,0,0
0,0,0
0,0,0
0,0,0
0,0,0
0,0,0
0,0,0
0,0,0
-2,0,0
0,-1,0
0,0,0
0,0,0
0,0,0
0,0,0
0,0,0
