GestureName: tap_down
Duration(ms): 1457
Handedness: right

SpeakerAngles: 6
55
-55
0
0
110
-110

SpeakerElevations: 6
-10
-10
-10
0
30
30

InterpretedPoints: 31
-1.62759536269875,-0.592396265452048,1
0,0,0
3.24100993092194,-1.83225628433299,4.65270364466614
0,0,0
-3.2268291364464,-2.25945008585449,0.694592710667721
0,-3.96961550602442,0.347296355333861
-1.6134145682232,-2.25945008585449,0.694592710667721
0,0,0
1.62050496546097,0.2686643887376,0.32635182233307
3.24100993092194,6.17399810390206,0.610814578664557
2.44139304404812,13.4992770506151,0.895277334996045
-0.813797681349374,3.46510330960037,5.06892551266297
1.63468575993652,22.9678931631243,4.63785102532595
5.71076456392117,22.7327404624798,2.63785102532595
4.88278608809624,19.1143905771582,0.832443735993671
-1.59923377374765,3.87143641828009,1.2635182233307
-2.4201218523348,4.21672409487828,-0.0418890660015821
0,0,0
0,0,0
0,0,0
0.813797681349374,0.296198132726024,-0.5
3.24810032815972,0.323731876714448,-1.32635182233307
-2.4201218523348,-2.82431260731812,0.868240888334652
5.69658376944562,-11.5144692976029,-1.06892551266297
0.00709039723777494,-7.78000649222297,-3.41622186799684
0,-8.64106714641262,-2.7425736903299
0.820888078587149,-8.076204624949,-2.91622186799684
0,-8.15880585691427,-0.437166400997627
0.00709039723777527,-4.5129222276043,0.541889066001582
0,-1.12972504292725,0.347296355333861
0,0,0

StrokePoints: 32
0,0,0
-1.62759536269875,-0.592396265452048,1
-1.62759536269875,-0.592396265452048,1
1.6134145682232,-2.42465254978504,5.65270364466614
1.6134145682232,-2.42465254978504,5.65270364466614
-1.6134145682232,-4.68410263563953,6.34729635533386
-1.6134145682232,-8.65371814166395,6.69459271066772
-3.2268291364464,-10.9131682275184,7.38918542133544
-3.2268291364464,-10.9131682275184,7.38918542133544
-1.60632417098542,-10.6445038387808,7.71553724366851
1.63468575993652,-4.47050573487878,8.32635182233307
4.07607880398464,9.02877131573633,9.22162915732912
3.26228112263527,12.4938746253367,14.2905546699921
4.89696688257179,35.461767788461,18.928405695318
10.607731446493,58.1945082509407,21.566256720644
15.4905175345892,77.308898828099,22.3987004566377
13.8912837608416,81.1803352463791,23.6622186799684
11.4711619085068,85.3970593412573,23.6203296139668
11.4711619085068,85.3970593412573,23.6203296139668
11.4711619085068,85.3970593412573,23.6203296139668
11.4711619085068,85.3970593412573,23.6203296139668
12.2849595898561,85.6932574739834,23.1203296139668
15.5330599180158,86.0169893506978,21.7939777916337
13.1129380656811,83.1926767433797,22.6622186799684
18.8095218351267,71.6782074457768,21.5932931673054
18.8166122323644,63.8982009535538,18.1770712993085
18.8166122323644,55.2571338071412,15.4344976089786
19.6375003109516,47.1809291821922,12.5182757409818
19.6375003109516,39.0221233252779,12.0811093399842
19.6445907081894,34.5092010976736,12.6229984059858
19.6445907081894,33.3794760547464,12.9702947613196
19.6445907081894,33.3794760547464,12.9702947613196

Velocities: 31
0,0,0
0,0,0
2,0,0
0,0,0
-4,0,0
0,0,-2
-3,-1,0
0,0,0
1,0,0
4,2,2
5,5,5
7,7,0
9,10,9
9,11,8
9,9,6
3,7,0
1,4,1
0,0,0
0,0,0
0,0,0
0,0,0
0,-1,0
-4,-1,0
-5,-5,-4
-5,-4,-3
-5,-5,-3
-5,-4,-3
-3,-3,-3
-3,-2,-1
-1,-1,0
0,0,0

InverseVelocities: 31
0,0,0
0,0,0
0,0,0
0,0,0
0,0,0
0,0,0
0,0,0
0,0,0
0,0,0
0,0,0
0,0,0
0,0,0
0,0,0
0,0,0
0,0,0
0,0,0
0,0,0
0,0,0
0,0,0
0,0,0
0,0,0
0,0,0
0,0,0
0,0,0
0,0,0
0,0,0
0,0,0
0,0,0
0,0,0
0,0,0
0,0,0
