GestureName: tap_down
Duration(ms): 1034
Handedness: right

SpeakerAngles: 6
55
-55
0
0
110
-110

SpeakerElevations: 6
-10
-10
-10
0
30
30

InterpretedPoints: 22
-0.806707284111599,1.69458756439087,-0.520944533000791
0.813797681349374,3.74044074948461,-3.19459271066772
-2.4201218523348,8.1008115084097,-8.21553724366851
0.806707284111599,0.564862521463623,-0.17364817766693
1.62759536269875,2.36958506180819,-4
-3.24100993092195,1.23986001888094,-3.65270364466614
-0.813797681349374,1.48099066363012,-2.5
0,0,0
0,0,0
-0.813797681349374,-0.296198132726024,0.5
-1.62050496546097,-0.323731876714448,1.32635182233307
-0.806707284111599,-0.619930009440472,1.82635182233307
0,-1.1847925309041,2
-0.813797681349374,-0.888594398178072,1.5
-7.24618476252884,4.43629893974371,1.08987004566377
0,0,0
-6.50329105355721,-3.76797449347304,4.02094453300079
-4.87569569085847,-6.56475335680273,4.06283359900237
-4.06898840674687,-13.3467255819359,3.58377813200316
-2.44139304404812,-8.45500398964029,0.0628335990023732
-0.00709039723777505,-5.36800493768926,0.368240888334652
0,0,0

StrokePoints: 23
0,0,0
-0.806707284111599,1.69458756439087,-0.520944533000791
0.00709039723777494,5.43502831387548,-3.71553724366851
-2.41303145509702,13.5358398222852,-11.931074487337
-1.60632417098542,14.1007023437488,-12.104722665004
0.0212711917133259,16.470287405557,-16.104722665004
-3.21973873920862,17.7101474244379,-19.7574263096701
-4.03353642055799,19.1911380880681,-22.2574263096701
-4.03353642055799,19.1911380880681,-22.2574263096701
-4.03353642055799,19.1911380880681,-22.2574263096701
-4.84733410190737,18.894939955342,-21.7574263096701
-6.46783906736834,18.5712080786276,-20.431074487337
-7.27454635147994,17.9512780691871,-18.604722665004
-7.27454635147994,16.766485538283,-16.604722665004
-8.08834403282931,15.877891140105,-15.104722665004
-15.3345287953581,20.3141900798487,-14.0148526193402
-15.3345287953581,20.3141900798487,-14.0148526193402
-21.8378198489154,16.5462155863756,-9.9939080863394
-26.7135155397738,9.9814622295729,-5.93107448733703
-30.7825039465207,-3.36526335236299,-2.34729635533386
-33.2238969905688,-11.8202673420033,-2.28446275633149
-33.2309873878066,-17.1882722796925,-1.91622186799684
-33.2309873878066,-17.1882722796925,-1.91622186799684

Velocities: 22
1,2,0
2,2,0
2,5,0
1,0,0
0,0,0
-2,0,0
0,0,0
0,0,0
0,0,0
0,0,0
0,1,0
0,1,0
0,0,0
0,0,0
0,11,0
0,0,0
-2,-1,0
-5,-4,0
-4,-4,-4
-3,-3,-3
-1,-2,-2
0,0,0

InverseVelocities: 22
0,0,0
0,0,0
0,0,0
0,0,0
0,0,0
0,0,0
0,0,0
0,0,0
0,0,0
0,0,0
0,0,0
0,0,0
0,0,0
0,0,0
0,0,0
0,0,0
0,0,0
0,0,0
0,0,0
0,0,0
0,0,0
0,0,0
