GestureName: tap_up
Duration(ms): 1081
Handedness: right

SpeakerAngles: 6
55
-55
0
0
110
-110

SpeakerElevations: 6
-10
-10
-10
0
30
30

InterpretedPoints: 23
-0.806707284111599,-0.619930009440472,1.82635182233307
0,0.207618956656065,2.82635182233307
-1.62759536269875,-1.1847925309041,2
-0.00709039723777616,-13.2880361263894,4.4939080863394
12.2069652202406,-16.2224837096612,8.66755626400633
4.08316920122242,-9.7611922776655,-0.679740091327532
-1.62050496546097,-9.30646473215558,2.45201902033782
0.835068873062699,-3.30657389681647,-1.43716640099763
2.44139304404812,-2.50058073060367,-0.458110933998418
-1.6134145682232,-1.12972504292725,0.347296355333861
0,0,0
0,0,0
1.6134145682232,1.12972504292725,-0.347296355333861
-4.87569569085847,2.47304698661525,1.28446275633149
-8.12379601901819,6.66821528160979,1.22162915732911
-3.23391953368417,9.30646473215558,-2.45201902033782
-4.85442449914514,9.57512912089318,-2.12566719800475
-1.62050496546097,9.30646473215558,-2.45201902033782
0.827978475824924,6.48215212483746,-1.58377813200316
1.62759536269875,3.38917512878174,-1.04188906600158
0.813797681349374,1.48099066363012,-2.5
0,0.592396265452048,-1
0,0,0

StrokePoints: 24
0,0,0
-0.806707284111599,-0.619930009440472,1.82635182233307
-0.806707284111599,-0.412311052784407,4.65270364466614
-2.43430264681035,-1.5971035836885,6.65270364466614
-2.44139304404812,-14.8851397100779,11.1466117310055
9.76557217619248,-31.107623419739,19.8141679950119
13.8487413774149,-40.8688156974046,19.1344279036843
12.2282364119539,-50.1752804295601,21.5864469240221
13.0633052850166,-53.4818543263766,20.1492805230245
15.5046983290648,-55.9824350569803,19.6911695890261
13.8912837608416,-57.1121600999075,20.03846594436
13.8912837608416,-57.1121600999075,20.03846594436
13.8912837608416,-57.1121600999075,20.03846594436
15.5046983290648,-55.9824350569803,19.6911695890261
10.6290026382063,-53.509388070365,20.9756323453576
2.5052066191881,-46.8411727887552,22.1972615026867
-0.728712914496075,-37.5347080565997,19.7452424823489
-5.58313741364122,-27.9595789357065,17.6195752843441
-7.20364237910219,-18.6531142035509,15.1675562640063
-6.37566390327727,-12.1709620787134,13.5837781320032
-4.74806854057852,-8.78178694993171,12.5418890660016
-3.93427085922914,-7.30079628630159,10.0418890660016
-3.93427085922914,-6.70840002084954,9.04188906600158
-3.93427085922914,-6.70840002084954,9.04188906600158

Velocities: 23
0,1,0
0,0,1
0,0,0
-11,-12,0
-12,-12,0
-12,-10,0
-9,-8,0
-6,-3,0
-3,-3,0
-2,0,0
0,0,0
0,0,0
2,0,0
3,4,0
7,9,0
7,10,0
7,11,0
8,9,0
5,7,0
3,3,0
0,0,0
0,0,0
0,0,0

InverseVelocities: 23
0,0,0
0,0,0
0,0,0
0,0,0
0,0,0
0,0,0
0,0,0
0,0,0
0,0,0
0,0,0
0,0,0
0,0,0
0,0,0
0,0,0
0,0,0
0,0,0
0,0,0
0,0,0
0,0,0
0,0,0
0,0,0
0,0,0
0,0,0
