GestureName: tap_down
Duration(ms): 1081
Handedness: right

SpeakerAngles: 6
55
-55
0
0
110
-110

SpeakerElevations: 6
-10
-10
-10
0
30
30

InterpretedPoints: 23
-2.42721224957257,1.96325195312847,-0.194592710667721
-1.62759536269875,6.18595399211144,-1.08377813200316
0,22.6992287743867,4.31149920299288
-2.42721224957257,24.3878383946728,4.63785102532595
1.6134145682232,22.3695189535675,6.48514738065981
1.6134145682232,13.8929591640435,6.52703644666139
3.25519072539749,3.27904015282804,2.2635182233307
1.60632417098542,3.92052596215225,0.458110933998418
0.820888078587149,-0.0275337439884242,0.82635182233307
0,0,0
0,0,0
0,-0.537328777475199,-0.652703644666139
-0.00709039723777494,-9.81988173321203,-1.58987004566377
-1.62050496546097,-9.70974675725833,-4.89527733499604
-1.6134145682232,-12.5005476764833,-5.70068462432832
3.24810032815972,-13.0989218860401,-3.85338826899446
-0.820888078587148,-3.78883518631482,-3.7425736903299
-1.62050496546097,-11.4318680656376,-3.54798097966218
1.62050496546097,-10.8945392881624,-2.89527733499604
0.813797681349374,-2.44551324262682,-2.11081457866456
0.00709039723777527,-4.5129222276043,0.541889066001582
-0.806707284111599,-0.564862521463623,0.17364817766693
0,0,0

StrokePoints: 24
0,0,0
-2.42721224957257,1.96325195312847,-0.194592710667721
-4.05480761227132,8.14920594523991,-1.27837084267089
-4.05480761227132,30.8484347196266,3.03312836032199
-6.48201986184389,55.2362731142994,7.67097938564794
-4.86860529362069,77.605792067867,14.1561267663078
-3.25519072539749,91.4987512319105,20.6831632129691
1.77635683940025E-15,94.7777913847385,22.9466814362998
1.60632417098542,98.6983173468908,23.4047923702983
2.42721224957257,98.6707836029023,24.2311441926313
2.42721224957257,98.6707836029023,24.2311441926313
2.42721224957257,98.6707836029023,24.2311441926313
2.42721224957257,98.1334548254271,23.5784405479652
2.4201218523348,88.3135730922151,21.9885705023014
0.799616886873825,78.6038263349568,17.0932931673054
-0.813797681349373,66.1032786584734,11.3926085429771
2.43430264681035,53.0043567724334,7.53922027398259
1.6134145682232,49.2155215861185,3.79664658365269
-0.00709039723777227,37.7836535204809,0.248665603990506
1.6134145682232,26.8891142323185,-2.64661173100554
2.42721224957257,24.4436009896917,-4.7574263096701
2.43430264681035,19.9306787620874,-4.21553724366851
1.62759536269875,19.3658162406237,-4.04188906600158
1.62759536269875,19.3658162406237,-4.04188906600158

Velocities: 23
1,3,0
6,6,0
9,9,9
8,10,10
9,7,10
8,6,6
5,5,0
4,1,1
0,1,0
0,0,0
0,0,0
-1,-1,0
-3,-4,-4
-6,-5,-4
-8,-6,-5
-8,-9,-4
-6,-7,0
-7,-6,-4
-5,-6,-4
-4,-4,0
-3,-2,-1
-1,0,0
0,0,0

InverseVelocities: 23
0,0,0
0,0,0
0,0,0
0,0,0
0,0,0
0,0,0
0,0,0
0,0,0
0,0,0
0,0,0
0,0,0
0,0,0
0,0,0
0,0,0
0,0,0
0,0,0
0,0,0
0,0,0
0,0,0
0,0,0
0,0,0
0,0,0
0,0,0
