GestureName: tap_left
Duration(ms): 987
Handedness: right

SpeakerAngles: 6
55
-55
0
0
110
-110

SpeakerElevations: 6
-10
-10
-10
0
30
30

InterpretedPoints: 21
2.44139304404812,-0.888594398178072,1.5
5.68240297497007,-0.351265620702872,2.15270364466614
9.73721058724139,0.482261289498351,2.30540728933228
13.7849278022749,-0.619930009440472,1.82635182233307
12.164422836814,-5.93286745915289,0.541889066001582
8.90923211141646,-8.45500398964029,0.0628335990023732
5.66822218049452,-3.35566344068863,-0.631759111665348
2.4201218523348,-1.69458756439087,0.520944533000791
1.6134145682232,-1.12972504292725,0.347296355333861
0,0,0
0,0,0
-4.04771721503354,1.10219129893882,0.479055466999209
-1.6134145682232,7.62147707943907,-0.215537243668512
-4.03353642055799,7.0015470699986,1.61081457866456
-13.7778374050372,4.80314241622564,-0.194592710667722
-12.9711301209256,-0.268664388737599,-0.326351822333069
-8.92341290589201,-1.37085568767642,-0.805407289332278
-8.10961522454264,-1.66705382040245,-0.305407289332278
-6.49620065631944,-1.12972504292725,0.347296355333861
-4.86860529362069,-1.12972504292725,0.347296355333861
0,0,0

StrokePoints: 22
0,0,0
2.44139304404812,-0.888594398178072,1.5
8.12379601901819,-1.23986001888094,3.65270364466614
17.8610066062596,-0.757598729382593,5.95811093399842
31.6459344085345,-1.37752873882306,7.78446275633149
43.8103572453485,-7.31039619797595,8.32635182233307
52.7195893567649,-15.7654001876162,8.38918542133544
58.3878115372594,-19.1210636283049,7.75742630967009
60.8079333895942,-20.8156511926957,8.27837084267088
62.4213479578174,-21.945376235623,8.62566719800475
62.4213479578174,-21.945376235623,8.62566719800475
62.4213479578174,-21.945376235623,8.62566719800475
58.3736307427839,-20.8431849366842,9.10472266500395
56.7602161745607,-13.2217078572451,8.88918542133544
52.7266797540027,-6.2201607872465,10.5
38.9488423489655,-1.41701837102086,10.3054072893323
25.97771222804,-1.68568275975846,9.97905546699921
17.054299322148,-3.05653844743488,9.17364817766693
8.94468409760533,-4.72359226783733,8.86824088833465
2.44848344128589,-5.85331731076458,9.21553724366851
-2.4201218523348,-6.98304235369182,9.56283359900237
-2.4201218523348,-6.98304235369182,9.56283359900237

Velocities: 21
0,0,0
2,0,0
4,0,0
4,-3,0
1,-5,-2
0,-6,-3
0,-4,-1
0,-3,0
0,-2,0
0,0,0
0,0,0
0,3,0
1,3,3
0,5,3
-3,5,2
-4,3,0
-4,0,0
-4,0,0
-2,0,0
-2,0,0
0,0,0

InverseVelocities: 21
0,0,0
0,0,0
0,0,0
0,0,0
-3,0,0
0,0,0
0,1,0
0,0,0
0,0,0
0,0,0
0,0,0
0,0,0
0,0,0
0,0,0
0,0,0
0,0,0
0,0,0
0,0,0
0,0,0
0,0,0
0,0,0
