GestureName: tap_back
Duration(ms): 987
Handedness: right

SpeakerAngles: 6
55
-55
0
0
110
-110

SpeakerElevations: 6
-10
-10
-10
0
30
30

InterpretedPoints: 21
-1.6134145682232,-3.05946530796261,-1.13175911166535
0.842159270300474,-8.12529416882116,-2.11081457866456
1.62759536269875,-3.7613014423264,-4.56892551266297
-3.23391953368417,-6.45461838084903,0.757426309670094
-4.04771721503354,-5.02869520519576,-0.0898700456637662
-4.84733410190737,-1.343321943688,-1.63175911166535
-4.04062681779577,-4.15567866279674,-2.45811093399842
0,0,0
0,0,0
0,0,0
0,-0.592396265452048,1
-0.813797681349374,-0.296198132726024,0.5
4.04771721503354,-0.67499749741732,3.47905546699921
4.84024370466959,8.36642481357033,3.2635182233307
4.04771721503354,3.30657389681647,1.43716640099763
-4.07607880398464,0.992056322985126,3.78446275633149
3.24100993092194,2.79677886332969,-0.0418890660015822
2.41303145509702,9.51770565638132,2.93716640099763
-0.806707284111599,7.0015470699986,1.61081457866456
-2.43430264681035,0.509795033486775,1.47905546699921
0,0,0

StrokePoints: 22
0,0,0
-1.6134145682232,-3.05946530796261,-1.13175911166535
-0.771255297922723,-11.1847594767838,-3.2425736903299
0.856340064776025,-14.9460609191102,-7.81149920299288
-2.37757946890815,-21.4006792999592,-7.05407289332278
-6.42529668394169,-26.429374505155,-7.14394293898655
-11.2726307858491,-27.772696448843,-8.7757020506519
-15.3132576036448,-31.9283751116397,-11.2338129846503
-15.3132576036448,-31.9283751116397,-11.2338129846503
-15.3132576036448,-31.9283751116397,-11.2338129846503
-15.3132576036448,-31.9283751116397,-11.2338129846503
-15.3132576036448,-32.5207713770917,-10.2338129846503
-16.1270552849942,-32.8169695098178,-9.73381298465032
-12.0793380699607,-33.4919670072351,-6.25475751765111
-7.23909436529106,-25.1255421936648,-2.99123929432041
-3.19137715025752,-21.8189682968483,-1.55407289332279
-7.26745595424216,-20.8269119738632,2.2303898630087
-4.02644602332022,-18.0301331105335,2.18850079700712
-1.6134145682232,-8.51242745415215,5.12566719800475
-2.4201218523348,-1.51088038415355,6.7364817766693
-4.85442449914514,-1.00108535066678,8.21553724366851
-4.85442449914514,-1.00108535066678,8.21553724366851

Velocities: 21
-3,-1,-1
-4,0,-4
-7,-7,0
-8,-5,0
-7,-4,0
-5,0,0
-4,0,-2
0,0,0
0,0,0
0,0,0
0,0,0
0,0,0
3,0,0
6,0,4
6,3,0
4,3,0
4,2,0
4,0,5
2,3,3
1,2,0
0,0,0

InverseVelocities: 21
0,0,0
0,0,0
0,0,0
0,0,0
0,0,0
0,0,0
0,0,0
0,0,0
0,0,0
0,0,0
0,0,0
0,0,0
0,0,0
0,0,0
0,0,0
0,0,0
0,0,0
0,0,0
0,0,0
0,0,0
0,0,0
