GestureName: tap_front
Duration(ms): 1034
Handedness: right

SpeakerAngles: 6
55
-55
0
0
110
-110

SpeakerElevations: 6
-10
-10
-10
0
30
30

InterpretedPoints: 22
-4.03353642055799,2.82431260731812,-0.868240888334652
0,0,0
0.813797681349374,-0.296198132726024,0.5
1.62759536269875,-0.592396265452048,1
3.2551907253975,-1.1847925309041,2
4.86860529362069,3.27904015282804,2.2635182233307
-0.813797681349374,2.33537826667313,5.41622186799684
5.65404138601897,20.8030001974444,1.15879555832674
0.813797681349374,13.761963495248,2.06892551266297
-1.62050496546097,8.69015669028478,1.93716640099763
-0.806707284111599,8.98635482301081,1.43716640099763
0,6.22906559187891,-1.04188906600158
-0.813797681349374,-0.833526910201223,-0.152703644666139
-1.62050496546097,-6.70534893727258,-2.11081457866456
-5.67531257773229,-10.1160798659381,-1.08987004566377
-1.62759536269875,-15.1328191829244,-2.87433280199525
0.00709039723777494,-11.4318680656376,-3.54798097966218
-4.05480761227132,-5.88975585938541,0.583778132003164
-2.44139304404812,0.888594398178072,-1.5
0.785436092398274,-1.37085568767642,-0.805407289332278
1.6134145682232,-1.12972504292725,0.347296355333861
0,0,0

StrokePoints: 23
0,0,0
-4.03353642055799,2.82431260731812,-0.868240888334652
-4.03353642055799,2.82431260731812,-0.868240888334652
-3.21973873920862,2.52811447459209,-0.368240888334652
-1.59214337650987,1.93571820914005,0.631759111665348
1.66304734888762,0.75092567823595,2.63175911166535
6.53165264250832,4.02996583106399,4.89527733499604
5.71785496115894,6.36534409773712,10.3114992029929
11.3718963471779,27.1683442951815,11.4702947613196
12.1856940285273,40.9303077904296,13.5392202739826
10.5651890630663,49.6204644807143,15.4763866749802
9.75848177895471,58.6068193037251,16.9135530759778
9.75848177895471,64.8358848956041,15.8716640099763
8.94468409760534,64.0023579854028,15.7189603653101
7.32417913214436,57.2970090481302,13.6081457866456
1.64886655441207,47.1809291821922,12.5182757409818
0.0212711917133257,32.0481099992678,9.64394293898655
0.0283615889511006,20.6162419336301,6.09596195932436
-4.02644602332022,14.7264860742447,6.67974009132753
-6.46783906736834,15.6150804724228,5.17974009132753
-5.68240297497007,14.2442247847464,4.37433280199525
-4.06898840674687,13.1144997418191,4.72162915732911
-4.06898840674687,13.1144997418191,4.72162915732911

Velocities: 22
0,5,0
0,0,0
0,0,0
0,0,0
0,0,0
6,4,0
6,6,0
12,6,7
4,4,6
2,3,4
2,3,4
2,2,2
-1,-1,0
-3,-2,-3
-5,-2,-4
-6,-6,-6
-7,-6,-4
-7,-5,0
0,0,0
0,-4,0
0,-2,0
0,0,0

InverseVelocities: 22
0,0,0
0,0,0
0,0,0
0,0,0
0,0,0
0,0,0
0,0,0
0,0,0
0,0,0
0,0,0
0,0,0
0,0,0
0,0,0
0,0,0
0,0,0
0,0,0
0,0,0
0,0,0
0,0,0
0,0,0
0,0,0
0,0,0
