GestureName: tap_left
Duration(ms): 799
Handedness: right

SpeakerAngles: 6
55
-55
0
0
110
-110

SpeakerElevations: 6
-10
-10
-10
0
30
30

InterpretedPoints: 17
4.05480761227132,0.241130644749175,1.15270364466614
12.1715132340517,2.23191634186607,0.131759111665348
17.8326450173085,-0.0550674879768478,1.65270364466614
18.6393523014201,-8.83380335433159,3.04188906600158
7.30290794043104,-9.05337819919703,1.91012995433623
4.04062681779577,-5.93286745915289,0.541889066001582
2.43430264681035,-2.54967027447583,0.347296355333861
0,0,0
0,0,0
-2.43430264681035,0.564862521463623,-0.17364817766693
-7.30290794043104,7.05661455797545,-0.041889066001582
-10.5368274741152,8.45500398964029,-0.0628335990023734
-16.2192304490853,6.49175203651182,0.131759111665348
-13.7849278022749,-0.564862521463623,0.173648177666931
-8.10252482730486,-1.39838943166485,0.0209445330007911
-3.24810032815972,-0.861060654189647,0.67364817766693
0,0,0

StrokePoints: 18
0,0,0
4.05480761227132,0.241130644749175,1.15270364466614
16.226320846323,2.47304698661525,1.28446275633149
34.0589658636315,2.4179794986384,2.93716640099763
52.6983181650516,-6.41582385569319,5.97905546699921
60.0012261054826,-15.4692020548902,7.88918542133544
64.0418529232784,-21.4020695140431,8.43107448733702
66.4761555700888,-23.9517397885189,8.77837084267088
66.4761555700888,-23.9517397885189,8.77837084267088
66.4761555700888,-23.9517397885189,8.77837084267088
64.0418529232784,-23.3868772670553,8.60472266500395
56.7389449828474,-16.3302627090799,8.56283359900237
46.2021175087321,-7.87525871943957,8.5
29.9828870596469,-1.38350668292775,8.63175911166534
16.1979592573719,-1.94836920439137,8.80540728933227
8.09543443006708,-3.34675863605622,8.82635182233307
4.84733410190736,-4.20781929024587,9.5
4.84733410190736,-4.20781929024587,9.5

Velocities: 17
2,0,0
5,0,0
6,-4,0
4,-7,-3
-3,-6,-2
0,-4,-2
0,-1,-1
0,0,0
0,0,0
0,1,0
0,3,3
0,6,3
-3,5,3
-4,3,0
-4,1,0
-1,0,0
0,0,0

InverseVelocities: 17
0,0,0
0,0,0
0,1,0
-3,0,0
0,0,0
0,0,0
0,0,0
0,0,0
0,0,0
0,0,0
0,0,0
0,0,0
0,0,0
0,0,0
0,0,0
0,0,0
0,0,0
