GestureName: tap_left
Duration(ms): 1363
Handedness: right

SpeakerAngles: 6
55
-55
0
0
110
-110

SpeakerElevations: 6
-10
-10
-10
0
30
30

InterpretedPoints: 29
-4.84024370466959,13.3132138938428,-1.91012995433623
-3.2268291364464,2.25945008585449,-0.694592710667721
0.806707284111599,-0.564862521463623,0.17364817766693
0,0,0
0,0,0
3.24100993092194,2.52213653048741,0.479055466999209
6.48201986184389,1.0746575549504,1.30540728933228
12.1431516451006,-1.21232627489252,2.82635182233307
17.8326450173085,-8.21387334489112,1.21553724366851
14.5987254836243,-7.62745502354376,1.06283359900237
7.28163674871771,-9.04740025509234,1.06283359900237
4.86151489638292,-5.36800493768926,0.368240888334652
3.24100993092194,-2.52213653048741,-0.479055466999209
0,0,0
0,0,0
-0.813797681349374,-0.296198132726024,0.5
-1.62050496546097,10.4673454866409,-1.06283359900237
-3.23391953368417,7.35281269070147,-0.541889066001582
-10.5297370768774,2.17684885388922,1.78446275633149
-11.3718963471779,15.786260880458,-0.625667198004746
-10.5580986658285,9.59070697667223,-1.25742630967009
-9.72302979276583,0.592396265452048,-1
-7.29581754319326,-0.241130644749176,-1.15270364466614
-0.813797681349374,0.296198132726024,-0.5
0,0,0
0,0,0
0,0,0
-5.64695098878119,3.95403765024536,-1.21553724366851
0,0,0

StrokePoints: 30
0,0,0
-4.84024370466959,13.3132138938428,-1.91012995433623
-8.06707284111599,15.5726639796973,-2.60472266500395
-7.26036555700439,15.0078014582337,-2.43107448733702
-7.26036555700439,15.0078014582337,-2.43107448733702
-7.26036555700439,15.0078014582337,-2.43107448733702
-4.01935562608244,17.5299379887211,-1.95201902033782
2.46266423576145,18.6045955436715,-0.646611731005537
14.6058158808621,17.3922692687789,2.17974009132753
32.4384608981705,9.17839592388782,3.39527733499604
47.0371863817949,1.55094090034407,4.45811093399842
54.3188231305126,-7.49645935474828,5.52094453300079
59.1803380268955,-12.8644642924375,5.88918542133544
62.4213479578174,-15.3866008229249,5.41012995433623
62.4213479578174,-15.3866008229249,5.41012995433623
62.4213479578174,-15.3866008229249,5.41012995433623
61.6075502764681,-15.682798955651,5.91012995433623
59.9870453110071,-5.21545346901005,4.84729635533386
56.7531257773229,2.13735922169143,4.30540728933228
46.2233887004455,4.31420807558065,6.08987004566377
34.8514923532676,20.1004689560387,5.46420284765902
24.293393687439,29.6911759327109,4.20677653798892
14.5703638946732,30.283572198163,3.20677653798892
7.27454635147995,30.0424415534138,2.05407289332279
6.46074867013057,30.3386396861398,1.55407289332279
6.46074867013057,30.3386396861398,1.55407289332279
6.46074867013057,30.3386396861398,1.55407289332279
6.46074867013057,30.3386396861398,1.55407289332279
0.813797681349381,34.2926773363852,0.338535649654273
0.813797681349381,34.2926773363852,0.338535649654273

Velocities: 29
0,6,5
0,4,0
0,-1,0
0,0,0
0,0,0
2,0,1
4,0,0
5,-4,0
3,-7,-3
0,-7,-2
0,-6,-3
0,-3,-2
0,-2,-1
0,0,0
0,0,0
0,0,0
2,3,4
0,3,3
0,7,0
5,8,5
4,7,2
-3,3,0
-3,1,0
0,0,0
0,0,0
0,0,0
0,0,0
0,7,0
0,0,0

InverseVelocities: 29
0,-5,-2
0,-1,0
0,0,0
0,0,0
0,0,0
0,0,0
0,0,0
0,0,0
-2,0,0
0,0,0
0,0,0
0,0,0
0,0,0
0,0,0
0,0,0
0,0,0
0,0,0
0,0,0
0,0,0
0,0,0
-3,-2,0
0,-2,0
0,0,0
0,0,0
0,0,0
0,0,0
0,0,0
0,0,0
0,0,0
