GestureName: tap_up
Duration(ms): 1128
Handedness: right

SpeakerAngles: 6
55
-55
0
0
110
-110

SpeakerElevations: 6
-10
-10
-10
0
30
30

InterpretedPoints: 24
-2.43430264681035,-0.0275337439884242,0.82635182233307
-0.820888078587149,-1.21232627489252,2.82635182233307
-0.813797681349374,-2.07338692908217,3.5
3.24100993092194,-2.90691383928339,3.34729635533386
0.813797681349374,-7.66694465574155,3.58377813200316
0.813797681349374,-11.0010522965464,2.97296355333861
0.806707284111599,-25.4565180055186,-6.79055466999209
5.68240297497007,-21.1327100182636,1.01485261934019
4.06898840674687,-18.8732599324091,0.320259908672468
3.2551907253975,-5.00116146120734,-0.916221867996835
3.24100993092194,-1.66705382040245,-0.305407289332279
0,0,0
0,0,0
-2.44139304404812,0.241130644749175,1.15270364466614
-3.2551907253975,2.74171137535285,1.61081457866456
-8.11670562178041,15.4685069478483,-0.146611731005537
-2.42721224957257,5.72455339545486,4.37433280199525
-2.42721224957257,9.27893098816715,-1.62566719800475
-2.42721224957257,31.1118162713014,-3.53579715234098
8.94468409760534,18.2444251183362,-7.95201902033781
4.90405727980957,6.61982084477958,-5.71553724366851
-4.84733410190737,5.6977147585084,-2.54188906600158
4.88278608809624,1.77718879635614,-3
0,0,0

StrokePoints: 25
0,0,0
-2.43430264681035,-0.0275337439884242,0.82635182233307
-3.2551907253975,-1.23986001888094,3.65270364466614
-4.06898840674687,-3.31324694796311,7.15270364466614
-0.827978475824924,-6.2201607872465,10.5
-0.0141807944755504,-13.8871054429881,14.0837781320032
0.799616886873823,-24.8881577395345,17.0567416853418
1.60632417098542,-50.3446757450531,10.2661870153497
7.28872714595549,-71.4773857633166,11.2810396346899
11.3577155527024,-90.3506456957257,11.6012995433623
14.6129062780999,-95.351807156933,10.6850776753655
17.8539162090218,-97.0188609773355,10.3796703860332
17.8539162090218,-97.0188609773355,10.3796703860332
17.8539162090218,-97.0188609773355,10.3796703860332
15.4125231649737,-96.7777303325863,11.5323740306994
12.1573324395762,-94.0360189572334,13.1431886093639
4.04062681779577,-78.5675120093852,12.9965768783584
1.6134145682232,-72.8429586139303,17.3709096803536
-0.81379768134937,-63.5640276257632,15.7452424823489
-3.24100993092194,-32.4522113544617,12.2094453300079
5.70367416668339,-14.2077862361255,4.2574263096701
10.607731446493,-7.58796539134597,-1.45811093399841
5.76039734458559,-1.89025063283757,-4
10.6431834326818,-0.11306183648143,-6.99999999999999
10.6431834326818,-0.11306183648143,-6.99999999999999

Velocities: 24
0,1,0
1,0,0
0,0,0
0,-2,0
-6,-6,0
-10,-10,0
-9,-10,-11
-9,-11,-6
-8,-8,-6
-6,-6,0
-1,-3,0
0,0,0
0,0,0
1,1,0
4,4,0
7,10,4
8,10,0
8,10,0
8,10,11
7,6,4
2,5,0
0,5,1
0,0,0
0,0,0

InverseVelocities: 24
0,0,0
0,0,0
0,0,0
0,0,0
4,0,0
0,0,0
0,0,0
0,0,0
0,0,0
0,0,0
0,0,0
0,0,0
0,0,0
0,0,0
0,0,0
0,0,0
0,0,0
0,0,0
0,0,0
0,0,0
0,0,0
0,0,0
0,0,0
0,0,0
