GestureName: tap_right
Duration(ms): 846
Handedness: right

SpeakerAngles: 6
55
-55
0
0
110
-110

SpeakerElevations: 6
-10
-10
-10
0
30
30

InterpretedPoints: 18
-0.813797681349374,-0.296198132726024,0.5
-4.86860529362069,-1.12972504292725,0.347296355333861
-6.48911025908166,-0.213596900760752,-1.97905546699921
-8.11670562178041,0.378799364691296,-2.97905546699921
-8.95177449484311,3.25817945998626,-5.5
-5.69658376944562,2.66578319453421,-4.5
-4.06898840674687,1.48099066363012,-2.5
-1.62759536269875,0.592396265452048,-1
0,0,0
0,0,0
0.813797681349374,-0.296198132726024,0.5
2.44139304404812,-0.888594398178072,1.5
6.51038145079499,-2.96198132726024,5
12.164422836814,0.130995668795479,4.45811093399842
8.91632250865424,0.454727545509927,3.13175911166535
4.06189800950909,-0.619930009440472,1.82635182233307
1.62759536269875,-0.592396265452048,1
0,0,0

StrokePoints: 19
0,0,0
-0.813797681349374,-0.296198132726024,0.5
-5.68240297497007,-1.42592317565327,0.847296355333861
-12.1715132340517,-1.63952007641402,-1.13175911166535
-20.2882188558321,-1.26072071172273,-4.11081457866456
-29.2399933506753,1.99745874826354,-9.61081457866456
-34.9365771201209,4.66324194279775,-14.1108145786646
-39.0055655268677,6.14423260642787,-16.6108145786646
-40.6331608895665,6.73662887187992,-17.6108145786646
-40.6331608895665,6.73662887187992,-17.6108145786646
-40.6331608895665,6.73662887187992,-17.6108145786646
-39.8193632082171,6.44043073915389,-17.1108145786646
-37.377970164169,5.55183634097582,-15.6108145786646
-30.867588713374,2.58985501371558,-10.6108145786646
-18.7031658765601,2.72085068251106,-6.15270364466614
-9.78684336790582,3.17557822802099,-3.02094453300079
-5.72494535839672,2.55564821858052,-1.19459271066772
-4.09734999569798,1.96325195312847,-0.194592710667722
-4.09734999569798,1.96325195312847,-0.194592710667722

Velocities: 18
0,0,0
-2,0,0
-3,0,0
-3,0,0
0,0,0
0,0,0
0,0,0
0,0,0
0,0,0
0,0,0
0,0,0
0,0,0
0,0,0
6,0,0
5,0,0
1,0,0
0,0,0
0,0,0

InverseVelocities: 18
0,0,0
0,0,0
0,0,0
0,0,0
0,0,0
0,0,0
0,0,0
0,0,0
0,0,0
0,0,0
0,0,0
0,0,0
0,0,0
0,0,0
0,0,0
0,0,0
0,0,0
0,0,0
