GestureName: tap_left
Duration(ms): 1081
Handedness: right

SpeakerAngles: 6
55
-55
0
0
110
-110

SpeakerElevations: 6
-10
-10
-10
0
30
30

InterpretedPoints: 23
0,-1.98480775301221,0.17364817766693
0,0,0
0,0,0
0,0,0
1.62759536269875,-0.592396265452048,1
8.92341290589201,0.778459422224375,1.80540728933228
12.9853109154011,-1.50852440761854,3.32635182233307
21.0807453454682,-4.83067616021406,1.02094453300079
12.9711301209256,-9.01986651110392,0.236481776669304
11.3506251554646,-3.98157139423379,2.04188906600158
8.10252482730486,-8.48253773362872,0.889185421335443
0.806707284111599,-0.564862521463623,0.17364817766693
0,0,0
0,0,0
0,6.49175203651182,0.131759111665348
-7.28872714595549,5.60913558243844,0.784462756331487
-7.29581754319326,11.8322232302127,0.589870045663766
-7.27454635147994,8.33889106958191,4.08987004566377
-8.07416323835376,7.50536415938069,3.93716640099763
-4.84024370466959,1.33734399958331,2.47905546699921
-5.68240297497007,-0.833526910201223,-0.152703644666139
-1.62050496546097,-0.861060654189647,0.67364817766693
0,0,0

StrokePoints: 24
0,0,0
0,-1.98480775301221,0.17364817766693
0,-1.98480775301221,0.17364817766693
0,-1.98480775301221,0.17364817766693
0,-1.98480775301221,0.17364817766693
1.62759536269875,-2.57720401846426,1.17364817766693
10.5510082685908,-1.79874459623988,2.97905546699921
23.5363191839919,-3.30726900385842,6.30540728933228
44.6170645294601,-8.13794516407249,7.32635182233307
57.5881946503856,-17.1578116751764,7.56283359900237
68.9388198058502,-21.1393830694102,9.60472266500395
77.0413446331551,-29.6219208030389,10.4939080863394
77.8480519172667,-30.1867833245025,10.6675562640063
77.8480519172667,-30.1867833245025,10.6675562640063
77.8480519172667,-30.1867833245025,10.6675562640063
77.8480519172667,-23.6950312879907,10.7993153756717
70.5593247713112,-18.0858957055523,11.5837781320032
63.2635072281179,-6.25367247533961,12.1736481776669
55.988960876638,2.0852185942423,16.2635182233307
47.9147976382842,9.59058275362298,20.2006846243283
43.0745539336146,10.9279267532063,22.6797400913275
37.3921509586445,10.0943998430051,22.5270364466614
35.7716459931836,9.23333918881542,23.2006846243283
35.7716459931836,9.23333918881542,23.2006846243283

Velocities: 23
0,0,-1
0,0,0
0,0,0
0,0,0
0,0,0
4,0,0
3,-2,0
5,-6,-2
0,-7,-3
0,-6,0
0,-5,-3
0,-1,0
0,0,0
0,0,0
1,1,3
0,5,2
1,5,5
0,7,4
-2,7,4
-2,4,1
-2,0,0
-1,0,0
0,0,0

InverseVelocities: 23
0,0,0
0,0,0
0,0,0
0,0,0
0,0,0
0,0,0
0,0,0
-1,0,0
0,0,0
0,0,0
0,0,0
0,0,0
0,0,0
0,0,0
0,0,0
0,0,0
0,0,0
0,0,0
1,0,0
0,0,0
0,0,0
0,0,0
0,0,0
