GestureName: tap_front
Duration(ms): 893
Handedness: right

SpeakerAngles: 6
55
-55
0
0
110
-110

SpeakerElevations: 6
-10
-10
-10
0
30
30

InterpretedPoints: 19
0.00709039723777505,4.23827989476202,-0.0209445330007911
0.820888078587149,-0.0275337439884242,0.82635182233307
-1.59923377374765,1.0746575549504,1.30540728933228
4.03353642055799,2.23191634186607,0.131759111665348
0,19.5846959784472,4.83244373599367
-2.43430264681035,19.6122297224356,4.0060919136606
-1.62759536269875,14.8581768500822,3.39527733499604
1.62050496546097,7.29774520272462,1.11081457866456
0,0,0
0,0,0
-2.43430264681035,-3.08699905195103,-0.305407289332279
-0.806707284111599,-7.5388758474738,-2.2635182233307
1.63468575993652,-8.37240275767502,-2.41622186799684
1.62759536269875,-15.1878866709013,-1.22162915732911
-0.792526489636048,-13.9755603960088,-4.04798097966218
1.64886655441207,-4.14010080701769,-1.58987004566377
-3.24810032815972,-4.19516829499454,0.0628335990023732
1.59923377374765,-1.66705382040245,-0.305407289332279
0,0,0

StrokePoints: 20
0,0,0
0.00709039723777505,4.23827989476202,-0.0209445330007911
0.827978475824924,4.21074615077359,0.805407289332279
-0.771255297922724,5.28540370572399,2.11081457866456
3.26228112263527,7.51732004759006,2.2425736903299
3.26228112263527,27.1020160260373,7.07501742632357
0.827978475824922,46.7142457484729,11.0811093399842
-0.799616886873825,61.5724225985551,14.4763866749802
0.820888078587147,68.8701678012797,15.5872012536448
0.820888078587147,68.8701678012797,15.5872012536448
0.820888078587147,68.8701678012797,15.5872012536448
-1.6134145682232,65.7831687493287,15.2817939643125
-2.4201218523348,58.2442929018549,13.0182757409818
-0.785436092398276,49.8718901441799,10.602053872985
0.842159270300472,34.6840034732786,9.38042471565585
0.0496327806644246,20.7084430772698,5.33244373599367
1.6984993350765,16.5683422702521,3.7425736903299
-1.54960099308322,12.3731739752576,3.80540728933228
0.0496327806644252,10.7061201548551,3.5
0.0496327806644252,10.7061201548551,3.5

Velocities: 19
0,1,2
0,1,0
0,4,0
5,0,0
8,8,8
7,8,8
4,4,7
3,2,3
0,0,0
0,0,0
-2,-1,-1
-4,-3,-3
-5,-4,-3
-5,-5,-6
-7,-4,-6
-7,-4,0
-5,-4,0
0,-4,0
0,0,0

InverseVelocities: 19
0,0,0
0,0,0
0,0,0
0,0,0
0,0,0
0,0,0
0,0,0
0,0,0
0,0,0
0,0,0
0,0,0
0,0,0
0,0,0
0,0,0
0,0,0
0,0,0
0,0,0
0,0,0
0,0,0
