GestureName: tap_right
Duration(ms): 846
Handedness: right

SpeakerAngles: 6
55
-55
0
0
110
-110

SpeakerElevations: 6
-10
-10
-10
0
30
30

InterpretedPoints: 18
-0.806707284111599,-0.564862521463623,0.17364817766693
-1.62759536269875,0.592396265452048,-1
-4.88278608809624,1.77718879635614,-3
-15.3983423704981,-0.936988835008278,-5.43716640099763
0.813797681349374,0.296198132726024,-0.5
-5.67531257773229,0.67499749741732,-3.47905546699921
-3.24100993092194,-0.537328777475199,-0.652703644666139
0,0,0
0,0,0
1.62759536269875,1.39241148756016,0.82635182233307
-0.0141807944755501,0.537328777475199,0.652703644666139
12.9640397236878,0.964522578996702,4.61081457866456
12.9640397236878,1.55691884444875,3.61081457866456
17.846825811784,2.1493151099008,2.61081457866456
6.51038145079499,-1.77718879635614,3
0.813797681349374,-0.296198132726024,0.5
0,-0.592396265452048,1
0,0,0

StrokePoints: 19
0,0,0
-0.806707284111599,-0.564862521463623,0.17364817766693
-2.43430264681035,0.0275337439884242,-0.82635182233307
-7.31708873490659,1.80472254034457,-3.82635182233307
-22.7154311054047,0.86773370533629,-9.2635182233307
-21.9016334240553,1.16393183806231,-9.7635182233307
-27.5769460017876,1.83892933547963,-13.2425736903299
-30.8179559327096,1.30160055800443,-13.895277334996
-30.8179559327096,1.30160055800443,-13.895277334996
-30.8179559327096,1.30160055800443,-13.895277334996
-29.1903605700108,2.69401204556459,-13.068925512663
-29.2045413644864,3.23134082303979,-12.4162218679968
-16.2405016407986,4.1958634020365,-7.80540728933228
-3.27646191711082,5.75278224648524,-4.19459271066772
14.5703638946732,7.90209735638604,-1.58377813200316
21.0807453454682,6.1249085600299,1.41622186799684
21.8945430268176,5.82871042730388,1.91622186799684
21.8945430268176,5.23631416185183,2.91622186799684
21.8945430268176,5.23631416185183,2.91622186799684

Velocities: 18
-1,0,0
0,0,0
0,0,0
-9,0,0
0,0,0
-3,0,0
-2,0,0
0,0,0
0,0,0
0,0,1
2,0,0
8,0,0
8,0,0
8,0,0
0,0,0
0,0,0
0,0,0
0,0,0

InverseVelocities: 18
0,0,0
0,0,0
0,0,0
0,0,0
0,0,0
0,0,0
0,0,0
0,0,0
0,0,0
0,0,0
0,0,0
0,0,0
0,0,0
0,0,0
0,0,0
0,0,0
0,0,0
0,0,0
