GestureName: tap_left
Duration(ms): 846
Handedness: right

SpeakerAngles: 6
55
-55
0
0
110
-110

SpeakerElevations: 6
-10
-10
-10
0
30
30

InterpretedPoints: 18
0.813797681349374,-0.296198132726024,0.5
4.06189800950909,-0.619930009440472,1.82635182233307
10.5368274741152,-0.94366188615492,3.15270364466614
13.7707470077994,-2.87938009529497,2.52094453300079
9.72302979276584,-8.21387334489112,1.21553724366851
5.67531257773229,-7.05661455797545,0.0418890660015823
7.28872714595549,-5.40151662578237,2.04188906600158
0,0,0
0,0,0
-1.62050496546097,2.25347214174981,0.152703644666139
-2.4201218523348,7.64901082342749,-1.04188906600158
-5.66822218049452,6.732882681261,1.28446275633149
-10.5580986658285,13.0229937052214,-2.25742630967009
-12.9640397236878,1.1847925309041,-2
-17.0330281304346,-1.42592317565327,0.847296355333861
-4.04771721503354,-1.10219129893882,-0.479055466999209
-0.806707284111599,-0.564862521463623,0.17364817766693
0,0,0

StrokePoints: 19
0,0,0
0.813797681349374,-0.296198132726024,0.5
4.87569569085847,-0.916128142166496,2.32635182233307
15.4125231649737,-1.85979002832142,5.47905546699921
29.1832701727731,-4.73917012361638,8
38.9062999655389,-12.9530434685075,9.21553724366851
44.5816125432712,-20.0096580264829,9.25742630967009
51.8703396892267,-25.4111746522653,11.2993153756717
51.8703396892267,-25.4111746522653,11.2993153756717
51.8703396892267,-25.4111746522653,11.2993153756717
50.2498347237657,-23.1577025105155,11.4520190203378
47.8297128714309,-15.508691687088,10.4101299543362
42.1614906909364,-8.77580900582702,11.6945927106677
31.6033920251079,4.24718469939443,9.43716640099763
18.6393523014201,5.43197723029852,7.43716640099763
1.60632417098543,4.00605405464525,8.28446275633149
-2.44139304404812,2.90386275570643,7.80540728933228
-3.24810032815971,2.33900023424281,7.97905546699921
-3.24810032815971,2.33900023424281,7.97905546699921

Velocities: 18
0,0,0
1,0,0
4,-2,0
3,-6,0
1,-5,-3
0,-3,-3
0,-5,-1
0,0,0
0,0,0
0,1,1
0,3,3
0,4,3
3,6,4
-4,4,0
-5,3,0
-3,0,0
-1,0,0
0,0,0

InverseVelocities: 18
0,0,0
0,0,0
0,0,0
0,0,0
-3,0,0
0,0,0
0,0,0
0,0,0
0,0,0
0,0,0
0,0,0
0,0,0
-2,0,0
0,0,0
0,0,0
0,0,0
0,0,0
0,0,0
