GestureName: tap_right
Duration(ms): 846
Handedness: right

SpeakerAngles: 6
55
-55
0
0
110
-110

SpeakerElevations: 6
-10
-10
-10
0
30
30

InterpretedPoints: 18
-1.62050496546097,0.2686643887376,0.32635182233307
-7.28872714595549,0.027533743988424,-0.826351822333069
-11.3506251554646,-1.0746575549504,-1.30540728933228
-12.9782205181633,-1.6119863324256,-1.95811093399842
-13.7849278022749,-6.14646435991364,-1.43716640099763
-12.9711301209256,-1.8806507211632,-2.28446275633149
-8.10961522454264,-0.482261289498351,-2.30540728933228
-3.23391953368417,-1.39838943166485,0.0209445330007911
-0.813797681349374,0.296198132726024,-0.5
0,0,0
1.62759536269875,-1.1847925309041,2
4.86151489638292,0.805993166212799,0.979055466999209
12.164422836814,0.130995668795479,4.45811093399842
8.13797681349374,-3.55437759271229,6
9.73721058724139,-0.702531241405745,4.30540728933228
4.86860529362069,1.92974026503536,1.47905546699921
3.24810032815972,-0.323731876714448,1.32635182233307
0,0,0

StrokePoints: 19
0,0,0
-1.62050496546097,0.2686643887376,0.32635182233307
-8.90923211141646,0.296198132726024,-0.5
-20.259857266881,-0.778459422224375,-1.80540728933228
-33.2380777850444,-2.39044575464997,-3.7635182233307
-47.0230055873193,-8.53691011456361,-5.20068462432832
-59.9941357082449,-10.4175608357268,-7.48514738065981
-68.1037509327875,-10.8998221252252,-9.79055466999209
-71.3376704664717,-12.29821155689,-9.7696101369913
-72.151468147821,-12.002013424164,-10.2696101369913
-72.151468147821,-12.002013424164,-10.2696101369913
-70.5238727851223,-13.1868059550681,-8.2696101369913
-65.6623578887394,-12.3808127888553,-7.29055466999209
-53.4979350519254,-12.2498171200598,-2.83244373599367
-45.3599582384317,-15.8041947127721,3.16755626400633
-35.6227476511903,-16.5067259541778,7.4729635533386
-30.7541423575696,-14.5769856891425,8.95201902033781
-27.5060420294099,-14.9007175658569,10.2783708426709
-27.5060420294099,-14.9007175658569,10.2783708426709

Velocities: 18
0,1,0
-3,2,0
-5,1,0
-6,0,0
-7,0,-2
-7,0,0
-4,0,0
-3,0,0
0,0,0
0,0,0
0,0,0
3,0,0
6,0,0
0,0,0
4,0,0
2,0,1
1,0,0
0,0,0

InverseVelocities: 18
0,0,0
0,0,0
0,0,0
0,0,0
0,0,0
0,0,0
0,0,0
0,0,0
0,0,0
0,0,0
0,0,0
0,0,0
0,0,0
0,0,0
0,0,0
0,0,0
0,0,0
0,0,0
