GestureName: tap_front
Duration(ms): 940
Handedness: right

SpeakerAngles: 6
55
-55
0
0
110
-110

SpeakerElevations: 6
-10
-10
-10
0
30
30

InterpretedPoints: 20
-0.806707284111599,0.564862521463623,-0.17364817766693
0.806707284111599,1.10219129893882,0.479055466999209
-3.24810032815972,1.8806507211632,2.28446275633149
7.30290794043104,4.43629893974372,1.08987004566377
-2.43430264681035,18.7571470123507,3.83244373599367
4.86860529362069,3.33410764080489,0.610814578664557
-2.4201218523348,7.80156229210671,3.43716640099763
0,5.04427306097481,0.958110933998418
0,0,0
0,0,0
1.6134145682232,-1.12972504292725,0.347296355333861
-0.820888078587149,-2.49460278649898,-1.30540728933228
0.813797681349374,-3.30059595271178,-2.28446275633149
-0.00709039723777538,-11.4869355536145,-1.89527733499604
-0.806707284111599,-14.1527187481487,2.60472266500395
-3.23391953368417,-4.78756456044659,1.06283359900237
5.67531257773229,0.0826012319652722,-2.47905546699921
-1.62050496546097,-2.52811447459209,0.368240888334652
-0.813797681349374,0.296198132726024,-0.5
0,0,0

StrokePoints: 21
0,0,0
-0.806707284111599,0.564862521463623,-0.17364817766693
-1.11022302462516E-16,1.66705382040245,0.305407289332279
-3.24810032815972,3.54770454156564,2.58987004566377
4.05480761227132,7.98400348130936,3.67974009132753
1.62050496546097,26.74115049366,7.5121838273212
6.48911025908166,30.0752581344649,8.12299840598576
4.06898840674687,37.8768204265716,11.5601648069834
4.06898840674687,42.9210934875465,12.5182757409818
4.06898840674687,42.9210934875465,12.5182757409818
4.06898840674687,42.9210934875465,12.5182757409818
5.68240297497006,41.7913684446192,12.8655720963157
4.86151489638292,39.2967656581202,11.5601648069834
5.67531257773229,35.9961697054084,9.2757020506519
5.66822218049451,24.509234151794,7.38042471565585
4.86151489638292,10.3565154036453,9.98514738065981
1.62759536269875,5.56895084319868,11.0479809796622
7.30290794043104,5.65155207516395,8.56892551266297
5.68240297497006,3.12343760057186,8.93716640099762
4.86860529362069,3.41963573329788,8.43716640099762
4.86860529362069,3.41963573329788,8.43716640099762

Velocities: 20
0,1,0
2,1,0
3,4,0
7,4,0
8,9,7
5,3,0
1,4,4
2,2,2
0,0,0
0,0,0
0,-2,0
-1,-2,-1
-3,-3,-1
-5,-6,-4
-6,-5,-4
-6,-3,0
0,-3,0
-3,-2,0
0,0,0
0,0,0

InverseVelocities: 20
0,0,0
0,0,0
0,0,0
0,0,0
0,0,0
0,0,0
0,0,0
0,0,0
0,0,0
0,0,0
0,0,0
0,0,0
0,0,0
0,0,0
0,0,0
0,0,0
0,0,0
0,0,0
0,0,0
0,0,0
