GestureName: tap_down
Duration(ms): 940
Handedness: right

SpeakerAngles: 6
55
-55
0
0
110
-110

SpeakerElevations: 6
-10
-10
-10
0
30
30

InterpretedPoints: 20
0.00709039723777505,2.25347214174981,0.152703644666139
2.44139304404812,2.50058073060367,0.458110933998418
2.44139304404812,4.16763455100612,0.763518223330697
-3.24810032815972,1.2331869677343,4.93716640099763
-1.62050496546097,15.664170016295,4.37433280199525
-0.820888078587148,10.9160950880462,2.91622186799684
-1.62050496546097,7.24267771474777,2.7635182233307
0.806707284111599,1.36487774357174,1.65270364466614
0,0,0
0,0,0
-1.62050496546097,-0.2686643887376,-0.32635182233307
-1.6134145682232,-1.12972504292725,0.347296355333861
0.799616886873824,-2.76326717523658,-1.63175911166535
0.806707284111599,-6.94647958202175,-3.2635182233307
-1.62050496546097,-8.63508920230793,-3.58987004566377
-0.00709039723777494,-9.76481424523518,-3.2425736903299
-2.43430264681035,-7.5388758474738,-2.2635182233307
-0.806707284111599,-6.73886062536569,-0.437166400997627
-0.799616886873824,-0.833526910201223,-0.152703644666139
0,0,0

StrokePoints: 21
0,0,0
0.00709039723777505,2.25347214174981,0.152703644666139
2.4484834412859,4.75405287235348,0.610814578664557
4.88987648533402,8.92168742335959,1.37433280199525
1.6417761571743,10.1548743910939,6.31149920299288
0.0212711917133248,25.8190444073889,10.6858320049881
-0.799616886873824,36.735139495435,13.602053872985
-2.4201218523348,43.9778172101828,16.3655720963157
-1.6134145682232,45.3426949537545,18.0182757409818
-1.6134145682232,45.3426949537545,18.0182757409818
-1.6134145682232,45.3426949537545,18.0182757409818
-3.23391953368417,45.0740305650169,17.6919239186487
-4.84733410190737,43.9443055220897,18.0392202739826
-4.04771721503354,41.1810383468531,16.4074611623172
-3.24100993092195,34.2345587648313,13.1439429389865
-4.86151489638292,25.5994695625234,9.55407289332278
-4.86860529362069,15.8346553172882,6.31149920299288
-7.30290794043104,8.29577946981443,4.04798097966218
-8.10961522454264,1.55691884444875,3.61081457866455
-8.90923211141646,0.723391934247526,3.45811093399842
-8.90923211141646,0.723391934247526,3.45811093399842

Velocities: 20
0,1,1
3,3,0
5,5,0
4,5,0
5,6,7
4,3,5
3,4,3
1,0,1
0,0,0
0,0,0
-1,0,0
-2,0,0
-1,-3,-1
-3,-4,-3
-4,-3,-4
-4,-5,-4
-4,-3,-3
-4,-3,-2
-2,0,0
0,0,0

InverseVelocities: 20
0,0,0
0,0,0
0,0,0
0,0,0
0,0,0
0,0,0
0,0,0
0,0,0
0,0,0
0,0,0
0,0,0
0,0,0
0,0,0
0,0,0
0,0,0
0,0,0
0,0,0
0,0,0
0,0,0
0,0,0
