GestureName: tap_front
Duration(ms): 1034
Handedness: right

SpeakerAngles: 6
55
-55
0
0
110
-110

SpeakerElevations: 6
-10
-10
-10
0
30
30

InterpretedPoints: 22
-0.806707284111599,0.564862521463623,-0.17364817766693
1.62759536269875,-0.592396265452048,1
2.44139304404812,-0.888594398178072,1.5
4.85442449914514,4.46383268373214,0.263518223330696
3.24100993092194,6.18595399211143,-1.08377813200316
-2.43430264681035,20.2046259878877,3.0060919136606
-1.62050496546097,16.256566281747,3.37433280199525
-1.6134145682232,10.6258748994248,2.56892551266297
-0.799616886873824,4.21074615077359,0.805407289332279
0,0,0
0,0,0
-0.806707284111599,-0.564862521463623,0.17364817766693
0.806707284111599,-5.60913558243844,-0.784462756331487
-0.813797681349374,-7.2702114587362,-1.93716640099763
-0.813797681349374,-9.79234798922361,-2.41622186799684
-3.23391953368417,-11.7496219982474,-3.06892551266297
-2.42721224957257,-4.22270203898297,0.889185421335443
0.0212711917133257,-1.8806507211632,-2.28446275633149
-0.813797681349374,-3.09297699605572,0.541889066001582
-3.24100993092194,-1.66705382040245,-0.305407289332279
0.806707284111599,-0.564862521463623,0.17364817766693
0,0,0

StrokePoints: 23
0,0,0
-0.806707284111599,0.564862521463623,-0.17364817766693
0.820888078587149,-0.0275337439884242,0.82635182233307
3.26228112263527,-0.916128142166496,2.32635182233307
8.11670562178041,3.54770454156564,2.58987004566377
11.3577155527024,9.73365853367708,1.5060919136606
8.92341290589201,29.9382845215648,4.5121838273212
7.30290794043104,46.1948508033118,7.88651662931646
5.68949337220784,56.8207257027366,10.4554421419794
4.88987648533401,61.0314718535102,11.2608494313117
4.88987648533401,61.0314718535102,11.2608494313117
4.88987648533401,61.0314718535102,11.2608494313117
4.08316920122242,60.4666093320466,11.4344976089786
4.88987648533401,54.8574737496081,10.6500348526472
4.07607880398464,47.5872622908719,8.71286845164953
3.26228112263527,37.7949143016483,6.29664658365269
0.0283615889510975,26.0452923034009,3.22772107098972
-2.39885066062147,21.822590264418,4.11690649232516
-2.37757946890815,19.9419395432548,1.83244373599367
-3.19137715025752,16.848962547199,2.37433280199525
-6.43238708117947,15.1819087267966,2.06892551266298
-5.62567979706787,14.617046205333,2.24257369032991
-5.62567979706787,14.617046205333,2.24257369032991

Velocities: 22
0,1,0
0,0,0
0,0,0
7,3,0
7,5,0
7,8,8
5,6,7
4,6,4
0,2,2
0,0,0
0,0,0
-1,0,0
-2,-3,-2
-3,-3,-3
-4,-4,-4
-6,-3,-5
-5,-3,0
-5,-2,0
-3,-3,0
-3,-1,0
0,-1,0
0,0,0

InverseVelocities: 22
0,0,0
0,0,0
0,0,0
0,0,0
0,0,0
0,0,0
0,0,0
0,0,0
0,0,0
0,0,0
0,0,0
0,0,0
0,0,0
0,0,0
0,0,0
0,0,0
0,0,0
0,0,0
0,0,0
0,0,0
0,0,0
0,0,0
