GestureName: tap_right
Duration(ms): 1175
Handedness: right

SpeakerAngles: 6
55
-55
0
0
110
-110

SpeakerElevations: 6
-10
-10
-10
0
30
30

InterpretedPoints: 25
0.806707284111599,-0.564862521463623,0.17364817766693
1.62050496546097,-0.861060654189647,0.67364817766693
1.62050496546097,-0.2686643887376,-0.32635182233307
1.6134145682232,-3.11453279593945,0.520944533000791
0.806707284111599,-0.564862521463623,0.17364817766693
0.806707284111599,-0.564862521463623,0.17364817766693
-0.806707284111599,2.54967027447583,-0.347296355333861
-9.71593939552806,2.47304698661525,1.28446275633149
-11.3648059499401,9.5631732326838,-0.431074487337025
-14.6270870725754,4.78756456044659,-1.06283359900237
-22.6799791192158,-2.47304698661524,-1.28446275633149
-18.6322619041823,-3.57523828555407,-1.7635182233307
-9.72302979276584,-11.5360250974866,-1.08987004566377
-5.67531257773229,-0.509795033486775,-1.47905546699921
-4.86151489638292,-0.805993166212799,-0.979055466999209
-0.813797681349374,0.296198132726024,-0.5
0,0,0
0,0,0
4.06898840674687,-1.48099066363012,2.5
8.92341290589201,0.723391934247526,3.45811093399842
13.7920181995127,-0.461400596656569,5.45811093399842
21.1232877288948,1.93571820914005,0.631759111665349
9.72302979276584,1.6119863324256,1.95811093399842
1.62050496546097,0.2686643887376,0.32635182233307
0,0,0

StrokePoints: 26
0,0,0
0.806707284111599,-0.564862521463623,0.17364817766693
2.42721224957257,-1.42592317565327,0.847296355333861
4.04771721503354,-1.69458756439087,0.520944533000791
5.66113178325674,-4.80912036033033,1.04188906600158
6.46783906736834,-5.37398288179395,1.21553724366851
7.27454635147994,-5.93884540325757,1.38918542133544
6.46783906736834,-3.38917512878174,1.04188906600158
-3.24810032815972,-0.916128142166495,2.32635182233307
-14.6129062780999,8.64704509051731,1.89527733499604
-29.2399933506753,13.4346096509639,0.832443735993671
-51.9199724698911,10.9615626643486,-0.452019020337816
-70.5522343740734,7.38632437879458,-2.21553724366851
-80.2752641668392,-4.14970071869206,-3.30540728933228
-85.9505767445715,-4.65949575217883,-4.78446275633149
-90.8120916409544,-5.46548891839163,-5.76351822333069
-91.6258893223038,-5.16929078566561,-6.26351822333069
-91.6258893223038,-5.16929078566561,-6.26351822333069
-91.6258893223038,-5.16929078566561,-6.26351822333069
-87.5569009155569,-6.65028144929573,-3.7635182233307
-78.6334880096649,-5.9268895150482,-0.305407289332277
-64.8414698101522,-6.38829011170477,5.15270364466614
-43.7181820812574,-4.45257190256473,5.78446275633149
-33.9951522884916,-2.84058557013913,7.74257369032991
-32.3746473230306,-2.57192118140153,8.06892551266298
-32.3746473230306,-2.57192118140153,8.06892551266298

Velocities: 25
0,-1,0
0,-1,0
0,-1,0
0,-2,-1
0,-1,0
0,-1,0
0,1,1
0,7,0
4,8,2
3,6,0
-11,4,0
-11,1,0
-6,0,-5
-3,0,0
-3,0,0
0,0,0
0,0,0
0,0,0
0,0,0
5,1,0
6,0,0
5,0,0
6,0,0
1,0,0
0,0,0

InverseVelocities: 25
0,0,0
0,0,0
0,0,0
0,0,0
0,0,0
0,0,0
0,0,0
0,0,0
-1,0,0
-8,-7,0
0,0,0
0,0,0
0,0,0
0,0,0
0,0,0
0,0,0
0,0,0
0,0,0
0,0,0
0,0,0
0,0,0
0,0,0
0,0,0
0,0,0
0,0,0
