GestureName: tap_left
Duration(ms): 1316
Handedness: right

SpeakerAngles: 6
55
-55
0
0
110
-110

SpeakerElevations: 6
-10
-10
-10
0
30
30

InterpretedPoints: 28
-2.44139304404812,-1.48099066363012,2.5
0.813797681349374,-0.296198132726024,0.5
2.44139304404812,-0.888594398178072,1.5
0.806707284111599,0.564862521463623,-0.17364817766693
2.44139304404812,-0.888594398178072,1.5
5.67531257773229,0.509795033486775,1.47905546699921
8.90923211141646,1.90818446515162,1.45811093399842
14.5916350863865,-0.110134975953697,3.30540728933228
21.8732718351042,-4.32088112672729,2.5
20.2811284585944,-9.6338185764397,1.21553724366851
11.3435347582268,-10.4122779986641,-0.589870045663766
4.04771721503354,-1.69458756439087,0.520944533000791
0.806707284111599,-0.564862521463623,0.17364817766693
0,0,0
0,0,0
0,0,0
-2.42721224957257,0.833526910201223,0.152703644666139
-8.10252482730486,1.343321943688,1.63175911166535
-13.7849278022749,7.59394333545065,0.610814578664557
-17.0188473359591,4.85820990420249,-1.84729635533386
-17.8326450173085,0.0550674879768478,-1.65270364466614
-17.0117569387213,-0.509795033486775,-1.47905546699921
-8.90214171417869,-1.63952007641402,-1.13175911166535
-5.67531257773229,-2.49460278649898,-1.30540728933228
-0.813797681349374,0.296198132726024,-0.5
0,0,0
8.06707284111599,5.64862521463624,-1.7364817766693
0,0,0

StrokePoints: 29
0,0,0
-2.44139304404812,-1.48099066363012,2.5
-1.62759536269875,-1.77718879635614,3
0.813797681349374,-2.66578319453421,4.5
1.62050496546097,-2.10092067307059,4.32635182233307
4.06189800950909,-2.98951507124866,5.82635182233307
9.73721058724139,-2.47972003776189,7.30540728933228
18.6464426986578,-0.571535572610265,8.7635182233307
33.2380777850444,-0.681670548563961,12.068925512663
55.1113496201486,-5.00255167529125,14.568925512663
75.392478078743,-14.636370251731,15.7844627563315
86.7360128369698,-25.048648250395,15.1945927106677
90.7837300520033,-26.7432358147859,15.7155372436685
91.5904373361149,-27.3080983362495,15.8891854213354
91.5904373361149,-27.3080983362495,15.8891854213354
91.5904373361149,-27.3080983362495,15.8891854213354
91.5904373361149,-27.3080983362495,15.8891854213354
89.1632250865424,-26.4745714260483,16.0418890660016
81.0607002592375,-25.1312494823603,17.6736481776669
67.2757724569626,-17.5373061469097,18.2844627563315
50.2569251210035,-12.6790962427072,16.4371664009976
32.424280103695,-12.6240287547303,14.7844627563315
15.4125231649737,-13.1338237882171,13.3054072893323
6.51038145079498,-14.7733438646311,12.1736481776669
0.835068873062686,-17.2679466511301,10.8682408883346
0.021271191713312,-16.9717485184041,10.3682408883346
0.021271191713312,-16.9717485184041,10.3682408883346
8.0883440328293,-11.3231233037679,8.63175911166535
8.0883440328293,-11.3231233037679,8.63175911166535

Velocities: 28
0,0,0
0,0,0
0,0,0
1,0,0
0,0,0
3,0,0
6,0,0
6,-2,0
8,-6,-2
3,-6,-4
0,-7,-4
0,-3,0
0,-1,0
0,0,0
0,0,0
0,0,0
0,2,0
0,5,0
-1,6,3
-5,5,2
-6,4,0
-7,4,0
-6,1,0
-3,0,-1
0,0,0
0,0,0
10,0,0
0,0,0

InverseVelocities: 28
0,0,0
0,0,0
0,0,0
0,0,0
0,0,0
0,0,0
0,0,0
0,0,0
0,0,0
-6,0,0
0,0,0
0,0,0
0,0,0
0,0,0
0,0,0
0,0,0
0,0,0
0,0,0
0,0,0
0,0,0
0,0,0
0,0,0
0,0,0
0,0,0
0,0,0
0,0,0
0,0,0
0,0,0
