GestureName: tap_front
Duration(ms): 940
Handedness: right

SpeakerAngles: 6
55
-55
0
0
110
-110

SpeakerElevations: 6
-10
-10
-10
0
30
30

InterpretedPoints: 20
0.813797681349374,0.833526910201223,0.152703644666139
0.813797681349374,1.96325195312847,-0.194592710667721
-2.44139304404812,1.31578819969957,2.45811093399842
-0.820888078587149,3.84390267429167,2.08987004566377
2.43430264681035,22.903920870515,-3.16755626400633
6.49620065631944,22.0093485282323,-0.820259908672468
-3.2268291364464,20.494846176509,3.35338826899446
-2.42721224957257,10.6474306993086,2.58987004566377
-0.806707284111599,1.95727400902378,0.652703644666139
0,0,0
0.813797681349374,-0.833526910201223,-0.152703644666139
-0.806707284111599,-5.60913558243844,-0.784462756331487
-0.00709039723777538,-10.3572105106872,-2.24257369032991
0.813797681349373,-15.4290173156505,-2.37433280199525
0.0141807944755499,-17.1176269359366,-2.70068462432832
-4.05480761227132,-5.18722461797967,-3.72162915732911
-4.04062681779577,-4.76003081645816,0.236481776669304
-3.2551907253975,-4.46383268373214,-0.263518223330697
-0.820888078587149,-1.95727400902378,-0.652703644666139
0,0,0

StrokePoints: 21
0,0,0
0.813797681349374,0.833526910201223,0.152703644666139
1.62759536269875,2.79677886332969,-0.0418890660015821
-0.813797681349374,4.11256706302927,2.41622186799684
-1.63468575993652,7.95646973732094,4.5060919136606
0.799616886873823,30.8603906078359,1.33853564965427
7.29581754319326,52.8697391360682,0.518275740981805
4.06898840674687,73.3645853125772,3.87166400997627
1.6417761571743,84.0120160118858,6.46153405564003
0.835068873062699,85.9692900209096,7.11423770030617
0.835068873062699,85.9692900209096,7.11423770030617
1.64886655441207,85.1357631107083,6.96153405564003
0.842159270300474,79.5266275282699,6.17707129930855
0.835068873062699,69.1694170175827,3.93449760897864
1.64886655441207,53.7403997019322,1.56016480698339
1.66304734888762,36.6227727659955,-1.14051981734494
-2.3917602633837,31.4355481480159,-4.86214897467405
-6.43238708117947,26.6755173315577,-4.62566719800475
-9.68757780657696,22.2116846478256,-4.88918542133544
-10.5084658851641,20.2544106388018,-5.54188906600158
-10.5084658851641,20.2544106388018,-5.54188906600158

Velocities: 20
1,1,0
2,2,0
3,3,0
6,5,0
9,8,7
8,6,8
4,8,9
2,4,5
0,1,1
0,0,0
-1,-1,0
-3,-2,-2
-4,-5,-4
-6,-6,-6
-7,-5,-7
-9,-7,0
-7,-3,0
-5,-5,0
0,-1,-1
0,0,0

InverseVelocities: 20
0,0,0
0,0,0
0,0,0
0,0,0
0,0,0
0,0,0
0,0,0
0,0,0
0,0,0
0,0,0
0,0,0
0,0,0
0,0,0
0,0,0
0,0,0
0,0,0
0,0,0
0,0,0
0,0,0
0,0,0
