GestureName: tap_front
Duration(ms): 1034
Handedness: right

SpeakerAngles: 6
55
-55
0
0
110
-110

SpeakerElevations: 6
-10
-10
-10
0
30
30

InterpretedPoints: 22
0,1.98480775301221,-0.17364817766693
0.813797681349374,-0.296198132726024,0.5
-0.785436092398274,1.37085568767642,0.805407289332278
-1.59923377374765,1.0746575549504,1.30540728933228
0.813797681349374,-0.888594398178072,1.5
0.806707284111599,2.06671387793553,5.08987004566377
-2.44139304404812,18.8062365562228,3.02703644666139
-0.813797681349373,10.0550344338565,3.58987004566377
-1.62050496546097,6.16802015979737,1.45811093399842
-1.6134145682232,2.52213653048741,0.479055466999209
0,0,0
0,0,0
0,-3.65186157341465,-0.131759111665348
1.62050496546097,-9.81988173321203,-1.58987004566377
-5.65404138601897,-15.7036596484928,-1.85338826899446
-1.62759536269875,-17.1176269359367,-2.70068462432832
-1.62050496546097,-15.9938798371141,-2.20068462432832
-4.86151489638292,-4.19516829499454,0.0628335990023732
-4.05480761227132,-3.63030577353092,-0.110814578664557
-0.0141807944755501,-0.537328777475199,-0.652703644666139
0.806707284111599,-0.564862521463623,0.17364817766693
0,0,0

StrokePoints: 23
0,0,0
0,1.98480775301221,-0.17364817766693
0.813797681349374,1.68860962028618,0.32635182233307
0.0283615889511001,3.05946530796261,1.13175911166535
-1.57087218479655,4.134122862913,2.43716640099763
-0.757074503447174,3.24552846473493,3.93716640099763
0.0496327806644249,5.31224234267046,9.02703644666139
-2.3917602633837,24.1184788988933,12.0540728933228
-3.20555794473307,34.1735133327498,15.6439429389865
-4.82606291019404,40.3415334925472,17.102053872985
-6.43947747841724,42.8636700230346,17.5811093399842
-6.43947747841724,42.8636700230346,17.5811093399842
-6.43947747841724,42.8636700230346,17.5811093399842
-6.43947747841724,39.2118084496199,17.4493502283188
-4.81897251295627,29.3919267164079,15.8594801826551
-10.4730138989752,13.6882670679152,14.0060919136606
-12.100609261674,-3.4293598680215,11.3054072893323
-13.721114227135,-19.4232397051356,9.10472266500395
-18.5826291235179,-23.6184080001301,9.16755626400633
-22.6374367357892,-27.248713773661,9.05674168534177
-22.6516175302647,-27.7860425511362,8.40403804067563
-21.8449102461531,-28.3509050725999,8.57768621834256
-21.8449102461531,-28.3509050725999,8.57768621834256

Velocities: 22
0,0,1
0,0,0
0,4,0
0,4,0
0,0,0
6,5,0
6,6,8
3,3,5
1,2,3
0,2,1
0,0,0
0,0,0
-2,-2,-1
-3,-4,-4
-11,-5,-5
-6,-6,-7
-7,-6,-6
-6,-3,0
-5,-3,0
0,-2,0
0,-1,0
0,0,0

InverseVelocities: 22
0,0,0
0,0,0
0,0,0
0,0,0
0,0,0
0,0,0
0,0,0
0,0,0
0,0,0
0,0,0
0,0,0
0,0,0
0,0,0
0,0,0
0,0,0
0,0,0
0,0,0
0,0,0
0,0,0
0,0,0
0,0,0
0,0,0
