GestureName: tap_back
Duration(ms): 1081
Handedness: right

SpeakerAngles: 6
55
-55
0
0
110
-110

SpeakerElevations: 6
-10
-10
-10
0
30
30

InterpretedPoints: 23
0.806707284111599,-0.564862521463623,0.17364817766693
-0.813797681349374,-3.35566344068863,-0.631759111665348
0.00709039723777494,-5.31293744971241,-1.28446275633149
2.4484834412859,-6.4642182925234,-0.958110933998418
0.827978475824924,-1.37085568767642,-0.805407289332278
4.05480761227132,0.94366188615492,-3.15270364466614
0.827978475824924,-1.31578819969957,-2.45811093399842
2.42721224957257,0.351265620702872,-2.15270364466614
-0.813797681349374,0.888594398178072,-1.5
0,0,0
0,0,0
0,0,0
1.62759536269875,-0.592396265452048,1
-2.43430264681035,2.17684885388922,1.78446275633149
-2.4201218523348,-0.0826012319652725,2.47905546699921
-3.21973873920862,1.343321943688,1.63175911166535
4.84733410190737,1.93571820914005,0.631759111665348
2.42721224957257,17.4138250686627,2.20068462432832
2.43430264681035,12.9009028410584,2.7425736903299
-1.63468575993652,7.29774520272462,1.11081457866456
-0.813797681349374,4.21074615077359,0.805407289332279
0.806707284111599,2.54967027447583,-0.347296355333861
0,0,0

StrokePoints: 24
0,0,0
0.806707284111599,-0.564862521463623,0.17364817766693
-0.00709039723777505,-3.92052596215225,-0.458110933998418
-1.11022302462516E-16,-9.23346341186467,-1.74257369032991
2.4484834412859,-15.6976817043881,-2.70068462432832
3.27646191711082,-17.0685373920645,-3.5060919136606
7.33126952938214,-16.1248755059096,-6.65879555832674
8.15924800520706,-17.4406637056091,-9.11690649232516
10.5864602547796,-17.0893980849063,-11.2696101369913
9.77266257343026,-16.2008036867282,-12.7696101369913
9.77266257343026,-16.2008036867282,-12.7696101369913
9.77266257343026,-16.2008036867282,-12.7696101369913
9.77266257343026,-16.2008036867282,-12.7696101369913
11.400257936129,-16.7931999521802,-11.7696101369913
8.96595528931866,-14.616351098291,-9.98514738065981
6.54583343698387,-14.6989523302563,-7.5060919136606
3.32609469777525,-13.3556303865683,-5.87433280199525
8.17342879968261,-11.4199121774283,-5.24257369032991
10.6006410492552,5.99391289123442,-3.04188906600158
13.0349436960655,18.8948157322928,-0.299315375671678
11.400257936129,26.1925609350174,0.811499202992879
10.5864602547796,30.403307085791,1.61690649232516
11.3931675388912,32.9529773602668,1.2696101369913
11.3931675388912,32.9529773602668,1.2696101369913

Velocities: 23
0,-1,0
-2,-2,-1
-3,-2,-2
-2,-1,-3
-3,-1,0
0,-2,0
-4,-2,0
0,-2,0
0,0,0
0,0,0
0,0,0
0,0,0
0,0,0
3,4,0
0,3,0
0,5,0
5,0,0
7,5,7
4,3,6
3,2,3
1,1,2
1,0,1
0,0,0

InverseVelocities: 23
0,0,0
0,0,0
0,0,0
0,0,0
0,0,0
0,0,0
0,0,0
0,0,0
0,0,0
0,0,0
0,0,0
0,0,0
0,0,0
0,0,0
0,0,0
0,0,0
0,0,0
0,0,0
0,0,0
0,0,0
0,0,0
0,0,0
0,0,0
