GestureName: tap_back
Duration(ms): 1081
Handedness: right

SpeakerAngles: 6
55
-55
0
0
110
-110

SpeakerElevations: 6
-10
-10
-10
0
30
30

InterpretedPoints: 23
-0.820888078587149,-2.49460278649898,-1.30540728933228
1.62050496546097,-9.61226277655596,1.2364817766693
1.6417761571743,-3.27904015282804,-2.2635182233307
-0.820888078587149,-5.56602398267096,-0.742573690329905
4.02644602332022,-1.90818446515162,-1.45811093399842
2.43430264681035,1.21232627489252,-2.82635182233307
1.6134145682232,-3.38917512878174,1.04188906600158
0,0,0
0,0,0
0,0,0
0.813797681349374,-0.296198132726024,0.5
1.6134145682232,-0.0550674879768485,1.65270364466614
0,4.76963072813253,1.47905546699921
0.799616886873823,6.14048641580895,2.28446275633149
0.0141807944755501,0.537328777475199,0.652703644666139
2.44139304404812,3.63030577353092,0.110814578664557
-3.2551907253975,10.6809423874017,0.916221867996835
2.42721224957257,8.66262294629636,2.7635182233307
3.21973873920862,12.0793318190665,0.895277334996045
-1.62759536269875,5.04427306097482,0.958110933998418
-0.813797681349374,3.67341737329839,0.152703644666139
-0.806707284111599,0.564862521463623,-0.17364817766693
0,0,0

StrokePoints: 24
0,0,0
-0.820888078587149,-2.49460278649898,-1.30540728933228
0.799616886873824,-12.1068655630549,-0.0689255126629749
2.44139304404812,-15.385905715883,-2.33244373599367
1.62050496546097,-20.951929698554,-3.07501742632358
5.64695098878119,-22.8601141637056,-4.53312836032199
8.08125363559154,-21.6477878888131,-7.35948018265506
9.69466820381473,-25.0369630175948,-6.31759111665348
9.69466820381473,-25.0369630175948,-6.31759111665348
9.69466820381473,-25.0369630175948,-6.31759111665348
9.69466820381473,-25.0369630175948,-6.31759111665348
10.5084658851641,-25.3331611503208,-5.81759111665348
12.1218804533873,-25.3882286382977,-4.16488747198734
12.1218804533873,-20.6185979101651,-2.68583200498813
12.9214973402611,-14.4781114943562,-0.401369248656647
12.9356781347367,-13.940782716881,0.251334396009492
15.3770711787848,-10.3104769433501,0.36214897467405
12.1218804533873,0.370465444051598,1.27837084267089
14.5490927029599,9.03308839034796,4.04188906600158
17.7688314421685,21.1124202094145,4.93716640099763
16.1412360794697,26.1566932703893,5.89527733499604
15.3274383981204,29.8301106436877,6.04798097966218
14.5207311140088,30.3949731651513,5.87433280199525
14.5207311140088,30.3949731651513,5.87433280199525

Velocities: 23
-1,-2,-1
-3,-4,-3
-6,-4,0
-6,-7,0
0,-6,0
0,-1,0
-2,-4,0
0,0,0
0,0,0
0,0,0
0,0,0
2,0,0
0,0,3
3,1,3
0,2,0
4,4,0
4,4,4
4,2,4
8,3,4
2,2,2
0,0,2
0,1,0
0,0,0

InverseVelocities: 23
0,0,0
0,0,0
0,0,0
0,0,0
0,0,0
0,0,0
0,0,0
0,0,0
0,0,0
0,0,0
0,0,0
0,0,0
0,0,0
0,0,0
0,0,0
0,0,0
0,0,0
0,0,0
0,0,0
0,0,0
0,0,0
0,0,0
0,0,0
