GestureName: tap_back
Duration(ms): 1175
Handedness: right

SpeakerAngles: 6
55
-55
0
0
110
-110

SpeakerElevations: 6
-10
-10
-10
0
30
30

InterpretedPoints: 25
-0.00709039723777505,-2.25347214174981,-0.152703644666139
0.00709039723777516,-5.90533371516446,-0.284462756331488
-0.806707284111599,-6.14646435991364,-1.43716640099763
-2.4201218523348,-10.0610123779612,-2.7425736903299
-3.23391953368417,-5.91728960337384,1.41012995433623
-3.24810032815972,-6.45461838084903,0.757426309670095
0.792526489636048,-1.10219129893882,-0.479055466999209
2.44139304404812,0.888594398178072,-1.5
-0.00709039723777527,-4.5129222276043,0.541889066001582
0,0,0
0,0,0
0,0,0
0,-0.0550674879768485,1.65270364466614
0.806707284111599,-1.21232627489252,2.82635182233307
0.806707284111599,1.04712381096197,2.13175911166535
0.820888078587149,-0.619930009440472,1.82635182233307
-5.67531257773229,-0.67499749741732,3.47905546699921
-3.2551907253975,0.482261289498351,2.30540728933228
-0.827978475824924,-0.351265620702872,2.15270364466614
1.6134145682232,5.30695950560773,2.13175911166535
-1.62050496546097,7.29774520272462,1.11081457866456
-0.813797681349374,6.732882681261,1.28446275633149
-1.62050496546097,3.64588362930997,0.979055466999209
-0.00709039723777505,0.2686643887376,0.32635182233307
0,0,0

StrokePoints: 26
0,0,0
-0.00709039723777505,-2.25347214174981,-0.152703644666139
1.11022302462516E-16,-8.15880585691427,-0.437166400997627
-0.806707284111599,-14.3052702168279,-1.87433280199525
-3.22682913644639,-24.3662825947891,-4.61690649232516
-6.46074867013056,-30.2835721981629,-3.20677653798893
-9.70884899829028,-36.738190579012,-2.44935022831883
-8.91632250865424,-37.8403818779508,-2.92840569531804
-6.47492946460611,-36.9517874797727,-4.42840569531804
-6.48201986184389,-41.464709707377,-3.88651662931646
-6.48201986184389,-41.464709707377,-3.88651662931646
-6.48201986184389,-41.464709707377,-3.88651662931646
-6.48201986184389,-41.464709707377,-3.88651662931646
-6.48201986184389,-41.5197771953539,-2.23381298465032
-5.67531257773229,-42.7321034702464,0.592538837682751
-4.86860529362069,-41.6849796592844,2.7242979493481
-4.04771721503354,-42.3049096687249,4.55064977168117
-9.72302979276584,-42.9799071661422,8.02970523868038
-12.9782205181633,-42.4976458766439,10.3351125280127
-13.8061989939883,-42.8489114973467,12.4878161726788
-12.1927844257651,-37.541951991739,14.6195752843441
-13.813289391226,-30.2442067890144,15.7303898630087
-14.6270870725754,-23.5113241077534,17.0148526193402
-16.2475920380364,-19.8654404784434,17.9939080863394
-16.2546824352742,-19.5967760897058,18.3202599086725
-16.2546824352742,-19.5967760897058,18.3202599086725

Velocities: 25
0,-1,-1
-3,-2,-2
-4,-3,-2
-6,-3,-4
-7,-4,0
-7,-6,0
0,-3,0
0,0,0
-2,-3,-1
0,0,0
0,0,0
0,0,0
1,1,0
1,0,0
3,2,0
0,1,0
0,3,0
2,2,0
2,0,0
2,0,3
2,3,3
2,2,3
0,1,2
1,0,0
0,0,0

InverseVelocities: 25
0,0,0
0,0,0
0,0,0
0,0,0
0,0,0
0,0,0
0,0,0
0,0,0
0,0,0
0,0,0
0,0,0
0,0,0
0,0,0
0,0,0
0,0,0
0,0,0
0,0,0
0,0,0
0,0,0
0,0,0
0,0,0
0,0,0
0,0,0
0,0,0
0,0,0
