GestureName: tap_right
Duration(ms): 752
Handedness: right

SpeakerAngles: 6
55
-55
0
0
110
-110

SpeakerElevations: 6
-10
-10
-10
0
30
30

InterpretedPoints: 16
-2.43430264681035,-0.0275337439884242,0.82635182233307
-10.543917871353,-1.69458756439087,0.520944533000791
-10.5510082685908,0.406333108679721,-3.80540728933228
-9.76557217619249,3.55437759271229,-6
-9.72302979276584,-1.6119863324256,-1.95811093399842
-8.10961522454264,-1.6119863324256,-1.95811093399842
-4.85442449914514,-5.04427306097482,-0.958110933998418
-0.813797681349374,0.296198132726024,-0.5
0,0,0
1.62759536269875,-0.592396265452048,1
6.48911025908166,0.213596900760752,1.97905546699921
11.3506251554646,0.427193801521503,3.95811093399842
11.4144387306046,0.213596900760751,1.97905546699921
8.95177449484311,-0.888594398178072,1.5
4.04771721503354,1.69458756439087,-0.520944533000791
0,0,0

StrokePoints: 17
0,0,0
-2.43430264681035,-0.0275337439884242,0.82635182233307
-12.9782205181633,-1.72212130837929,1.34729635533386
-23.5292287867541,-1.31578819969957,-2.45811093399842
-33.2948009629466,2.23858939301271,-8.45811093399842
-43.0178307557124,0.626603060587114,-10.4162218679968
-51.127445980255,-0.985383271838483,-12.3743328019953
-55.9818704794002,-6.0296563328133,-13.3324437359937
-56.7956681607496,-5.73345820008727,-13.8324437359937
-56.7956681607496,-5.73345820008727,-13.8324437359937
-55.1680727980508,-6.32585446553932,-12.8324437359937
-48.6789625389691,-6.11225756477857,-10.8533882689945
-37.3283373835046,-5.68506376325707,-6.89527733499604
-25.9138986529,-5.47146686249632,-4.91622186799684
-16.9621241580569,-6.36006126067439,-3.41622186799684
-12.9144069430233,-4.66547369628352,-3.93716640099763
-12.9144069430233,-4.66547369628352,-3.93716640099763

Velocities: 16
0,1,0
-4,1,0
-4,0,0
0,0,0
-6,0,0
-5,-1,0
-4,0,-2
0,0,0
0,0,0
0,0,0
3,0,0
6,0,0
0,3,0
0,0,0
3,0,0
0,0,0

InverseVelocities: 16
0,0,0
0,0,0
0,0,0
0,0,0
0,0,0
0,0,0
0,0,0
0,0,0
0,0,0
0,0,0
0,0,0
0,0,0
0,0,0
0,0,0
0,0,0
0,0,0
