GestureName: tap_up
Duration(ms): 1128
Handedness: right

SpeakerAngles: 6
55
-55
0
0
110
-110

SpeakerElevations: 6
-10
-10
-10
0
30
30

InterpretedPoints: 24
-1.62759536269875,-1.1847925309041,2
-6.51038145079499,-1.77718879635614,3
0,0,0
-0.806707284111599,-6.21348773609986,1.91012995433623
0.813797681349374,-7.61187716776471,1.93107448733702
-2.43430264681035,-19.6122297224356,-4.0060919136606
3.24810032815972,-5.86222211539699,-0.242573690329905
-1.62050496546097,-4.14010080701769,-1.58987004566377
0.806707284111599,-7.92365315626978,1.56283359900237
-0.806707284111599,-3.67939531740308,0.694592710667721
0,0,0
0,0,0
0,0,0
-1.62050496546097,0.805993166212799,0.979055466999209
-4.05480761227132,10.4398117426525,-0.236481776669304
0.0212711917133254,9.55719528857912,0.416221867996836
-3.23391953368417,5.91728960337384,-1.41012995433623
-3.23391953368417,24.910284423411,-3.32025990867247
-1.6134145682232,6.77835025756348,-2.08377813200316
-0.806707284111599,5.08376269317261,-1.56283359900237
-3.2268291364464,2.25945008585449,-0.694592710667721
-0.806707284111599,2.54967027447583,-0.347296355333861
4.06898840674687,1.48099066363012,-2.5
0,0,0

StrokePoints: 25
0,0,0
-1.62759536269875,-1.1847925309041,2
-8.13797681349374,-2.96198132726024,5
-8.13797681349374,-2.96198132726024,5
-8.94468409760534,-9.1754690633601,6.91012995433623
-8.13088641625596,-16.7873462311248,8.84120444167326
-10.5651890630663,-36.3995759535604,4.83511252801266
-7.31708873490659,-42.2617980689574,4.59253883768275
-8.93759370036756,-46.4018988759751,3.00266879201899
-8.13088641625596,-54.3255520322449,4.56550239102136
-8.93759370036756,-58.004947349648,5.26009510168908
-8.93759370036756,-58.004947349648,5.26009510168908
-8.93759370036756,-58.004947349648,5.26009510168908
-8.93759370036756,-58.004947349648,5.26009510168908
-10.5580986658285,-57.1989541834352,6.23915056868829
-14.6129062780999,-46.7591424407827,6.00266879201898
-14.5916350863865,-37.2019471522036,6.41889066001582
-17.8255546200707,-31.2846575488297,5.00876070567959
-21.0594741537549,-6.37437312541877,1.68850079700712
-22.6728887219781,0.403977132144711,-0.395277334996045
-23.4795960060897,5.48773982531732,-1.95811093399842
-26.7064251425361,7.74718991117182,-2.65270364466614
-27.5131324266477,10.2968601856476,-3
-23.4441440199008,11.7778508492778,-5.5
-23.4441440199008,11.7778508492778,-5.5

Velocities: 24
0,0,0
0,0,0
0,0,0
-6,-5,0
-7,-7,0
-8,-7,-8
-6,-7,0
-6,-5,0
-3,-4,-2
-2,-1,-1
0,0,0
0,0,0
0,0,0
1,2,0
2,4,4
3,6,3
4,7,0
5,8,9
5,7,0
4,5,0
0,4,0
0,1,1
0,0,0
0,0,0

InverseVelocities: 24
0,0,0
0,0,0
0,0,0
0,0,0
0,0,0
0,0,0
0,0,0
0,0,0
0,0,0
0,0,0
0,0,0
0,0,0
0,0,0
0,0,0
0,0,0
0,0,0
0,0,0
0,0,0
0,0,0
0,0,0
0,0,0
0,0,0
0,0,0
0,0,0
