GestureName: tap_down
Duration(ms): 987
Handedness: right

SpeakerAngles: 6
55
-55
0
0
110
-110

SpeakerElevations: 6
-10
-10
-10
0
30
30

InterpretedPoints: 21
-0.806707284111599,0.564862521463623,-0.17364817766693
0,2.25945008585449,-0.694592710667721
0,2.25945008585449,-0.694592710667721
5.70367416668339,4.00910513822221,-2.86824088833465
2.46975463299922,4.33283701493666,-4.19459271066772
0.00709039723777516,1.45345691964169,-1.67364817766693
0.813797681349374,0.888594398178072,-1.5
0,0.592396265452048,-1
0,0,0
0,0,0
0.813797681349374,-0.296198132726024,0.5
0,-0.592396265452048,1
0,-1.1847925309041,2
-2.42721224957257,0.241130644749175,1.15270364466614
-0.813797681349374,-0.296198132726024,0.5
-1.66304734888762,-4.89769953640028,4.36824088833465
-8.92341290589201,-4.33283701493666,4.19459271066772
-4.06898840674687,-5.99989083533911,3.88918542133544
-2.44139304404812,-6.26257727997202,2.71553724366851
-1.6134145682232,-1.12972504292725,0.347296355333861
0,0,0

StrokePoints: 22
0,0,0
-0.806707284111599,0.564862521463623,-0.17364817766693
-0.806707284111599,2.82431260731812,-0.868240888334652
-0.806707284111599,5.08376269317261,-1.56283359900237
4.89696688257179,9.09286783139482,-4.43107448733702
7.36672151557101,13.4257048463315,-8.62566719800475
7.37381191280879,14.8791617659732,-10.2993153756717
8.18760959415816,15.7677561641513,-11.7993153756717
8.18760959415816,16.3601524296033,-12.7993153756717
8.18760959415816,16.3601524296033,-12.7993153756717
8.18760959415816,16.3601524296033,-12.7993153756717
9.00140727550754,16.0639542968773,-12.2993153756717
9.00140727550754,15.4715580314252,-11.2993153756717
9.00140727550754,14.2867655005211,-9.29931537567168
6.57419502593497,14.5278961452703,-8.14661173100554
5.76039734458559,14.2316980125443,-7.64661173100554
4.09734999569797,9.333998476144,-3.27837084267088
-4.82606291019404,5.00116146120734,0.916221867996837
-8.89505131694091,-0.998729374131768,4.80540728933228
-11.336444360989,-7.26130665410379,7.52094453300079
-12.9498589292122,-8.39103169703104,7.86824088833465
-12.9498589292122,-8.39103169703104,7.86824088833465

Velocities: 21
0,1,0
2,2,0
2,2,0
2,3,0
0,4,0
0,1,0
0,0,0
0,0,0
0,0,0
0,0,0
0,0,0
0,0,0
0,0,0
0,2,0
0,0,0
0,-5,0
-4,0,0
-4,-4,0
-3,-3,-1
-2,0,0
0,0,0

InverseVelocities: 21
0,0,0
0,0,0
0,0,0
0,0,0
0,0,0
0,0,0
0,0,0
0,0,0
0,0,0
0,0,0
0,0,0
0,0,0
0,0,0
0,0,0
0,0,0
0,0,0
0,0,0
0,0,0
0,0,0
0,0,0
0,0,0
