GestureName: tap_left
Duration(ms): 846
Handedness: right

SpeakerAngles: 6
55
-55
0
0
110
-110

SpeakerElevations: 6
-10
-10
-10
0
30
30

InterpretedPoints: 18
2.42721224957257,0.833526910201223,0.152703644666139
4.05480761227132,0.833526910201223,0.152703644666139
16.2050496546097,0.482261289498351,2.30540728933228
18.6393523014201,-8.29647457685639,3.69459271066772
7.30290794043104,-7.92365315626978,1.56283359900237
2.4201218523348,-3.67939531740308,0.694592710667721
2.42721224957257,-2.81833466321343,0.0209445330007911
0,0,0
0,0,0
-2.43430264681035,-0.0275337439884242,0.82635182233307
-4.86151489638292,4.77560867223722,0.631759111665348
-7.26745595424216,5.34047119370084,0.458110933998418
-16.2121400518475,3.10855485183477,0.326351822333069
-16.2121400518475,-0.805993166212799,-0.979055466999209
-10.5368274741152,-1.90818446515162,-1.45811093399842
-5.66822218049452,-1.96325195312847,0.194592710667721
-4.05480761227132,-1.42592317565327,0.847296355333861
0,0,0

StrokePoints: 19
0,0,0
2.42721224957257,0.833526910201223,0.152703644666139
6.48201986184389,1.66705382040245,0.305407289332279
22.6870695164536,2.1493151099008,2.61081457866456
41.3264218178737,-6.14715946695559,6.30540728933228
48.6293297583047,-14.0708126232254,7.86824088833465
51.0494516106395,-17.7502079406285,8.56283359900237
53.4766638602121,-20.5685426038419,8.58377813200316
53.4766638602121,-20.5685426038419,8.58377813200316
53.4766638602121,-20.5685426038419,8.58377813200316
51.0423612134018,-20.5960763478303,9.41012995433623
46.1808463170188,-15.8204676755931,10.0418890660016
38.9133903627767,-10.4799964818923,10.5
22.7012503109292,-7.37144163005749,10.8263518223331
6.48911025908167,-8.17743479627029,9.84729635533386
-4.04771721503354,-10.0856192614219,8.38918542133544
-9.71593939552806,-12.0488712145504,8.58377813200316
-13.7707470077994,-13.4747943902036,9.43107448733702
-13.7707470077994,-13.4747943902036,9.43107448733702

Velocities: 18
2,0,0
2,0,0
7,-3,0
5,-6,-3
-2,-5,-2
0,-3,-1
0,-2,-1
0,0,0
0,0,0
0,1,0
0,3,2
-2,6,2
-5,4,2
-6,3,0
-6,0,0
-4,0,0
-2,0,0
0,0,0

InverseVelocities: 18
0,0,0
0,0,0
0,0,0
-2,0,0
0,0,0
0,0,0
0,0,0
0,0,0
0,0,0
0,0,0
0,0,0
0,0,0
1,-4,0
1,-4,0
0,0,0
0,0,0
0,0,0
0,0,0
