GestureName: tap_down
Duration(ms): 846
Handedness: right

SpeakerAngles: 6
55
-55
0
0
110
-110

SpeakerElevations: 6
-10
-10
-10
0
30
30

InterpretedPoints: 18
2.43430264681035,6.68379313738884,2.08987004566377
2.43430264681035,12.5280814204718,4.87433280199525
0.806707284111599,11.9356851550197,5.87433280199525
0,8.58599965843577,4.39527733499604
0.799616886873824,9.04740025509234,-1.06283359900237
-0.799616886873824,2.81833466321343,-0.0209445330007911
0,0,0
0,0,0
0,0,0
0.806707284111599,-0.509795033486775,-1.47905546699921
-3.24810032815972,-6.44266249263966,-0.937166400997627
3.24100993092195,-4.13412286291301,-2.43716640099763
0,-8.04867088096057,-3.7425736903299
-0.806707284111599,-12.5831489084486,-3.22162915732911
-1.62050496546097,-10.3572105106872,-2.24257369032991
-0.806707284111599,-5.01673931698639,-1.78446275633149
0.806707284111599,-1.10219129893882,-0.479055466999209
0,0,0

StrokePoints: 19
0,0,0
2.43430264681035,6.68379313738884,2.08987004566377
4.86860529362069,19.2118745578606,6.96420284765902
5.67531257773229,31.1475597128803,12.8385356496543
5.67531257773229,39.7335593713161,17.2338129846503
6.47492946460612,48.7809596264084,16.1709793856479
5.67531257773229,51.5992942896219,16.1500348526471
5.67531257773229,51.5992942896219,16.1500348526471
5.67531257773229,51.5992942896219,16.1500348526471
5.67531257773229,51.5992942896219,16.1500348526471
6.48201986184389,51.0894992561351,14.6709793856479
3.23391953368417,44.6468367634954,13.7338129846503
6.47492946460612,40.5127139005824,11.2966465836527
6.47492946460612,32.4640430196219,7.55407289332278
5.66822218049452,19.8808941111732,4.33244373599367
4.04771721503355,9.52368360048601,2.08987004566376
3.24100993092195,4.50694428349962,0.305407289332273
4.04771721503355,3.4047529845608,-0.173648177666936
4.04771721503355,3.4047529845608,-0.173648177666936

Velocities: 18
5,4,2
7,6,5
7,6,5
6,6,3
4,2,3
0,2,1
0,0,0
0,0,0
0,0,0
-1,-2,0
-4,-3,-2
-3,-5,-1
-5,-5,-3
-6,-5,-5
-5,-4,-4
-3,-2,-2
-1,-2,0
0,0,0

InverseVelocities: 18
0,0,0
0,0,0
0,0,0
0,0,0
0,0,0
0,0,0
0,0,0
0,0,0
0,0,0
0,0,0
0,0,0
0,0,0
0,0,0
0,0,0
0,0,0
0,0,0
0,0,0
0,0,0
