GestureName: tap_right
Duration(ms): 799
Handedness: right

SpeakerAngles: 6
55
-55
0
0
110
-110

SpeakerElevations: 6
-10
-10
-10
0
30
30

InterpretedPoints: 17
-0.806707284111599,0.564862521463623,-0.17364817766693
-4.86860529362069,0,0
-14.577454291911,-1.0746575549504,-1.30540728933228
-23.5079575950408,-2.17684885388922,-1.78446275633149
-20.2669476641188,-4.43629893974372,-1.08987004566377
-14.577454291911,-3.27904015282804,-2.2635182233307
-4.06898840674687,2.66578319453421,-4.5
-5.68240297497007,-5.60315763833375,-1.63175911166535
-0.813797681349374,0.296198132726024,-0.5
0,0,0
3.24810032815972,-0.916128142166496,2.32635182233307
4.86151489638292,0.805993166212799,0.979055466999209
14.6058158808621,2.1493151099008,2.61081457866456
12.1786036312895,-0.40633310867972,3.80540728933228
4.88278608809624,-1.77718879635614,3
1.62050496546097,0.2686643887376,0.32635182233307
0,0,0

StrokePoints: 18
0,0,0
-0.806707284111599,0.564862521463623,-0.17364817766693
-5.67531257773229,0.564862521463623,-0.17364817766693
-20.2527668696433,-0.509795033486775,-1.47905546699921
-43.760724464684,-2.686643887376,-3.2635182233307
-64.0276721288028,-7.12294282711971,-4.35338826899446
-78.6051264207138,-10.4019829799478,-6.61690649232516
-82.6741148274607,-7.73619978541354,-11.1169064923252
-88.3565178024308,-13.3393574237473,-12.7486656039905
-89.1703154837801,-13.0431592910213,-13.2486656039905
-89.1703154837801,-13.0431592910213,-13.2486656039905
-85.9222151556204,-13.9592874331878,-10.9223137816574
-81.0607002592375,-13.153294266975,-9.94325831465823
-66.4548843783754,-11.0039791570742,-7.33244373599367
-54.2762807470859,-11.4103122657539,-3.52703644666139
-49.3934946589897,-13.18750106211,-0.527036446661393
-47.7729896935287,-12.9188366733724,-0.200684624328323
-47.7729896935287,-12.9188366733724,-0.200684624328323

Velocities: 17
0,1,0
-1,1,0
-7,3,0
-10,3,0
-11,0,0
-10,0,0
0,0,0
-2,0,-3
0,0,0
0,0,0
1,0,0
3,0,0
7,1,0
4,0,0
0,0,0
1,0,0
0,0,0

InverseVelocities: 17
0,0,0
0,0,0
0,0,0
0,0,0
0,0,0
0,0,0
0,0,0
0,0,0
0,0,0
0,0,0
0,0,0
0,0,0
0,0,0
0,0,0
0,0,0
0,0,0
0,0,0
