GestureName: tap_down
Duration(ms): 893
Handedness: right

SpeakerAngles: 6
55
-55
0
0
110
-110

SpeakerElevations: 6
-10
-10
-10
0
30
30

InterpretedPoints: 19
-0.813797681349374,3.35566344068863,0.631759111665348
0.806707284111599,2.17684885388922,1.78446275633149
0,3.27904015282804,2.2635182233307
3.26228112263527,3.01037576409044,1.93716640099763
-0.00709039723777494,14.2717585287348,3.54798097966218
-1.63468575993652,11.7496219982474,3.06892551266297
-0.806707284111599,10.4457896867572,-1.08377813200316
-1.6134145682232,5.09934054895166,-0.694592710667721
0,0,0
0,0,0
0,0,0
0.0141807944755501,-0.537328777475199,-0.652703644666139
2.43430264681035,-7.33125689081773,0.562833599002373
4.87569569085847,-9.55719528857912,-0.416221867996835
3.25519072539749,-10.0885461219496,-1.91622186799684
-3.2268291364464,-0.482261289498351,-2.30540728933228
0.813797681349374,-1.90818446515162,-1.45811093399842
0.806707284111599,-3.08699905195103,-0.305407289332279
0,0,0

StrokePoints: 20
0,0,0
-0.813797681349374,3.35566344068863,0.631759111665348
-0.00709039723777483,5.53251229457785,2.41622186799684
-0.00709039723777483,8.81155244740589,4.67974009132753
3.2551907253975,11.8219282114963,6.61690649232516
3.24810032815972,26.0936867402311,10.1648874719873
1.6134145682232,37.8433087384785,13.2338129846503
0.806707284111599,48.2890984252357,12.1500348526472
-0.806707284111599,53.3884389741874,11.4554421419794
-0.806707284111599,53.3884389741874,11.4554421419794
-0.806707284111599,53.3884389741874,11.4554421419794
-0.806707284111599,53.3884389741874,11.4554421419794
-0.792526489636048,52.8511101967122,10.8027384973133
1.6417761571743,45.5198533058945,11.3655720963157
6.51747184803277,35.9626580173153,10.9493502283188
9.77266257343026,25.8741118953657,9.03312836032199
6.54583343698387,25.3918506058674,6.72772107098971
7.35963111833324,23.4836661407157,5.2696101369913
8.16633840244484,20.3966670887647,4.96420284765902
8.16633840244484,20.3966670887647,4.96420284765902

Velocities: 19
2,2,1
4,3,0
5,5,0
4,5,0
6,5,6
5,4,5
4,5,3
0,2,2
0,0,0
0,0,0
0,0,0
-2,0,0
-3,-4,-2
-4,-5,-3
-4,-4,-4
-4,0,0
-3,-3,0
-1,-2,-1
0,0,0

InverseVelocities: 19
0,0,0
0,0,0
0,0,0
0,0,0
0,0,0
0,0,0
0,0,0
0,0,0
0,0,0
0,0,0
0,0,0
0,0,0
0,0,0
0,0,0
0,0,0
0,0,0
0,0,0
0,0,0
0,0,0
