GestureName: swipe_down
Duration(ms): 470
Handedness: right

SpeakerAngles: 2
55
-55

InterpretedPoints: 10
0.806707284111599,-0.564862521463623
4.03353642055799,-5.08376269317261
-5.64695098878119,-8.47293782195435
-1.6134145682232,-6.77835025756348
0,-7.90807530049073
-0.806707284111599,-7.34321277902711
-0.806707284111599,-6.21348773609986
3.2268291364464,-2.25945008585449
0.806707284111599,-0.564862521463623
0,0

StrokePoints: 11
177.6,130.333333333333
176.793292715888,130.898195854797
172.75975629533,135.98195854797
178.406707284112,144.454896369924
180.020121852335,151.233246627487
180.020121852335,159.141321927978
180.826829136446,166.484534707005
181.633536420558,172.698022443105
178.406707284112,174.95747252896
177.6,175.522335050423
177.6,175.522335050423

Velocities: 10
0,-1
-2,-7
-11,-4
-7,-5
-7,-7
-7,-6
-6,-5
0,-4
0,-1
0,0

InverseVelocities: 10
0,0
0,0
0,0
0,0
0,0
0,0
0,0
0,0
0,0
0,0
