GestureName: swipe_up
Duration(ms): 423
Handedness: right

SpeakerAngles: 2
55
-55

InterpretedPoints: 9
1.6134145682232,4.51890017170899
6.45365827289279,4.51890017170899
1.6134145682232,7.90807530049073
-0.806707284111599,8.47293782195435
0.806707284111599,7.34321277902711
0.806707284111599,5.08376269317261
0,1.12972504292725
-0.806707284111599,0.564862521463623
0,0

StrokePoints: 10
177.6,130.333333333333
175.986585431777,125.814433161624
169.532927158884,121.295532989915
167.919512590661,113.387457689425
168.726219874773,104.91451986747
167.919512590661,97.5713070884431
167.112805306549,92.4875443952705
167.112805306549,91.3578193523433
167.919512590661,90.7929568308797
167.919512590661,90.7929568308797

Velocities: 9
5,3
8,0
8,6
7,8
7,6
5,4
1,1
0,1
0,0

InverseVelocities: 9
0,0
0,0
0,0
0,0
0,0
0,0
0,0
0,0
0,0
