GestureName: swipe_left
Duration(ms): 470
Handedness: right

SpeakerAngles: 2
55
-55

InterpretedPoints: 10
3.2268291364464,2.25945008585449
4.03353642055799,2.82431260731812
6.45365827289279,4.51890017170899
7.26036555700439,3.95403765024536
8.06707284111599,1.12972504292725
8.06707284111599,0
6.45365827289279,-1.12972504292725
2.4201218523348,-1.69458756439087
1.6134145682232,-1.12972504292725
0,0

StrokePoints: 11
177.6,130.333333333333
174.373170863554,128.073883247479
170.339634442996,125.249570640161
163.885976170103,120.730670468452
156.625610613099,116.776632818206
148.558537771983,115.646907775279
140.491464930867,115.646907775279
134.037806657974,116.776632818206
131.617684805639,118.471220382597
130.004270237416,119.600945425524
130.004270237416,119.600945425524

Velocities: 10
4,0
5,0
8,0
8,-1
6,-4
5,-5
3,-5
0,-3
0,-2
0,0

InverseVelocities: 10
0,0
0,0
0,0
0,0
0,0
0,5
0,3
0,0
0,0
0,0
