GestureName: swipe_down
Duration(ms): 423
Handedness: right

SpeakerAngles: 2
55
-55

InterpretedPoints: 9
0.806707284111599,-0.564862521463623
-0.806707284111599,-0.564862521463623
0,-3.38917512878174
-0.806707284111599,-5.08376269317261
-1.6134145682232,-5.64862521463624
-3.2268291364464,-6.77835025756348
0.806707284111599,-6.21348773609986
0,-4.51890017170899
0,0

StrokePoints: 10
177.6,130.333333333333
176.793292715888,130.898195854797
177.6,131.463058376261
177.6,134.852233505042
178.406707284112,139.935996198215
180.020121852335,145.584621412851
183.246950988781,152.362971670415
182.44024370467,158.576459406515
182.44024370467,163.095359578224
182.44024370467,163.095359578224

Velocities: 9
0,-1
-1,0
-3,-3
-5,-4
-6,-4
-8,-4
-5,-6
-4,-4
0,0

InverseVelocities: 9
0,0
0,0
0,0
0,0
0,0
0,0
0,0
0,0
0,0
