GestureName: swipe_down
Duration(ms): 423
Handedness: right

SpeakerAngles: 2
55
-55

InterpretedPoints: 9
0,-1.12972504292725
0,-2.25945008585449
1.6134145682232,-3.38917512878174
-1.6134145682232,-5.64862521463624
1.6134145682232,-7.90807530049073
-0.806707284111599,-7.34321277902711
0,-6.77835025756348
-0.806707284111599,-2.82431260731812
0,0

StrokePoints: 10
177.6,130.333333333333
177.6,131.463058376261
177.6,133.722508462115
175.986585431777,137.111683590897
177.6,142.760308805533
175.986585431777,150.668384106024
176.793292715888,158.011596885051
176.793292715888,164.789947142614
177.6,167.614259749933
177.6,167.614259749933

Velocities: 9
-1,-1
-2,-2
-2,-4
-6,-4
-6,-8
-7,-6
-6,-6
-3,-2
0,0

InverseVelocities: 9
0,0
0,0
0,0
0,0
0,0
0,0
0,0
0,0
0,0
