GestureName: swipe_up
Duration(ms): 376
Handedness: right

SpeakerAngles: 2
55
-55

InterpretedPoints: 8
0.806707284111599,2.82431260731812
0,6.77835025756348
2.4201218523348,7.34321277902711
1.6134145682232,9.03780034341798
0.806707284111599,7.34321277902711
-0.806707284111599,6.21348773609986
1.6134145682232,2.25945008585449
0,0

StrokePoints: 9
177.6,130.333333333333
176.793292715888,127.509020726015
176.793292715888,120.730670468452
174.373170863554,113.387457689425
172.75975629533,104.349657346007
171.953049011219,97.0064445669795
172.75975629533,90.7929568308797
171.146341727107,88.5335067450252
171.146341727107,88.5335067450252

Velocities: 8
3,2
6,6
8,5
9,7
7,6
5,6
3,1
0,0

InverseVelocities: 8
0,0
0,0
0,0
0,0
0,0
0,0
0,0
0,0
