GestureName: swipe_right
Duration(ms): 423
Handedness: right

SpeakerAngles: 2
55
-55

InterpretedPoints: 9
-1.6134145682232,1.12972504292725
-4.03353642055799,2.82431260731812
-9.68048740933918,6.77835025756348
-9.68048740933918,6.77835025756348
-9.68048740933919,-2.25945008585449
-9.68048740933918,-6.77835025756348
-6.45365827289279,-4.51890017170899
-3.2268291364464,-2.25945008585449
0,0

StrokePoints: 10
177.6,130.333333333333
179.213414568223,129.203608290406
183.246950988781,126.379295683088
192.92743839812,119.600945425524
202.60792580746,112.822595167961
212.288413216799,115.082045253815
221.968900626138,121.860395511379
228.422558899031,126.379295683088
231.649388035477,128.638745768942
231.649388035477,128.638745768942

Velocities: 9
0,2
0,5
0,12
0,12
-8,4
-12,0
-8,0
-4,0
0,0

InverseVelocities: 9
0,0
0,0
0,0
0,0
0,0
0,0
0,0
0,0
0,0
