GestureName: swipe_right
Duration(ms): 423
Handedness: right

SpeakerAngles: 2
55
-55

InterpretedPoints: 9
-0.806707284111599,0.564862521463623
0,0
-4.03353642055799,2.82431260731812
-8.06707284111599,-2.25945008585449
-7.26036555700439,-2.82431260731812
-4.84024370466959,-3.38917512878174
-3.2268291364464,-2.25945008585449
-2.4201218523348,-1.69458756439087
0,0

StrokePoints: 10
177.6,130.333333333333
178.406707284112,129.76847081187
178.406707284112,129.76847081187
182.44024370467,126.944158204552
190.507316545786,129.203608290406
197.76768210279,132.027920897724
202.60792580746,135.417096026506
205.834754943906,137.67654611236
208.254876796241,139.371133676751
208.254876796241,139.371133676751

Velocities: 9
0,1
0,0
0,5
-7,3
-7,2
-6,0
-4,0
-3,0
0,0

InverseVelocities: 9
0,0
0,0
0,0
0,0
0,0
0,0
0,0
0,0
0,0
