GestureName: swipe_down
Duration(ms): 423
Handedness: right

SpeakerAngles: 2
55
-55

InterpretedPoints: 9
-0.806707284111599,-1.69458756439087
1.6134145682232,-4.51890017170899
0,-7.90807530049073
0.806707284111599,-9.6026628648816
0.806707284111599,-9.6026628648816
-4.84024370466959,-3.38917512878174
2.4201218523348,-1.69458756439087
1.6134145682232,-1.12972504292725
0,0

StrokePoints: 10
177.6,130.333333333333
178.406707284112,132.027920897724
176.793292715888,136.546821069433
176.793292715888,144.454896369924
175.986585431777,154.057559234806
175.179878147665,163.660222099687
180.020121852335,167.049397228469
177.6,168.74398479286
175.986585431777,169.873709835787
175.986585431777,169.873709835787

Velocities: 9
-2,-1
-3,-5
-7,-7
-8,-9
-8,-9
-6,0
0,-3
0,-2
0,0

InverseVelocities: 9
0,0
0,0
0,0
0,0
0,0
0,0
0,0
0,0
0,0
