GestureName: swipe_down
Duration(ms): 423
Handedness: right

SpeakerAngles: 2
55
-55

InterpretedPoints: 9
0,-1.12972504292725
1.6134145682232,-4.51890017170899
-0.806707284111599,-7.34321277902711
0,-6.77835025756348
-0.806707284111599,-9.6026628648816
-6.45365827289279,-4.51890017170899
0,0
0,-1.12972504292725
0,0

StrokePoints: 10
177.6,130.333333333333
177.6,131.463058376261
175.986585431777,135.98195854797
176.793292715888,143.325171326997
176.793292715888,150.10352158456
177.6,159.706184449442
184.053658272893,164.225084621151
184.053658272893,164.225084621151
184.053658272893,165.354809664078
184.053658272893,165.354809664078

Velocities: 9
-1,-1
-3,-5
-7,-6
-6,-6
-9,-8
-8,0
0,0
-1,-1
0,0

InverseVelocities: 9
0,0
0,0
0,0
0,0
0,0
0,0
0,0
0,0
0,0
