GestureName: swipe_down
Duration(ms): 470
Handedness: right

SpeakerAngles: 2
55
-55

InterpretedPoints: 10
-0.806707284111599,-0.564862521463623
0.806707284111599,-2.82431260731812
-7.26036555700439,-8.47293782195435
-1.6134145682232,-5.64862521463624
0.806707284111599,-9.6026628648816
-0.806707284111599,-7.34321277902711
3.2268291364464,-2.25945008585449
3.2268291364464,-2.25945008585449
-0.806707284111599,-0.564862521463623
0,0

StrokePoints: 11
177.6,130.333333333333
178.406707284112,130.898195854797
177.6,133.722508462115
184.860365557004,142.195446284069
186.473780125228,147.844071498706
185.667072841116,157.446734363587
186.473780125228,164.789947142614
183.246950988781,167.049397228469
180.020121852335,169.308847314323
180.826829136446,169.873709835787
180.826829136446,169.873709835787

Velocities: 10
-1,0
-2,-3
-12,-3
-6,-4
-8,-9
-7,-6
0,-4
0,-4
-1,0
0,0

InverseVelocities: 10
0,0
0,0
0,0
0,0
0,0
0,0
0,0
0,0
0,0
0,0
