GestureName: swipe_down
Duration(ms): 423
Handedness: right

SpeakerAngles: 2
55
-55

InterpretedPoints: 9
0.806707284111599,-0.564862521463623
0.806707284111599,-2.82431260731812
0,-5.64862521463624
0,-7.90807530049073
0,-7.90807530049073
-0.806707284111599,-6.21348773609986
0.806707284111599,-5.08376269317261
0.806707284111599,-0.564862521463623
0,0

StrokePoints: 10
177.6,130.333333333333
176.793292715888,130.898195854797
175.986585431777,133.722508462115
175.986585431777,139.371133676751
175.986585431777,147.279208977242
175.986585431777,155.187284277733
176.793292715888,161.400772013833
175.986585431777,166.484534707005
175.179878147665,167.049397228469
175.179878147665,167.049397228469

Velocities: 9
0,-1
-2,-3
-5,-5
-7,-7
-7,-7
-6,-5
-4,-5
0,-1
0,0

InverseVelocities: 9
0,0
0,0
0,0
0,0
0,0
0,0
0,0
0,0
0,0
