GestureName: swipe_right
Duration(ms): 517
Handedness: right

SpeakerAngles: 2
55
-55

InterpretedPoints: 11
-0.806707284111599,0.564862521463623
-2.4201218523348,1.69458756439087
-4.03353642055799,2.82431260731812
-7.26036555700439,3.95403765024536
-10.4871946934508,0.564862521463623
-8.06707284111599,-2.25945008585449
0,0
-4.84024370466959,-3.38917512878174
0,0
-1.6134145682232,-1.12972504292725
0,0

StrokePoints: 12
177.6,130.333333333333
178.406707284112,129.76847081187
180.826829136446,128.073883247479
184.860365557004,125.249570640161
192.120731114009,121.295532989915
202.60792580746,120.730670468452
210.674998648576,122.990120554306
210.674998648576,122.990120554306
215.515242353245,126.379295683088
215.515242353245,126.379295683088
217.128656921468,127.509020726015
217.128656921468,127.509020726015

Velocities: 11
0,1
0,3
0,5
-1,8
-6,7
-7,3
0,0
-6,0
0,0
-2,0
0,0

InverseVelocities: 11
0,0
0,0
0,0
0,0
0,0
0,0
0,0
0,0
0,0
0,0
0,0
