GestureName: swipe_right
Duration(ms): 376
Handedness: right

SpeakerAngles: 2
55
-55

InterpretedPoints: 8
-2.4201218523348,1.69458756439087
-4.03353642055799,2.82431260731812
-5.64695098878119,2.82431260731812
-8.06707284111599,-1.12972504292725
-7.26036555700439,-3.95403765024536
-5.64695098878119,-3.95403765024536
-4.84024370466959,-3.38917512878174
0,0

StrokePoints: 9
177.6,130.333333333333
180.020121852335,128.638745768942
184.053658272893,125.814433161624
189.700609261674,122.990120554306
197.76768210279,124.119845597233
205.028047659794,128.073883247479
210.674998648576,132.027920897724
215.515242353245,135.417096026506
215.515242353245,135.417096026506

Velocities: 8
0,3
0,5
-1,6
-6,4
-8,1
-7,0
-6,0
0,0

InverseVelocities: 8
0,0
0,0
0,0
0,0
0,0
0,0
0,0
0,0
