GestureName: swipe_right
Duration(ms): 517
Handedness: right

SpeakerAngles: 2
55
-55

InterpretedPoints: 11
-0.806707284111599,0.564862521463623
0,0
0,0
-3.2268291364464,2.25945008585449
-8.06707284111599,0
-5.64695098878119,-0.564862521463623
-4.84024370466959,-1.12972504292725
-6.45365827289279,-2.25945008585449
-4.03353642055799,-2.82431260731812
-2.4201218523348,-1.69458756439087
0,0

StrokePoints: 12
177.6,130.333333333333
178.406707284112,129.76847081187
178.406707284112,129.76847081187
178.406707284112,129.76847081187
181.633536420558,127.509020726015
189.700609261674,127.509020726015
195.347560250455,128.073883247479
200.187803955125,129.203608290406
206.641462228018,131.463058376261
210.674998648576,134.287370983579
213.09512050091,135.98195854797
213.09512050091,135.98195854797

Velocities: 11
0,1
0,0
0,0
0,4
-5,5
-4,3
-4,2
-6,2
-5,0
-3,0
0,0

InverseVelocities: 11
0,0
0,0
0,0
0,0
0,0
0,0
0,0
0,0
0,0
0,0
0,0
