GestureName: swipe_up
Duration(ms): 517
Handedness: right

SpeakerAngles: 2
55
-55

InterpretedPoints: 11
0.806707284111599,2.82431260731812
0,2.25945008585449
0,4.51890017170899
1.6134145682232,4.51890017170899
0.806707284111599,5.08376269317261
0.806707284111599,5.08376269317261
0.806707284111599,5.08376269317261
0.806707284111599,5.08376269317261
-0.806707284111599,2.82431260731812
0,1.12972504292725
0,0

StrokePoints: 12
177.6,130.333333333333
176.793292715888,127.509020726015
176.793292715888,125.249570640161
176.793292715888,120.730670468452
175.179878147665,116.211770296743
174.373170863554,111.12800760357
173.566463579442,106.044244910398
172.75975629533,100.960482217225
171.953049011219,95.8767195240523
172.75975629533,93.0524069167342
172.75975629533,91.9226818738069
172.75975629533,91.9226818738069

Velocities: 11
3,2
2,2
4,4
5,3
5,4
5,4
5,4
5,4
2,3
1,1
0,0

InverseVelocities: 11
0,0
0,0
0,0
0,0
0,0
0,0
0,0
0,0
0,0
0,0
0,0
