GestureName: tap_down
Duration(ms): 752
Handedness: right

SpeakerAngles: 2
55
-55

InterpretedPoints: 16
-0.806707284111599,-0.564862521463623
-1.6134145682232,-3.38917512878174
-1.6134145682232,-7.90807530049073
-0.806707284111599,-9.6026628648816
-1.6134145682232,-10.1675253863452
8.06707284111599,-5.64862521463624
4.03353642055799,-2.82431260731812
0,0
-3.2268291364464,2.25945008585449
-3.2268291364464,2.25945008585449
7.26036555700439,5.08376269317261
6.45365827289279,4.51890017170899
0.806707284111599,8.47293782195435
0.806707284111599,5.08376269317261
-1.6134145682232,1.12972504292725
0,0

StrokePoints: 17
177.6,130.333333333333
178.406707284112,130.898195854797
180.020121852335,134.287370983579
181.633536420558,142.195446284069
182.44024370467,151.798109148951
184.053658272893,161.965634535296
175.986585431777,167.614259749933
171.953049011219,170.438572357251
171.953049011219,170.438572357251
175.179878147665,168.179122271396
178.406707284112,165.919672185542
171.146341727107,160.835909492369
164.692683454214,156.31700932066
163.885976170103,147.844071498706
163.079268885991,142.760308805533
164.692683454214,141.630583762606
164.692683454214,141.630583762606

Velocities: 16
-1,0
-4,-2
-8,-6
-9,-8
-10,-8
0,-10
0,-5
0,0
0,4
0,4
9,0
8,0
8,7
5,4
0,2
0,0

InverseVelocities: 16
0,0
0,0
0,0
0,0
0,0
0,0
0,0
0,0
0,0
0,0
0,0
0,0
0,0
0,0
0,0
0,0
