GestureName: tap_down
Duration(ms): 799
Handedness: right

SpeakerAngles: 2
55
-55

InterpretedPoints: 17
0.806707284111599,-3.95403765024536
-1.6134145682232,-5.64862521463624
-5.64695098878119,-3.95403765024536
-0.806707284111599,-6.21348773609986
4.84024370466959,-3.38917512878174
0,-2.25945008585449
0,0
0,0
0,0
0,1.12972504292725
2.4201218523348,1.69458756439087
-3.2268291364464,2.25945008585449
-5.64695098878119,3.95403765024536
0.806707284111599,10.7323879078088
1.6134145682232,5.64862521463624
0,1.12972504292725
0,0

StrokePoints: 18
177.6,130.333333333333
176.793292715888,134.287370983579
178.406707284112,139.935996198215
184.053658272893,143.89003384846
184.860365557004,150.10352158456
180.020121852335,153.492696713342
180.020121852335,155.752146799196
180.020121852335,155.752146799196
180.020121852335,155.752146799196
180.020121852335,155.752146799196
180.020121852335,154.622421756269
177.6,152.927834191878
180.826829136446,150.668384106024
186.473780125228,146.714346455778
185.667072841116,135.98195854797
184.053658272893,130.333333333333
184.053658272893,129.203608290406
184.053658272893,129.203608290406

Velocities: 17
-3,-4
-6,-4
-7,0
-6,-5
0,-6
-2,-2
0,0
0,0
0,0
1,1
3,0
0,4
0,7
10,9
6,4
1,1
0,0

InverseVelocities: 17
0,0
0,0
0,0
0,0
0,0
0,0
0,0
0,0
0,0
0,0
0,0
0,0
0,0
0,0
0,0
0,0
0,0
