GestureName: tap_right
Duration(ms): 235
Handedness: right

SpeakerAngles: 2
55
-55

InterpretedPoints: 5
0.806707284111599,-0.564862521463623
0.806707284111599,-0.564862521463623
0.806707284111599,-0.564862521463623
1.6134145682232,-1.12972504292725
0,0

StrokePoints: 6
177.6,130.333333333333
176.793292715888,130.898195854797
175.986585431777,131.463058376261
175.179878147665,132.027920897724
173.566463579442,133.157645940651
173.566463579442,133.157645940651

Velocities: 5
0,-1
0,-1
0,-1
0,-2
0,0

InverseVelocities: 5
0,0
0,0
0,0
0,0
0,0
