GestureName: tap_up
Duration(ms): 705
Handedness: right

SpeakerAngles: 2
55
-55

InterpretedPoints: 15
0.806707284111599,1.69458756439087
2.4201218523348,5.08376269317261
1.6134145682232,7.90807530049073
-4.03353642055799,10.7323879078088
-2.4201218523348,8.47293782195435
-4.03353642055799,2.82431260731812
-0.806707284111599,0.564862521463623
0,0
1.6134145682232,-1.12972504292725
-1.6134145682232,-3.38917512878174
-0.806707284111599,-6.21348773609986
0,-6.77835025756348
-0.806707284111599,-6.21348773609986
-0.806707284111599,-3.95403765024536
0,0

StrokePoints: 16
177.6,130.333333333333
176.793292715888,128.638745768942
174.373170863554,123.55498307577
172.75975629533,115.646907775279
176.793292715888,104.91451986747
179.213414568223,96.4415820455159
183.246950988781,93.6172694381978
184.053658272893,93.0524069167342
184.053658272893,93.0524069167342
182.44024370467,94.1821319596614
184.053658272893,97.5713070884432
184.860365557004,103.784794824543
184.860365557004,110.563145082107
185.667072841116,116.776632818206
186.473780125228,120.730670468452
186.473780125228,120.730670468452

Velocities: 15
2,1
6,3
8,6
7,12
6,9
0,5
0,1
0,0
0,-2
-4,-2
-6,-5
-6,-6
-6,-5
-4,-3
0,0

InverseVelocities: 15
0,0
0,0
0,0
0,0
0,0
0,0
0,0
0,0
0,0
0,0
0,0
0,0
0,0
0,0
0,0
