GestureName: tap_right
Duration(ms): 658
Handedness: right

SpeakerAngles: 2
55
-55

InterpretedPoints: 14
-0.806707284111599,1.69458756439087
-4.84024370466959,5.64862521463624
-6.45365827289279,9.03780034341798
-12.100609261674,1.69458756439087
-0.806707284111599,0.564862521463623
0,0
0,0
0,0
3.2268291364464,2.25945008585449
4.03353642055799,0.564862521463624
5.64695098878119,-0.564862521463623
4.03353642055799,-2.82431260731812
2.4201218523348,-1.69458756439087
0,0

StrokePoints: 15
177.6,130.333333333333
178.406707284112,128.638745768942
183.246950988781,122.990120554306
189.700609261674,113.952320210888
201.801218523348,112.257732646497
202.60792580746,111.692870125034
202.60792580746,111.692870125034
202.60792580746,111.692870125034
202.60792580746,111.692870125034
199.381096671013,109.433420039179
195.347560250455,108.868557517716
189.700609261674,109.433420039179
185.667072841116,112.257732646497
183.246950988781,113.952320210888
183.246950988781,113.952320210888

Velocities: 14
1,2
2,8
4,12
-6,9
0,1
0,0
0,0
0,0
4,0
3,-2
3,-4
0,-5
0,-3
0,0

InverseVelocities: 14
0,0
0,0
-5,0
0,0
0,0
0,0
0,0
0,0
0,0
0,0
0,0
0,0
0,0
0,0
