GestureName: tap_up
Duration(ms): 705
Handedness: right

SpeakerAngles: 2
55
-55

InterpretedPoints: 15
0.806707284111599,0.564862521463623
0.806707284111599,2.82431260731812
2.4201218523348,9.6026628648816
3.2268291364464,9.03780034341798
0.806707284111599,8.47293782195435
-0.806707284111599,2.82431260731812
-0.806707284111599,0.564862521463623
0,0
0,0
0,-2.25945008585449
-0.806707284111599,-6.21348773609986
-2.4201218523348,-6.21348773609986
0,-2.25945008585449
0,-1.12972504292725
0,0

StrokePoints: 16
177.6,130.333333333333
176.793292715888,129.76847081187
175.986585431777,126.944158204552
173.566463579442,117.34149533967
170.339634442996,108.303694996252
169.532927158884,99.8307571742977
170.339634442996,97.0064445669796
171.146341727107,96.4415820455159
171.146341727107,96.4415820455159
171.146341727107,96.4415820455159
171.146341727107,98.7010321313704
171.953049011219,104.91451986747
174.373170863554,111.12800760357
174.373170863554,113.387457689425
174.373170863554,114.517182732352
174.373170863554,114.517182732352

Velocities: 15
1,0
3,2
10,7
10,6
8,7
2,3
0,1
0,0
0,0
-2,-2
-6,-5
-7,-4
-2,-2
-1,-1
0,0

InverseVelocities: 15
0,0
0,0
0,0
0,0
0,0
0,0
0,0
0,0
0,0
0,0
0,0
0,0
0,0
0,0
0,0
