GestureName: tap_down
Duration(ms): 799
Handedness: right

SpeakerAngles: 2
55
-55

InterpretedPoints: 17
-0.806707284111599,-1.69458756439087
-0.806707284111599,-3.95403765024536
0,-3.38917512878174
-5.64695098878119,-3.95403765024536
-1.6134145682232,-7.90807530049073
4.03353642055799,-2.82431260731812
1.6134145682232,-2.25945008585449
0,0
0,0
-1.6134145682232,1.12972504292725
-3.2268291364464,2.25945008585449
1.6134145682232,9.03780034341798
1.6134145682232,9.03780034341798
3.2268291364464,6.77835025756348
1.6134145682232,5.64862521463624
0.806707284111599,0.564862521463623
0,0

StrokePoints: 18
177.6,130.333333333333
178.406707284112,132.027920897724
179.213414568223,135.98195854797
179.213414568223,139.371133676751
184.860365557004,143.325171326997
186.473780125228,151.233246627487
182.44024370467,154.057559234806
180.826829136446,156.31700932066
180.826829136446,156.31700932066
180.826829136446,156.31700932066
182.44024370467,155.187284277733
185.667072841116,152.927834191878
184.053658272893,143.89003384846
182.44024370467,134.852233505042
179.213414568223,128.073883247479
177.6,122.425258032843
176.793292715888,121.860395511379
176.793292715888,121.860395511379

Velocities: 17
-2,-1
-4,-3
-3,-3
-7,0
-8,-6
0,-5
-1,-3
0,0
0,0
0,2
0,4
9,7
9,7
8,4
6,4
1,0
0,0

InverseVelocities: 17
0,0
0,0
0,0
0,0
0,0
0,0
0,0
0,0
0,0
0,0
0,0
0,0
0,0
0,0
0,0
0,0
0,0
