GestureName: tap_up
Duration(ms): 705
Handedness: right

SpeakerAngles: 2
55
-55

InterpretedPoints: 15
2.4201218523348,1.69458756439087
1.6134145682232,4.51890017170899
1.6134145682232,3.38917512878174
1.6134145682232,5.64862521463624
0,4.51890017170899
0.806707284111599,1.69458756439087
0,0
0,0
0.806707284111599,-1.69458756439087
0.806707284111599,-2.82431260731812
0,-2.25945008585449
1.6134145682232,-4.51890017170899
0,-3.38917512878174
-0.806707284111599,-0.564862521463623
0,0

StrokePoints: 16
177.6,130.333333333333
175.179878147665,128.638745768942
173.566463579442,124.119845597233
171.953049011219,120.730670468452
170.339634442996,115.082045253815
170.339634442996,110.563145082107
169.532927158884,108.868557517716
169.532927158884,108.868557517716
169.532927158884,108.868557517716
168.726219874772,110.563145082107
167.919512590661,113.387457689425
167.919512590661,115.646907775279
166.306098022438,120.165807946988
166.306098022438,123.55498307577
167.112805306549,124.119845597233
167.112805306549,124.119845597233

Velocities: 15
3,0
5,3
4,2
6,4
4,4
2,1
0,0
0,0
-1,-2
-2,-3
-2,-2
-3,-5
-3,-3
-1,0
0,0

InverseVelocities: 15
0,0
0,0
0,0
0,0
0,0
0,0
0,0
0,0
0,0
0,0
0,0
0,0
0,0
0,0
0,0
