GestureName: tap_left
Duration(ms): 893
Handedness: right

SpeakerAngles: 2
55
-55

InterpretedPoints: 19
1.6134145682232,1.12972504292725
1.6134145682232,1.12972504292725
2.4201218523348,1.69458756439087
12.100609261674,1.69458756439087
12.100609261674,1.69458756439087
8.06707284111599,-2.25945008585449
2.4201218523348,-6.21348773609986
2.4201218523348,-1.69458756439087
0.806707284111599,-0.564862521463623
0,0
0,0
0,1.12972504292725
-0.806707284111599,0.564862521463623
-5.64695098878119,3.95403765024536
-8.06707284111599,2.25945008585449
-9.68048740933918,1.12972504292725
-7.26036555700439,1.69458756439087
-4.03353642055799,0.564862521463624
0,0

StrokePoints: 20
177.6,130.333333333333
175.986585431777,129.203608290406
174.373170863554,128.073883247479
171.953049011219,126.379295683088
159.852439749545,124.684708118697
147.751830487871,122.990120554306
139.684757646755,125.249570640161
137.26463579442,131.463058376261
134.844513942085,133.157645940651
134.037806657974,133.722508462115
134.037806657974,133.722508462115
134.037806657974,133.722508462115
134.037806657974,132.592783419188
134.844513942085,132.027920897724
140.491464930867,128.073883247479
148.558537771983,125.814433161624
158.239025181322,124.684708118697
165.499390738326,122.990120554306
169.532927158884,122.425258032843
169.532927158884,122.425258032843

Velocities: 19
2,0
2,0
3,0
9,-6
9,-6
3,-7
-4,-7
0,-3
0,-1
0,0
0,0
1,1
0,1
0,7
-3,7
-5,7
-3,6
-2,3
0,0

InverseVelocities: 19
0,0
0,0
0,0
0,0
0,0
-5,0
0,0
0,0
0,0
0,0
0,0
0,0
0,0
0,0
0,0
0,0
0,0
0,0
0,0
