GestureName: tap_up
Duration(ms): 705
Handedness: right

SpeakerAngles: 2
55
-55

InterpretedPoints: 15
1.6134145682232,3.38917512878174
1.6134145682232,5.64862521463624
1.6134145682232,6.77835025756348
0.806707284111599,7.34321277902711
0,6.77835025756348
-0.806707284111599,2.82431260731812
0,0
0,0
0.806707284111599,-0.564862521463623
0,-3.38917512878174
-0.806707284111599,-5.08376269317261
0,-6.77835025756348
0,-6.77835025756348
-1.6134145682232,-4.51890017170899
0,0

StrokePoints: 16
177.6,130.333333333333
175.986585431777,126.944158204552
174.373170863554,121.295532989915
172.759756295331,114.517182732352
171.953049011219,107.173969953325
171.953049011219,100.395619695761
172.759756295331,97.5713070884431
172.759756295331,97.5713070884431
172.759756295331,97.5713070884431
171.953049011219,98.1361696099068
171.953049011219,101.525344738689
172.759756295331,106.609107431861
172.759756295331,113.387457689425
172.759756295331,120.165807946988
174.373170863554,124.684708118697
174.373170863554,124.684708118697

Velocities: 15
4,2
6,4
7,5
7,6
6,6
2,3
0,0
0,0
0,-1
-3,-3
-5,-4
-6,-6
-6,-6
-5,-3
0,0

InverseVelocities: 15
0,0
0,0
0,0
0,0
0,0
0,0
0,0
0,0
0,0
0,0
0,0
0,0
0,0
0,0
0,0
