GestureName: tap_right
Duration(ms): 752
Handedness: right

SpeakerAngles: 2
55
-55

InterpretedPoints: 16
-0.806707284111599,0.564862521463623
-4.03353642055799,3.95403765024537
-7.26036555700439,5.08376269317261
-7.26036555700439,5.08376269317261
-10.4871946934508,0.564862521463623
-4.84024370466959,-3.38917512878174
-2.4201218523348,-1.69458756439087
-0.806707284111599,-0.564862521463623
0,0
2.4201218523348,1.69458756439087
6.45365827289279,4.51890017170899
12.9073165457856,3.38917512878174
11.2939019775624,-2.25945008585449
7.26036555700439,-3.95403765024536
2.4201218523348,-1.69458756439087
0,0

StrokePoints: 17
177.6,130.333333333333
178.406707284112,129.76847081187
182.44024370467,125.814433161624
189.700609261674,120.730670468452
196.960974818678,115.646907775279
207.448169512129,115.082045253815
212.288413216799,118.471220382597
214.708535069134,120.165807946988
215.515242353245,120.730670468452
215.515242353245,120.730670468452
213.09512050091,119.036082904061
206.641462228018,114.517182732352
193.734145682232,111.12800760357
182.44024370467,113.387457689425
175.179878147665,117.34149533967
172.759756295331,119.036082904061
172.759756295331,119.036082904061

Velocities: 16
0,1
1,6
0,9
0,9
-6,7
-6,0
-3,0
-1,0
0,0
3,0
8,0
11,-5
5,-9
1,-8
0,-3
0,0

InverseVelocities: 16
0,0
0,0
0,0
0,0
0,0
0,0
0,0
0,0
0,0
0,0
0,0
0,0
0,0
0,0
0,0
0,0
