GestureName: tap_left
Duration(ms): 846
Handedness: right

SpeakerAngles: 2
55
-55

InterpretedPoints: 18
1.6134145682232,1.12972504292725
3.2268291364464,2.25945008585449
8.06707284111599,5.64862521463624
10.4871946934508,2.82431260731812
11.2939019775624,1.12972504292725
7.26036555700439,-1.69458756439087
7.26036555700439,-1.69458756439087
4.03353642055799,-0.564862521463624
0,0
-0.806707284111599,0.564862521463623
-2.4201218523348,1.69458756439087
-4.84024370466959,3.38917512878174
-8.87378012522759,2.82431260731812
-10.4871946934508,0.564862521463623
-8.87378012522759,-1.69458756439087
-4.03353642055799,-2.82431260731812
-0.806707284111599,-0.564862521463623
0,0

StrokePoints: 19
177.6,130.333333333333
175.986585431777,129.203608290406
172.759756295331,126.944158204552
164.692683454215,121.295532989915
154.205488760764,118.471220382597
142.911586783201,117.34149533967
135.651221226197,119.036082904061
128.390855669193,120.730670468452
124.357319248635,121.295532989915
124.357319248635,121.295532989915
125.164026532746,120.730670468452
127.584148385081,119.036082904061
132.424392089751,115.646907775279
141.298172214978,112.822595167961
151.785366908429,112.257732646497
160.659147033657,113.952320210888
164.692683454215,116.776632818206
165.499390738326,117.34149533967
165.499390738326,117.34149533967

Velocities: 18
2,0
4,0
10,0
9,-4
8,-6
3,-6
3,-6
2,-3
0,0
0,1
0,3
0,6
-3,8
-6,7
-7,4
-5,0
-1,0
0,0

InverseVelocities: 18
0,0
0,0
0,0
0,0
0,0
0,0
0,0
0,0
0,0
0,0
0,0
0,0
0,0
0,0
0,0
0,0
0,0
0,0
