GestureName: tap_right
Duration(ms): 752
Handedness: right

SpeakerAngles: 2
55
-55

InterpretedPoints: 16
-0.806707284111599,0.564862521463623
-3.2268291364464,2.25945008585449
-8.06707284111599,1.12972504292725
-11.2939019775624,0
-5.64695098878119,-3.95403765024536
-4.84024370466959,-3.38917512878174
-0.806707284111599,-0.564862521463623
0,0
0.806707284111599,0.564862521463623
2.4201218523348,1.69458756439087
5.64695098878119,3.95403765024536
10.4871946934508,1.69458756439087
8.87378012522759,-1.69458756439087
9.68048740933918,-6.77835025756348
2.4201218523348,-1.69458756439087
0,0

StrokePoints: 17
177.6,130.333333333333
178.406707284112,129.76847081187
181.633536420558,127.509020726015
189.700609261674,126.379295683088
200.994511239236,126.379295683088
206.641462228018,130.333333333333
211.481705932687,133.722508462115
212.288413216799,134.287370983579
212.288413216799,134.287370983579
211.481705932687,133.722508462115
209.061584080352,132.027920897724
203.414633091571,128.073883247479
192.92743839812,126.379295683088
184.053658272893,128.073883247479
174.373170863554,134.852233505042
171.953049011219,136.546821069433
171.953049011219,136.546821069433

Velocities: 16
0,1
0,4
-4,6
-7,7
-7,0
-6,0
-1,0
0,0
1,0
3,0
7,0
8,-5
4,-7
0,-12
0,-3
0,0

InverseVelocities: 16
0,0
0,0
0,0
0,0
0,0
0,0
0,0
0,0
0,0
0,0
0,0
0,0
0,0
0,0
0,0
0,0
