GestureName: tap_right
Duration(ms): 893
Handedness: right

SpeakerAngles: 2
55
-55

InterpretedPoints: 19
-1.6134145682232,1.12972504292725
-5.64695098878119,3.95403765024536
-8.06707284111599,3.38917512878174
-11.2939019775624,0
-11.2939019775624,-5.64862521463624
-5.64695098878119,-3.95403765024536
-3.2268291364464,-2.25945008585449
-0.806707284111599,-0.564862521463623
0,0
0,0
2.4201218523348,1.69458756439087
4.03353642055799,2.82431260731812
5.64695098878119,2.82431260731812
10.4871946934508,2.82431260731812
14.5207311140088,0
11.2939019775624,-1.12972504292725
0,0
1.6134145682232,-1.12972504292725
0,0

StrokePoints: 20
177.6,130.333333333333
179.213414568223,129.203608290406
184.860365557004,125.249570640161
192.92743839812,121.860395511379
204.221340375683,121.860395511379
215.515242353245,127.509020726015
221.162193342026,131.463058376261
224.389022478473,133.722508462115
225.195729762584,134.287370983579
225.195729762584,134.287370983579
225.195729762584,134.287370983579
222.77560791025,132.592783419188
218.742071489692,129.76847081187
213.09512050091,126.944158204552
202.60792580746,124.119845597233
188.087194693451,124.119845597233
176.793292715888,125.249570640161
176.793292715888,125.249570640161
175.179878147665,126.379295683088
175.179878147665,126.379295683088

Velocities: 19
0,2
0,7
-2,8
-7,7
-12,2
-7,0
-4,0
-1,0
0,0
0,0
3,0
5,0
6,-1
9,-4
9,-9
6,-8
0,0
0,-2
0,0

InverseVelocities: 19
0,0
0,0
0,0
0,0
0,0
0,0
0,0
0,0
0,0
0,0
0,0
0,0
0,0
0,0
0,9
0,0
0,0
0,0
0,0
