GestureName: tap_right
Duration(ms): 846
Handedness: right

SpeakerAngles: 2
55
-55

InterpretedPoints: 18
-0.806707284111599,0.564862521463623
0,2.25945008585449
-0.806707284111599,6.21348773609986
-3.22682913644639,11.2972504292725
-3.22682913644639,11.2972504292725
-16.134145682232,2.2594500858545
-9.68048740933918,-3.38917512878174
-8.06707284111599,-2.25945008585449
-0.806707284111599,-0.564862521463623
0,0
0,0
3.2268291364464,2.25945008585449
5.64695098878119,3.95403765024536
10.4871946934508,2.82431260731812
10.4871946934508,0.564862521463623
3.2268291364464,-2.25945008585449
0.806707284111599,-0.564862521463623
0,0

StrokePoints: 19
177.6,130.333333333333
178.406707284112,129.76847081187
178.406707284112,127.509020726015
179.213414568223,121.295532989915
182.44024370467,109.998282560643
185.667072841116,98.7010321313704
201.801218523348,96.4415820455159
211.481705932687,99.8307571742977
219.548778773803,102.090207260152
220.355486057915,102.655069781616
220.355486057915,102.655069781616
220.355486057915,102.655069781616
217.128656921468,100.395619695761
211.481705932687,96.4415820455159
200.994511239236,93.6172694381978
190.507316545786,93.0524069167342
187.280487409339,95.3118570025887
186.473780125228,95.8767195240523
186.473780125228,95.8767195240523

Velocities: 18
0,1
2,2
5,6
8,12
8,12
-8,12
-9,3
-7,3
-1,0
0,0
0,0
4,0
7,0
9,-4
7,-6
0,-4
0,-1
0,0

InverseVelocities: 18
0,0
0,0
0,0
0,0
0,0
0,0
0,0
0,0
0,0
0,0
0,0
0,0
0,0
0,2
0,3
0,0
0,0
0,0
