GestureName: tap_left
Duration(ms): 893
Handedness: right

SpeakerAngles: 2
55
-55

InterpretedPoints: 19
1.6134145682232,1.12972504292725
1.6134145682232,1.12972504292725
0,0
5.64695098878119,3.95403765024536
11.2939019775624,5.64862521463624
5.64695098878119,-0.564862521463623
0.806707284111599,-0.564862521463623
0.806707284111599,-0.564862521463623
0,0
0,0
0,0
-1.6134145682232,1.12972504292725
-4.03353642055799,2.82431260731812
-6.45365827289279,1.12972504292725
-6.45365827289279,0
-8.06707284111599,-1.12972504292725
-4.84024370466959,-3.38917512878174
-0.806707284111599,-0.564862521463623
0,0

StrokePoints: 20
177.6,130.333333333333
175.986585431777,129.203608290406
174.373170863554,128.073883247479
174.373170863554,128.073883247479
168.726219874773,124.119845597233
157.43231789721,118.471220382597
151.785366908429,119.036082904061
150.978659624317,119.600945425524
150.171952340206,120.165807946988
150.171952340206,120.165807946988
150.171952340206,120.165807946988
150.171952340206,120.165807946988
151.785366908429,119.036082904061
155.818903328987,116.211770296743
162.27256160188,115.082045253815
168.726219874773,115.082045253815
176.793292715888,116.211770296743
181.633536420558,119.600945425524
182.44024370467,120.165807946988
182.44024370467,120.165807946988

Velocities: 19
2,0
2,0
0,0
7,0
12,-2
3,-4
0,-1
0,-1
0,0
0,0
0,0
0,2
0,5
-3,5
-4,4
-6,4
-6,0
-1,0
0,0

InverseVelocities: 19
0,0
0,0
0,0
0,0
0,0
0,0
0,0
0,0
0,0
0,0
0,0
0,0
0,0
0,0
0,0
0,0
0,0
0,0
0,0
