GestureName: tap_up
Duration(ms): 705
Handedness: right

SpeakerAngles: 2
55
-55

InterpretedPoints: 15
-2.4201218523348,1.69458756439087
2.4201218523348,5.08376269317261
0.806707284111599,6.21348773609986
0.806707284111599,6.21348773609986
0.806707284111599,5.08376269317261
0.806707284111599,1.69458756439087
0,0
0,0
0.806707284111599,-0.564862521463623
0,-4.51890017170899
-0.806707284111599,-7.34321277902711
-0.806707284111599,-7.34321277902711
0,-4.51890017170899
0.806707284111599,-0.564862521463623
0,0

StrokePoints: 16
177.6,130.333333333333
180.020121852335,128.638745768942
177.6,123.55498307577
176.793292715888,117.34149533967
175.986585431777,111.12800760357
175.179878147665,106.044244910398
174.373170863554,104.349657346007
174.373170863554,104.349657346007
174.373170863554,104.349657346007
173.566463579442,104.91451986747
173.566463579442,109.433420039179
174.373170863554,116.776632818206
175.179878147665,124.119845597233
175.179878147665,128.638745768942
174.373170863554,129.203608290406
174.373170863554,129.203608290406

Velocities: 15
0,3
6,3
6,5
6,5
5,4
2,1
0,0
0,0
0,-1
-4,-4
-7,-6
-7,-6
-4,-4
0,-1
0,0

InverseVelocities: 15
0,0
0,0
0,0
0,0
0,0
0,0
0,0
0,0
0,0
0,0
0,0
0,0
0,0
0,0
0,0
