GestureName: tap_up
Duration(ms): 846
Handedness: right

SpeakerAngles: 2
55
-55

InterpretedPoints: 18
5.64695098878119,3.95403765024536
1.6134145682232,1.12972504292725
0.806707284111599,2.82431260731812
1.6134145682232,6.77835025756348
0.806707284111599,7.34321277902711
0.806707284111599,7.34321277902711
0,2.25945008585449
0.806707284111599,0.564862521463623
0,0
0,0
0,0
0,-1.12972504292725
0,-2.25945008585449
-0.806707284111599,-2.82431260731812
-0.806707284111599,-5.08376269317261
-0.806707284111599,-5.08376269317261
0,-2.25945008585449
0,0

StrokePoints: 19
177.6,130.333333333333
171.953049011219,126.379295683088
170.339634442996,125.249570640161
169.532927158884,122.425258032843
167.919512590661,115.646907775279
167.112805306549,108.303694996252
166.306098022438,100.960482217225
166.306098022438,98.7010321313704
165.499390738326,98.1361696099068
165.499390738326,98.1361696099068
165.499390738326,98.1361696099068
165.499390738326,98.1361696099068
165.499390738326,99.265894652834
165.499390738326,101.525344738689
166.306098022438,104.349657346007
167.112805306549,109.433420039179
167.919512590661,114.517182732352
167.919512590661,116.776632818206
167.919512590661,116.776632818206

Velocities: 18
7,0
2,0
3,2
7,5
7,6
7,6
2,2
1,0
0,0
0,0
0,0
-1,-1
-2,-2
-3,-2
-5,-4
-5,-4
-2,-2
0,0

InverseVelocities: 18
0,0
0,0
0,0
0,0
0,0
0,0
0,0
0,0
0,0
0,0
0,0
0,0
0,0
0,0
0,0
0,0
0,0
0,0
