GestureName: tap_left
Duration(ms): 893
Handedness: right

SpeakerAngles: 2
55
-55

InterpretedPoints: 19
0.806707284111599,0.564862521463623
1.6134145682232,1.12972504292725
2.4201218523348,1.69458756439087
0,0
4.84024370466959,2.25945008585449
11.2939019775624,2.25945008585449
12.100609261674,-3.95403765024536
4.03353642055799,-1.69458756439087
0,0
0,0
0,1.12972504292725
-3.2268291364464,2.25945008585449
-5.64695098878119,0.564862521463623
-4.84024370466959,1.12972504292725
-4.84024370466959,-1.12972504292725
-5.64695098878119,-3.95403765024536
-3.2268291364464,-2.25945008585449
-0.806707284111599,-0.564862521463623
0,0

StrokePoints: 20
177.6,130.333333333333
176.793292715888,129.76847081187
175.179878147665,128.638745768942
172.75975629533,126.944158204552
172.75975629533,126.944158204552
167.919512590661,124.684708118697
156.625610613099,122.425258032843
144.525001351425,126.379295683088
140.491464930867,128.073883247479
140.491464930867,128.073883247479
140.491464930867,128.073883247479
140.491464930867,126.944158204552
143.718294067313,124.684708118697
149.365245056094,124.119845597233
154.205488760764,122.990120554306
159.045732465433,124.119845597233
164.692683454214,128.073883247479
167.919512590661,130.333333333333
168.726219874772,130.898195854797
168.726219874772,130.898195854797

Velocities: 19
1,0
2,0
3,0
0,0
5,-1
9,-5
4,-11
1,-4
0,0
0,0
1,1
0,4
-3,4
-2,4
-4,2
-7,0
-4,0
-1,0
0,0

InverseVelocities: 19
0,0
0,0
0,0
0,0
0,0
0,0
0,0
0,0
0,0
0,0
0,0
0,0
0,0
0,0
0,0
0,0
0,0
0,0
0,0
