GestureName: tap_up
Duration(ms): 705
Handedness: right

SpeakerAngles: 2
55
-55

InterpretedPoints: 15
-0.806707284111599,0.564862521463623
0.806707284111599,5.08376269317261
8.06707284111599,5.64862521463624
0.806707284111599,11.8621129507361
-0.806707284111599,10.7323879078088
-2.4201218523348,8.47293782195435
1.6134145682232,2.25945008585449
0,-1.12972504292725
1.6134145682232,-3.38917512878174
0,-5.64862521463624
-0.806707284111599,-7.34321277902711
-2.4201218523348,-7.34321277902711
-0.806707284111599,-6.21348773609986
-1.6134145682232,-1.12972504292725
0,0

StrokePoints: 16
177.6,130.333333333333
178.406707284112,129.76847081187
177.6,124.684708118697
169.532927158884,119.036082904061
168.726219874772,107.173969953325
169.532927158884,96.4415820455159
171.953049011219,87.9686442235616
170.339634442996,85.7091941377071
170.339634442996,86.8389191806343
168.726219874773,90.2280943094161
168.726219874773,95.8767195240523
169.532927158884,103.219932303079
171.953049011219,110.563145082107
172.759756295331,116.776632818206
174.373170863554,117.906357861134
174.373170863554,117.906357861134

Velocities: 15
0,1
5,4
10,0
11,10
9,10
6,9
3,1
-1,-1
-2,-4
-5,-5
-7,-6
-8,-5
-6,-5
-2,0
0,0

InverseVelocities: 15
0,0
0,0
0,0
0,0
0,0
0,0
0,0
0,0
0,0
0,0
0,0
0,0
0,0
0,0
0,0
