GestureName: tap_down
Duration(ms): 940
Handedness: right

SpeakerAngles: 2
55
-55

InterpretedPoints: 20
0,-2.25945008585449
0,-5.64862521463624
-0.806707284111599,-6.21348773609986
-2.4201218523348,-7.34321277902711
-4.84024370466959,-7.90807530049073
-1.6134145682232,-5.64862521463624
0.806707284111599,-0.564862521463623
0,0
0,0
0,0
-0.806707284111599,0.564862521463623
-3.2268291364464,2.25945008585449
-3.2268291364464,2.25945008585449
7.26036555700439,5.08376269317261
0,10.1675253863452
0,10.1675253863452
0.806707284111599,6.21348773609986
0.806707284111599,2.82431260731812
0.806707284111599,1.69458756439087
0,0

StrokePoints: 21
177.6,130.333333333333
177.6,132.592783419188
177.6,138.241408633824
178.406707284112,144.454896369924
180.826829136446,151.798109148951
185.667072841116,159.706184449442
187.280487409339,165.354809664078
186.473780125228,165.919672185542
186.473780125228,165.919672185542
186.473780125228,165.919672185542
186.473780125228,165.919672185542
187.280487409339,165.354809664078
190.507316545786,163.095359578224
193.734145682232,160.835909492369
186.473780125228,155.752146799196
186.473780125228,145.584621412851
186.473780125228,135.417096026506
185.667072841116,129.203608290406
184.860365557004,126.379295683088
184.053658272893,124.684708118697
184.053658272893,124.684708118697

Velocities: 20
-2,-2
-5,-5
-6,-5
-8,-5
-10,-4
-6,-4
0,-1
0,0
0,0
0,0
0,1
0,4
0,4
9,0
9,9
9,9
6,5
3,2
2,1
0,0

InverseVelocities: 20
0,0
0,0
0,0
0,0
0,0
0,0
0,0
0,0
0,0
0,0
0,0
0,0
0,0
0,0
0,0
0,0
0,0
0,0
0,0
0,0
