GestureName: tap_down
Duration(ms): 846
Handedness: right

SpeakerAngles: 2
55
-55

InterpretedPoints: 18
-0.806707284111599,-1.69458756439087
0.806707284111599,-5.08376269317261
-4.03353642055799,-2.82431260731812
0.806707284111599,-7.34321277902711
-0.806707284111599,-7.34321277902711
3.2268291364464,-2.25945008585449
-0.806707284111599,-0.564862521463623
0,0
0,0
-0.806707284111599,0.564862521463623
-0.806707284111599,1.69458756439087
-1.6134145682232,1.12972504292725
-3.2268291364464,2.25945008585449
3.2268291364464,6.77835025756348
3.2268291364464,6.77835025756348
1.6134145682232,6.77835025756348
-0.806707284111599,3.95403765024536
0,0

StrokePoints: 19
177.6,130.333333333333
178.406707284112,132.027920897724
177.6,137.111683590897
181.633536420558,139.935996198215
180.826829136446,147.279208977242
181.633536420558,154.622421756269
178.406707284112,156.881871842124
179.213414568223,157.446734363587
179.213414568223,157.446734363587
179.213414568223,157.446734363587
180.020121852335,156.881871842124
180.826829136447,155.187284277733
182.44024370467,154.057559234806
185.667072841116,151.798109148951
182.44024370467,145.019758891388
179.213414568223,138.241408633824
177.6,131.463058376261
178.406707284112,127.509020726015
178.406707284112,127.509020726015

Velocities: 18
-2,-1
-4,-5
-5,0
-6,-7
-7,-6
0,-4
-1,0
0,0
0,0
0,1
1,2
0,2
0,4
8,4
8,4
7,5
3,4
0,0

InverseVelocities: 18
0,0
0,0
0,0
0,0
0,0
0,0
0,0
0,0
0,0
0,0
0,0
0,0
0,0
0,0
0,0
0,0
0,0
0,0
