GestureName: swipe_down
Duration(ms): 423
Handedness: right

SpeakerAngles: 2
55
-55

InterpretedPoints: 9
4.84024370466959,-3.38917512878174
-0.806707284111599,-0.564862521463623
1.6134145682232,-3.38917512878174
-1.6134145682232,-5.64862521463624
-1.6134145682232,-6.77835025756348
-0.806707284111599,-9.6026628648816
-6.45365827289279,-4.51890017170899
-4.84024370466959,-3.38917512878174
0,0

StrokePoints: 10
177.6,130.333333333333
172.75975629533,133.722508462115
173.566463579442,134.287370983579
171.953049011219,137.67654611236
173.566463579442,143.325171326997
175.179878147665,150.10352158456
175.986585431777,159.706184449442
182.44024370467,164.225084621151
187.280487409339,167.614259749933
187.280487409339,167.614259749933

Velocities: 9
0,-6
-1,0
-2,-4
-6,-4
-7,-5
-9,-8
-8,0
-6,0
0,0

InverseVelocities: 9
0,0
0,0
0,0
0,0
0,0
0,0
0,0
0,0
0,0
