GestureName: swipe_down
Duration(ms): 376
Handedness: right

SpeakerAngles: 2
55
-55

InterpretedPoints: 8
0,-1.12972504292725
-0.806707284111599,-1.69458756439087
-0.806707284111599,-7.34321277902711
0,-9.03780034341798
1.6134145682232,-10.1675253863452
-0.806707284111599,-10.7323879078088
2.4201218523348,-7.34321277902711
0,0

StrokePoints: 9
177.6,130.333333333333
177.6,131.463058376261
178.406707284112,133.157645940651
179.213414568223,140.500858719679
179.213414568223,149.538659063097
177.6,159.706184449442
178.406707284112,170.438572357251
175.986585431777,177.781785136278
175.986585431777,177.781785136278

Velocities: 8
-1,-1
-2,-1
-7,-6
-8,-8
-8,-10
-10,-9
-5,-8
0,0

InverseVelocities: 8
0,0
0,0
0,0
0,0
0,0
0,0
0,0
0,0
