GestureName: swipe_right
Duration(ms): 752
Handedness: right

SpeakerAngles: 2
55
-55

InterpretedPoints: 16
0.806707284111599,0.564862521463623
0.806707284111599,0.564862521463623
0,0
-4.03353642055799,2.82431260731812
-9.68048740933918,6.77835025756348
-9.68048740933918,6.77835025756348
-11.2939019775624,3.38917512878174
-13.7140238298972,1.69458756439087
-9.68048740933918,-6.77835025756348
0,0
0,0
3.2268291364464,-2.25945008585449
3.2268291364464,-2.25945008585449
1.6134145682232,-1.12972504292725
0.806707284111599,-0.564862521463623
0,0

StrokePoints: 17
177.6,130.333333333333
176.793292715888,129.76847081187
175.986585431777,129.203608290406
175.986585431777,129.203608290406
180.020121852335,126.379295683088
189.700609261674,119.600945425524
199.381096671013,112.822595167961
210.674998648576,109.433420039179
224.389022478473,107.738832474788
234.069509887812,114.517182732352
234.069509887812,114.517182732352
234.069509887812,114.517182732352
230.842680751366,116.776632818206
227.615851614919,119.036082904061
226.002437046696,120.165807946988
225.195729762584,120.730670468452
225.195729762584,120.730670468452

Velocities: 16
1,0
1,0
0,0
0,5
0,12
0,12
-4,10
-7,10
-12,0
0,0
0,0
0,-4
0,-4
0,-2
0,-1
0,0

InverseVelocities: 16
0,0
0,0
0,0
0,0
0,0
0,0
0,0
0,0
0,0
0,0
0,0
0,0
0,0
0,0
0,0
0,0
