GestureName: swipe_up
Duration(ms): 470
Handedness: right

SpeakerAngles: 2
55
-55

InterpretedPoints: 10
3.2268291364464,2.25945008585449
4.84024370466959,3.38917512878174
0.806707284111599,8.47293782195435
0.806707284111599,9.6026628648816
1.6134145682232,9.03780034341798
2.4201218523348,8.47293782195435
1.6134145682232,5.64862521463624
0.806707284111599,2.82431260731812
-2.4201218523348,1.69458756439087
0,0

StrokePoints: 11
177.6,130.333333333333
174.373170863554,128.073883247479
169.532927158884,124.684708118697
168.726219874772,116.211770296743
167.919512590661,106.609107431861
166.306098022438,97.5713070884432
163.885976170103,89.0983692664888
162.27256160188,83.4497440518526
161.465854317768,80.6254314445345
163.885976170103,78.9308438801436
163.885976170103,78.9308438801436

Velocities: 10
4,0
6,0
8,7
9,8
9,7
9,6
6,4
3,2
0,3
0,0

InverseVelocities: 10
0,0
0,0
0,0
0,0
0,0
0,0
0,0
0,0
0,0
0,0
