GestureName: swipe_down
Duration(ms): 470
Handedness: right

SpeakerAngles: 2
55
-55

InterpretedPoints: 10
1.6134145682232,-1.12972504292725
0.806707284111599,-3.95403765024536
-4.84024370466959,-7.90807530049073
-4.84024370466959,-3.38917512878174
-5.64695098878119,-3.95403765024536
-5.64695098878119,-3.95403765024536
-5.64695098878119,-3.95403765024536
0,0
3.2268291364464,-2.25945008585449
0,0

StrokePoints: 11
177.6,130.333333333333
175.986585431777,131.463058376261
175.179878147665,135.417096026506
180.020121852335,143.325171326997
184.860365557004,146.714346455778
190.507316545786,150.668384106024
196.154267534567,154.622421756269
201.801218523348,158.576459406515
201.801218523348,158.576459406515
198.574389386902,160.835909492369
198.574389386902,160.835909492369

Velocities: 10
0,-2
-3,-4
-10,-4
-6,0
-7,0
-7,0
-7,0
0,0
0,-4
0,0

InverseVelocities: 10
0,0
0,0
0,0
0,0
0,0
0,0
0,0
0,0
0,0
0,0
