GestureName: swipe_down
Duration(ms): 423
Handedness: right

SpeakerAngles: 2
55
-55

InterpretedPoints: 9
-0.806707284111599,-1.69458756439087
-0.806707284111599,-6.21348773609986
-1.6134145682232,-6.77835025756348
0.806707284111599,-9.6026628648816
7.26036555700439,-5.08376269317261
0,0
-4.03353642055799,-2.82431260731812
3.2268291364464,-2.25945008585449
0,0

StrokePoints: 10
177.6,130.333333333333
178.406707284112,132.027920897724
179.213414568223,138.241408633824
180.826829136446,145.019758891388
180.020121852335,154.622421756269
172.759756295331,159.706184449442
172.759756295331,159.706184449442
176.793292715888,162.53049705676
173.566463579442,164.789947142614
173.566463579442,164.789947142614

Velocities: 9
-2,-1
-6,-5
-7,-5
-8,-9
0,-9
0,0
-5,0
0,-4
0,0

InverseVelocities: 9
0,0
0,0
0,0
0,0
0,0
0,0
0,0
0,0
0,0
