GestureName: swipe_up
Duration(ms): 423
Handedness: right

SpeakerAngles: 2
55
-55

InterpretedPoints: 9
-0.806707284111599,0.564862521463623
0,0
-8.06707284111599,5.64862521463624
-8.87378012522759,6.21348773609986
1.6134145682232,12.4269754721997
1.6134145682232,11.2972504292725
0,6.77835025756348
0.806707284111599,3.95403765024536
0,0

StrokePoints: 10
177.6,130.333333333333
178.406707284112,129.76847081187
178.406707284112,129.76847081187
186.473780125228,124.119845597233
195.347560250455,117.906357861134
193.734145682232,105.479382388934
192.120731114009,94.1821319596614
192.120731114009,87.4037817020979
191.314023829897,83.4497440518526
191.314023829897,83.4497440518526

Velocities: 9
0,1
0,0
0,10
0,11
12,10
11,9
6,6
4,3
0,0

InverseVelocities: 9
0,0
0,0
0,0
0,0
0,0
0,0
0,0
0,0
0,0
