GestureName: swipe_left
Duration(ms): 611
Handedness: right

SpeakerAngles: 2
55
-55

InterpretedPoints: 13
3.2268291364464,2.25945008585449
2.4201218523348,1.69458756439087
2.4201218523348,1.69458756439087
2.4201218523348,0.564862521463623
4.84024370466959,-1.12972504292725
4.03353642055799,-1.69458756439087
2.4201218523348,-1.69458756439087
4.84024370466959,-3.38917512878174
4.03353642055799,-2.82431260731812
0,0
1.6134145682232,-2.25945008585449
2.4201218523348,-1.69458756439087
0,0

StrokePoints: 14
177.6,130.333333333333
174.373170863554,128.073883247479
171.953049011219,126.379295683088
169.532927158884,124.684708118697
167.112805306549,124.119845597233
162.27256160188,125.249570640161
158.239025181322,126.944158204552
155.818903328987,128.638745768942
150.978659624317,132.027920897724
146.945123203759,134.852233505042
146.945123203759,134.852233505042
145.331708635536,137.111683590897
142.911586783201,138.806271155288
142.911586783201,138.806271155288

Velocities: 13
4,0
3,0
3,0
2,-1
2,-4
1,-4
0,-3
0,-6
0,-5
0,0
-1,-3
0,-3
0,0

InverseVelocities: 13
0,0
0,0
0,0
0,0
0,0
0,0
0,0
0,0
0,0
0,0
0,0
0,0
0,0
