GestureName: swipe_up
Duration(ms): 517
Handedness: right

SpeakerAngles: 2
55
-55

InterpretedPoints: 11
0.806707284111599,2.82431260731812
1.6134145682232,5.64862521463624
6.45365827289279,4.51890017170899
7.26036555700439,5.08376269317261
7.26036555700439,5.08376269317261
5.64695098878119,3.95403765024536
3.22682913644639,5.64862521463624
0.806707284111599,3.95403765024536
-2.4201218523348,3.95403765024536
0,1.12972504292725
0,0

StrokePoints: 12
177.6,130.333333333333
176.793292715888,127.509020726015
175.179878147665,121.860395511379
168.726219874772,117.34149533967
161.465854317768,112.257732646497
154.205488760764,107.173969953325
148.558537771983,103.219932303079
145.331708635536,97.5713070884431
144.525001351425,93.6172694381978
146.945123203759,89.6632317879524
146.945123203759,88.5335067450252
146.945123203759,88.5335067450252

Velocities: 11
3,2
6,4
8,0
9,0
9,0
7,0
7,3
4,3
2,5
1,1
0,0

InverseVelocities: 11
0,0
0,0
0,0
0,0
0,0
0,0
0,0
0,0
0,0
0,0
0,0
