GestureName: swipe_left
Duration(ms): 470
Handedness: right

SpeakerAngles: 2
55
-55

InterpretedPoints: 10
5.64695098878119,3.95403765024536
-0.806707284111599,0.564862521463623
0,0
9.68048740933918,6.77835025756348
14.5207311140088,2.25945008585449
15.3274383981204,-2.82431260731812
9.68048740933918,-6.77835025756348
0,0
4.84024370466959,-3.38917512878174
0,0

StrokePoints: 11
177.6,130.333333333333
171.953049011219,126.379295683088
172.759756295331,125.814433161624
172.759756295331,125.814433161624
163.079268885991,119.036082904061
148.558537771983,116.776632818206
133.231099373862,119.600945425524
123.550611964523,126.379295683088
123.550611964523,126.379295683088
118.710368259853,129.76847081187
118.710368259853,129.76847081187

Velocities: 10
7,0
0,1
0,0
12,0
11,-7
7,-12
0,-12
0,0
0,-6
0,0

InverseVelocities: 10
0,0
0,0
0,0
0,0
0,0
0,0
0,0
0,0
0,0
0,0
