GestureName: swipe_left
Duration(ms): 705
Handedness: right

SpeakerAngles: 2
55
-55

InterpretedPoints: 15
0.806707284111599,0.564862521463623
0.806707284111599,1.69458756439087
-1.6134145682232,1.12972504292725
-1.6134145682232,1.12972504292725
-1.6134145682232,1.12972504292725
6.45365827289279,4.51890017170899
0,0
8.87378012522759,6.21348773609986
13.7140238298972,0.564862521463624
15.3274383981204,-2.82431260731812
9.68048740933918,-6.77835025756348
8.87378012522759,-6.21348773609986
4.03353642055799,-2.82431260731812
0,-5.64862521463624
0,0

StrokePoints: 16
177.6,130.333333333333
176.793292715888,129.76847081187
175.986585431777,128.073883247479
177.6,126.944158204552
179.213414568223,125.814433161624
180.826829136446,124.684708118697
174.373170863554,120.165807946988
174.373170863554,120.165807946988
165.499390738326,113.952320210888
151.785366908429,113.387457689425
136.457928510309,116.211770296743
126.777441100969,122.990120554306
117.903660975742,129.203608290406
113.870124555184,132.027920897724
113.870124555184,137.67654611236
113.870124555184,137.67654611236

Velocities: 15
1,0
2,1
0,2
0,2
0,2
8,0
0,0
11,0
9,-8
7,-12
0,-12
0,-11
0,-5
-5,-5
0,0

InverseVelocities: 15
0,0
0,0
0,0
0,0
0,0
0,0
0,0
0,0
0,0
0,0
0,0
0,0
0,0
0,0
0,0
