GestureName: swipe_down
Duration(ms): 376
Handedness: right

SpeakerAngles: 2
55
-55

InterpretedPoints: 8
-5.64695098878119,-6.21348773609986
-0.806707284111599,-3.95403765024536
1.6134145682232,-9.03780034341798
0.806707284111599,-10.7323879078088
-0.806707284111599,-9.6026628648816
5.64695098878119,-3.95403765024536
2.4201218523348,-1.69458756439087
0,0

StrokePoints: 9
177.6,130.333333333333
183.246950988781,136.546821069433
184.053658272893,140.500858719679
182.44024370467,149.538659063097
181.633536420558,160.271046970905
182.44024370467,169.873709835787
176.793292715888,173.827747486032
174.373170863554,175.522335050423
174.373170863554,175.522335050423

Velocities: 8
-9,-2
-4,-3
-7,-9
-9,-10
-9,-8
0,-7
0,-3
0,0

InverseVelocities: 8
0,0
0,0
0,0
0,0
0,0
0,0
0,0
0,0
