GestureName: swipe_right
Duration(ms): 517
Handedness: right

SpeakerAngles: 2
55
-55

InterpretedPoints: 11
1.6134145682232,1.12972504292725
0,0
-2.4201218523348,1.69458756439087
-3.2268291364464,2.25945008585449
-4.03353642055799,2.82431260731812
-8.87378012522759,6.21348773609986
-12.100609261674,5.08376269317261
-12.100609261674,0.564862521463623
-8.87378012522759,-2.82431260731812
-8.06707284111599,-5.64862521463624
0,0

StrokePoints: 12
177.6,130.333333333333
175.986585431777,129.203608290406
175.986585431777,129.203608290406
178.406707284112,127.509020726015
181.633536420558,125.249570640161
185.667072841116,122.425258032843
194.540852966344,116.211770296743
206.641462228018,111.12800760357
218.742071489692,110.563145082107
227.615851614919,113.387457689425
235.682924456035,119.036082904061
235.682924456035,119.036082904061

Velocities: 11
2,0
0,0
0,3
0,4
0,5
0,11
-3,12
-7,8
-8,3
-10,0
0,0

InverseVelocities: 11
0,0
0,0
0,0
0,0
0,0
0,0
0,0
0,0
0,0
0,0
0,0
