GestureName: swipe_right
Duration(ms): 470
Handedness: right

SpeakerAngles: 2
55
-55

InterpretedPoints: 10
-2.4201218523348,1.69458756439087
0,0
-6.45365827289279,5.64862521463624
-9.68048740933919,5.64862521463624
-13.7140238298972,1.69458756439087
-9.68048740933918,-6.77835025756348
-8.06707284111599,-5.64862521463624
-5.64695098878119,-3.95403765024536
-0.806707284111599,-0.564862521463623
0,0

StrokePoints: 11
177.6,130.333333333333
180.020121852335,128.638745768942
180.020121852335,128.638745768942
186.473780125228,122.990120554306
196.154267534567,117.34149533967
209.868291364464,115.646907775279
219.548778773803,122.425258032843
227.615851614919,128.073883247479
233.2628026037,132.027920897724
234.069509887812,132.592783419188
234.069509887812,132.592783419188

Velocities: 10
0,3
0,0
1,9
-1,11
-7,10
-12,0
-10,0
-7,0
-1,0
0,0

InverseVelocities: 10
0,0
0,0
0,0
0,0
0,0
0,0
0,0
0,0
0,0
0,0
