GestureName: swipe_up
Duration(ms): 376
Handedness: right

SpeakerAngles: 2
55
-55

InterpretedPoints: 8
-4.84024370466959,3.38917512878174
8.06707284111599,5.64862521463624
1.6134145682232,11.2972504292725
0.806707284111599,9.6026628648816
0.806707284111599,9.6026628648816
-0.806707284111599,6.21348773609986
2.4201218523348,1.69458756439087
0,0

StrokePoints: 9
177.6,130.333333333333
182.44024370467,126.944158204552
174.373170863554,121.295532989915
172.759756295331,109.998282560643
171.953049011219,100.395619695761
171.146341727107,90.7929568308797
171.953049011219,84.5794690947798
169.532927158884,82.884881530389
169.532927158884,82.884881530389

Velocities: 8
0,6
10,0
11,9
9,8
9,8
5,6
3,0
0,0

InverseVelocities: 8
0,0
0,0
0,0
0,0
0,0
0,0
0,0
0,0
