GestureName: swipe_right
Duration(ms): 705
Handedness: right

SpeakerAngles: 2
55
-55

InterpretedPoints: 15
1.6134145682232,1.12972504292725
-3.2268291364464,2.25945008585449
-2.4201218523348,6.21348773609986
-3.22682913644639,5.64862521463624
-6.45365827289279,4.51890017170899
-9.68048740933919,5.64862521463624
-11.2939019775624,2.25945008585449
-13.7140238298972,-1.69458756439087
0,0
0,0
0,0
-0.806707284111599,-7.34321277902711
4.03353642055799,-2.82431260731812
0.806707284111599,-1.69458756439087
0,0

StrokePoints: 16
177.6,130.333333333333
175.986585431777,129.203608290406
179.213414568223,126.944158204552
181.633536420558,120.730670468452
184.860365557004,115.082045253815
191.314023829897,110.563145082107
200.994511239236,104.91451986747
212.288413216799,102.655069781616
226.002437046696,104.349657346007
226.002437046696,104.349657346007
226.002437046696,104.349657346007
226.002437046696,104.349657346007
226.809144330808,111.692870125034
222.77560791025,114.517182732352
221.968900626138,116.211770296743
221.968900626138,116.211770296743

Velocities: 15
2,0
0,4
4,7
3,7
0,8
-1,11
-5,9
-10,7
0,0
0,0
0,0
-7,-6
0,-5
-1,-2
0,0

InverseVelocities: 15
0,0
0,0
0,0
0,0
0,0
0,0
0,0
0,0
0,0
0,0
0,0
0,0
0,0
0,0
0,0
