GestureName: swipe_up
Duration(ms): 470
Handedness: right

SpeakerAngles: 2
55
-55

InterpretedPoints: 10
-2.4201218523348,1.69458756439087
0,6.77835025756348
1.6134145682232,9.03780034341798
0.806707284111599,9.6026628648816
1.6134145682232,7.90807530049073
5.64695098878119,3.95403765024536
0,6.77835025756348
-4.84024370466959,5.64862521463624
-0.806707284111599,0.564862521463623
0,0

StrokePoints: 11
177.6,130.333333333333
180.020121852335,128.638745768942
180.020121852335,121.860395511379
178.406707284112,112.822595167961
177.6,103.219932303079
175.986585431777,95.3118570025887
170.339634442996,91.3578193523433
170.339634442996,84.5794690947798
175.179878147665,78.9308438801436
175.986585431777,78.36598135868
175.986585431777,78.36598135868

Velocities: 10
0,3
6,6
9,7
9,8
8,6
7,0
6,6
2,8
0,1
0,0

InverseVelocities: 10
0,0
0,0
0,0
0,0
0,0
0,0
0,0
0,0
0,0
0,0
