GestureName: swipe_left
Duration(ms): 658
Handedness: right

SpeakerAngles: 2
55
-55

InterpretedPoints: 14
-2.4201218523348,1.69458756439087
-0.806707284111599,0.564862521463623
7.26036555700439,5.08376269317261
7.26036555700439,5.08376269317261
8.06707284111599,5.64862521463624
10.4871946934508,1.69458756439087
10.4871946934508,-1.69458756439087
8.87378012522759,-6.21348773609986
9.68048740933918,-6.77835025756348
9.68048740933918,-6.77835025756348
0,0
5.64695098878119,-3.95403765024536
-2.4201218523348,-2.82431260731812
0,0

StrokePoints: 15
177.6,130.333333333333
180.020121852335,128.638745768942
180.826829136446,128.073883247479
173.566463579442,122.990120554306
166.306098022438,117.906357861134
158.239025181322,112.257732646497
147.751830487871,110.563145082107
137.26463579442,112.257732646497
128.390855669193,118.471220382597
118.710368259853,125.249570640161
109.029880850514,132.027920897724
109.029880850514,132.027920897724
103.382929861733,135.98195854797
105.803051714068,138.806271155288
105.803051714068,138.806271155288

Velocities: 14
0,3
0,1
9,0
9,0
10,0
8,-5
5,-8
0,-11
0,-12
0,-12
0,0
0,-7
-4,-1
0,0

InverseVelocities: 14
0,0
0,0
0,0
0,0
0,0
0,0
0,0
0,0
0,0
0,0
0,0
0,0
0,0
0,0
