GestureName: swipe_down
Duration(ms): 470
Handedness: right

SpeakerAngles: 2
55
-55

InterpretedPoints: 10
0.806707284111599,-2.82431260731812
3.2268291364464,-3.38917512878174
1.6134145682232,-4.51890017170899
0,-6.77835025756348
0,-7.90807530049073
0,-6.77835025756348
0,0
0,0
2.4201218523348,-1.69458756439087
0,0

StrokePoints: 11
177.6,130.333333333333
176.793292715888,133.157645940651
173.566463579442,136.546821069433
171.953049011219,141.065721241142
171.953049011219,147.844071498706
171.953049011219,155.752146799196
171.953049011219,162.53049705676
171.953049011219,162.53049705676
171.953049011219,162.53049705676
169.532927158884,164.225084621151
169.532927158884,164.225084621151

Velocities: 10
-2,-3
-1,-5
-3,-5
-6,-6
-7,-7
-6,-6
0,0
0,0
0,-3
0,0

InverseVelocities: 10
0,0
0,0
0,0
0,0
0,0
0,0
0,0
0,0
0,0
0,0
