GestureName: swipe_right
Duration(ms): 611
Handedness: right

SpeakerAngles: 2
55
-55

InterpretedPoints: 13
-3.2268291364464,2.25945008585449
-1.6134145682232,5.64862521463624
0,6.77835025756348
-7.26036555700439,5.08376269317261
-8.87378012522759,6.21348773609986
-10.4871946934508,5.08376269317261
-16.9408529663436,-1.69458756439087
-12.100609261674,-3.95403765024536
-9.68048740933918,-6.77835025756348
-6.45365827289279,-4.51890017170899
-5.64695098878119,-3.95403765024536
2.4201218523348,-1.69458756439087
0,0

StrokePoints: 14
177.6,130.333333333333
180.826829136446,128.073883247479
182.44024370467,122.425258032843
182.44024370467,115.646907775279
189.700609261674,110.563145082107
198.574389386902,104.349657346007
209.061584080352,99.265894652834
226.002437046696,100.960482217225
238.10304630837,104.91451986747
247.783533717709,111.692870125034
254.237191990602,116.211770296743
259.884142979383,120.165807946988
257.464021127048,121.860395511379
257.464021127048,121.860395511379

Velocities: 13
0,4
4,6
6,6
0,9
0,11
-2,11
-12,9
-11,4
-12,0
-8,0
-7,0
0,-3
0,0

InverseVelocities: 13
0,0
0,0
0,0
0,0
0,0
0,0
0,0
0,0
0,0
0,0
0,0
0,0
0,0
