GestureName: tap_left
Duration(ms): 658
Handedness: right

SpeakerAngles: 2
55
-55

InterpretedPoints: 14
4.03353642055799,-0.564862521463624
8.06707284111599,-4.51890017170899
8.06707284111599,-5.64862521463624
9.68048740933918,-6.77835025756348
0,0
0,0
0,0
-2.4201218523348,1.69458756439087
0,0
-8.06707284111599,5.64862521463624
-8.06707284111599,5.64862521463624
-7.26036555700439,2.82431260731812
-1.6134145682232,0
0,0

StrokePoints: 15
177.6,130.333333333333
173.566463579442,130.898195854797
165.499390738326,135.417096026506
157.43231789721,141.065721241142
147.751830487871,147.844071498706
147.751830487871,147.844071498706
147.751830487871,147.844071498706
147.751830487871,147.844071498706
150.171952340206,146.149483934315
150.171952340206,146.149483934315
158.239025181322,140.500858719679
166.306098022438,134.852233505042
173.566463579442,132.027920897724
175.179878147665,132.027920897724
175.179878147665,132.027920897724

Velocities: 14
2,-3
1,-9
0,-10
0,-12
0,0
0,0
0,0
0,3
0,0
0,10
0,10
-2,7
-1,1
0,0

InverseVelocities: 14
0,0
0,0
0,0
0,0
0,0
0,0
0,0
0,0
0,0
0,0
0,0
0,0
0,0
0,0
