GestureName: tap_up
Duration(ms): 564
Handedness: right

SpeakerAngles: 2
55
-55

InterpretedPoints: 12
0.806707284111599,3.95403765024536
1.6134145682232,5.64862521463624
1.6134145682232,6.77835025756348
0,6.77835025756348
1.6134145682232,2.25945008585449
0,1.12972504292725
0,0
0.806707284111599,-0.564862521463623
1.6134145682232,-2.25945008585449
0.806707284111599,-2.82431260731812
0,-1.12972504292725
0,0

StrokePoints: 13
177.6,130.333333333333
176.793292715888,126.379295683088
175.179878147665,120.730670468452
173.566463579442,113.952320210888
173.566463579442,107.173969953325
171.953049011219,104.91451986747
171.953049011219,103.784794824543
171.953049011219,103.784794824543
171.146341727107,104.349657346007
169.532927158884,106.609107431861
168.726219874772,109.433420039179
168.726219874772,110.563145082107
168.726219874772,110.563145082107

Velocities: 12
4,3
6,4
7,5
6,6
3,1
1,1
0,0
0,-1
-1,-3
-2,-3
-1,-1
0,0

InverseVelocities: 12
0,0
0,0
0,0
0,0
0,0
0,0
0,0
0,0
0,0
0,0
0,0
0,0
