GestureName: tap_down
Duration(ms): 752
Handedness: right

SpeakerAngles: 2
55
-55

InterpretedPoints: 16
0,-1.12972504292725
-1.6134145682232,-4.51890017170899
1.6134145682232,-6.77835025756348
0,-9.03780034341798
6.45365827289279,-4.51890017170899
0,0
0,0
-2.4201218523348,1.69458756439087
-1.6134145682232,1.12972504292725
0,7.90807530049073
6.45365827289279,4.51890017170899
5.64695098878119,3.95403765024536
2.4201218523348,2.82431260731812
2.4201218523348,2.82431260731812
0.806707284111599,0.564862521463623
0,0

StrokePoints: 17
177.6,130.333333333333
177.6,131.463058376261
179.213414568223,135.98195854797
177.6,142.760308805533
177.6,151.798109148951
171.146341727107,156.31700932066
171.146341727107,156.31700932066
171.146341727107,156.31700932066
173.566463579442,154.622421756269
175.179878147665,153.492696713342
175.179878147665,145.584621412851
168.726219874772,141.065721241142
163.079268885991,137.111683590897
160.659147033656,134.287370983579
158.239025181322,131.463058376261
157.43231789721,130.898195854797
157.43231789721,130.898195854797

Velocities: 16
-1,-1
-5,-3
-5,-7
-8,-8
0,-8
0,0
0,0
0,3
0,2
7,7
8,0
7,0
4,1
4,1
1,0
0,0

InverseVelocities: 16
0,0
0,0
0,0
0,0
0,0
0,0
0,0
0,0
0,0
0,0
0,0
0,0
0,0
0,0
0,0
0,0
