GestureName: tap_left
Duration(ms): 564
Handedness: right

SpeakerAngles: 2
55
-55

InterpretedPoints: 12
2.4201218523348,-0.564862521463623
8.06707284111599,-4.51890017170899
8.87378012522759,-6.21348773609986
8.06707284111599,-5.64862521463624
4.03353642055799,-2.82431260731812
0,0
-6.45365827289279,4.51890017170899
0,0
-13.7140238298972,3.95403765024537
-12.100609261674,1.69458756439087
-2.4201218523348,-1.69458756439087
0,0

StrokePoints: 13
177.6,130.333333333333
175.179878147665,130.898195854797
167.112805306549,135.417096026506
158.239025181322,141.630583762606
150.171952340206,147.279208977242
146.138415919648,150.10352158456
146.138415919648,150.10352158456
152.592074192541,145.584621412851
152.592074192541,145.584621412851
166.306098022438,141.630583762606
178.406707284112,139.935996198215
180.826829136446,141.630583762606
180.826829136446,141.630583762606

Velocities: 12
1,-2
1,-9
0,-11
0,-10
0,-5
0,0
0,8
0,0
-5,12
-6,9
-3,0
0,0

InverseVelocities: 12
0,0
0,0
0,0
0,0
0,0
0,0
0,0
0,0
0,0
0,0
0,0
0,0
