GestureName: tap_up
Duration(ms): 564
Handedness: right

SpeakerAngles: 2
55
-55

InterpretedPoints: 12
0,1.12972504292725
3.2268291364464,2.25945008585449
0.806707284111599,6.21348773609986
0,3.38917512878174
0.806707284111599,2.82431260731812
0.806707284111599,0.564862521463623
0.806707284111599,-0.564862521463623
-1.6134145682232,-1.12972504292725
-1.6134145682232,-1.12972504292725
-3.22682913644639,-4.51890017170899
-0.806707284111599,-0.564862521463623
0,0

StrokePoints: 13
177.6,130.333333333333
177.6,129.203608290406
174.373170863554,126.944158204552
173.566463579442,120.730670468452
173.566463579442,117.34149533967
172.75975629533,114.517182732352
171.953049011219,113.952320210888
171.146341727107,114.517182732352
172.75975629533,115.646907775279
174.373170863554,116.776632818206
177.6,121.295532989915
178.406707284112,121.860395511379
178.406707284112,121.860395511379

Velocities: 12
1,1
4,0
6,5
3,3
3,2
1,0
0,-1
-2,0
-2,0
-6,-2
-1,0
0,0

InverseVelocities: 12
0,0
0,0
0,0
0,0
0,0
0,0
0,0
0,0
0,0
0,0
0,0
0,0
