GestureName: tap_up
Duration(ms): 611
Handedness: right

SpeakerAngles: 2
55
-55

InterpretedPoints: 13
0.806707284111599,1.69458756439087
-0.806707284111599,5.08376269317261
0.806707284111599,6.21348773609986
0,3.38917512878174
0.806707284111599,1.69458756439087
0.806707284111599,0.564862521463623
0,0
0,0
-1.6134145682232,-2.25945008585449
0.806707284111599,-5.08376269317261
-2.4201218523348,-2.82431260731812
-1.6134145682232,-2.25945008585449
0,0

StrokePoints: 14
177.6,130.333333333333
176.793292715888,128.638745768942
177.6,123.55498307577
176.793292715888,117.34149533967
176.793292715888,113.952320210888
175.986585431777,112.257732646497
175.179878147665,111.692870125034
175.179878147665,111.692870125034
175.179878147665,111.692870125034
176.793292715888,113.952320210888
175.986585431777,119.036082904061
178.406707284112,121.860395511379
180.020121852335,124.119845597233
180.020121852335,124.119845597233

Velocities: 13
2,1
4,5
6,5
3,3
2,1
1,0
0,0
0,0
-3,-1
-4,-5
-4,-1
-3,-1
0,0

InverseVelocities: 13
0,0
0,0
0,0
0,0
0,0
0,0
0,0
0,0
0,0
0,0
0,0
0,0
0,0
