GestureName: tap_right
Duration(ms): 752
Handedness: right

SpeakerAngles: 2
55
-55

InterpretedPoints: 16
-0.806707284111599,-0.564862521463623
0,0
-5.64695098878119,-3.95403765024536
-6.45365827289279,-4.51890017170899
0,0
-2.4201218523348,-1.69458756439087
0,0
2.4201218523348,1.69458756439087
2.4201218523348,1.69458756439087
3.22682913644639,4.51890017170899
8.06707284111599,5.64862521463624
0,0
2.4201218523348,0.564862521463623
0.806707284111599,-0.564862521463623
0.806707284111599,-0.564862521463623
0,0

StrokePoints: 17
177.6,130.333333333333
178.406707284112,130.898195854797
178.406707284112,130.898195854797
184.053658272893,134.852233505042
190.507316545786,139.371133676751
190.507316545786,139.371133676751
192.92743839812,141.065721241142
192.92743839812,141.065721241142
190.507316545786,139.371133676751
188.087194693451,137.67654611236
184.860365557004,133.157645940651
176.793292715888,127.509020726015
176.793292715888,127.509020726015
174.373170863554,126.944158204552
173.566463579442,127.509020726015
172.75975629533,128.073883247479
172.75975629533,128.073883247479

Velocities: 16
-1,0
0,0
-7,0
-8,0
0,0
-3,0
0,0
3,0
3,0
6,2
10,0
0,0
2,-1
0,-1
0,-1
0,0

InverseVelocities: 16
0,0
0,0
0,0
0,0
0,0
0,0
0,0
0,0
0,0
0,0
0,0
0,0
0,0
0,0
0,0
0,0
