GestureName: tap_right
Duration(ms): 705
Handedness: right

SpeakerAngles: 2
55
-55

InterpretedPoints: 15
-1.6134145682232,-1.12972504292725
0,0
0,0
-3.2268291364464,-2.25945008585449
0.806707284111599,-0.564862521463623
0,0
0,0
0.806707284111599,1.69458756439087
-1.6134145682232,1.12972504292725
5.64695098878119,6.21348773609986
0,0
0,0
3.2268291364464,0
1.6134145682232,-1.12972504292725
0,0

StrokePoints: 16
177.6,130.333333333333
179.213414568223,131.463058376261
179.213414568223,131.463058376261
179.213414568223,131.463058376261
182.44024370467,133.722508462115
181.633536420558,134.287370983579
181.633536420558,134.287370983579
181.633536420558,134.287370983579
180.826829136446,132.592783419188
182.44024370467,131.463058376261
176.793292715888,125.249570640161
176.793292715888,125.249570640161
176.793292715888,125.249570640161
173.566463579442,125.249570640161
171.953049011219,126.379295683088
171.953049011219,126.379295683088

Velocities: 15
-2,0
0,0
0,0
-4,0
0,-1
0,0
0,0
2,1
0,2
9,2
0,0
0,0
2,-2
0,-2
0,0

InverseVelocities: 15
0,0
0,0
0,0
0,0
0,0
0,0
0,0
0,0
0,0
0,0
0,0
0,0
0,0
0,0
0,0
