GestureName: tap_left
Duration(ms): 799
Handedness: right

SpeakerAngles: 2
55
-55

InterpretedPoints: 17
0.806707284111599,-0.564862521463623
4.84024370466959,-2.25945008585449
5.64695098878119,-2.82431260731812
5.64695098878119,-3.95403765024536
5.64695098878119,-3.95403765024536
0,0
0,0
0,0
-9.68048740933918,6.77835025756348
-10.4871946934508,5.08376269317261
-5.64695098878119,1.69458756439087
-0.806707284111599,0.564862521463623
0,0
0,0
0,0
0.806707284111599,0.564862521463623
0,0

StrokePoints: 18
177.6,130.333333333333
176.793292715888,130.898195854797
171.953049011219,133.157645940651
166.306098022438,135.98195854797
160.659147033656,139.935996198215
155.012196044875,143.89003384846
155.012196044875,143.89003384846
155.012196044875,143.89003384846
155.012196044875,143.89003384846
164.692683454214,137.111683590897
175.179878147665,132.027920897724
180.826829136446,130.333333333333
181.633536420558,129.76847081187
181.633536420558,129.76847081187
181.633536420558,129.76847081187
181.633536420558,129.76847081187
180.826829136446,129.203608290406
180.826829136446,129.203608290406

Velocities: 17
0,-1
1,-5
1,-6
0,-7
0,-7
0,0
0,0
0,0
0,12
-2,11
-2,5
0,1
0,0
0,0
0,0
1,0
0,0

InverseVelocities: 17
0,0
0,0
0,0
0,0
0,0
0,0
0,0
0,0
0,0
0,-3
0,0
0,0
0,0
0,0
0,0
0,0
0,0
