GestureName: tap_right
Duration(ms): 658
Handedness: right

SpeakerAngles: 2
55
-55

InterpretedPoints: 14
-0.806707284111599,-0.564862521463623
-1.6134145682232,-1.12972504292725
0,0
0,0
-7.26036555700439,-5.08376269317261
-4.84024370466959,-3.38917512878174
0,0
0,0
0,0
9.68048740933918,6.77835025756348
0,0
0,0
3.2268291364464,2.25945008585449
0,0

StrokePoints: 15
177.6,130.333333333333
178.406707284112,130.898195854797
180.020121852335,132.027920897724
180.020121852335,132.027920897724
180.020121852335,132.027920897724
187.280487409339,137.111683590897
192.120731114009,140.500858719679
192.120731114009,140.500858719679
192.120731114009,140.500858719679
192.120731114009,140.500858719679
182.44024370467,133.722508462115
182.44024370467,133.722508462115
182.44024370467,133.722508462115
179.213414568223,131.463058376261
179.213414568223,131.463058376261

Velocities: 14
-1,0
-2,0
0,0
0,0
-9,0
-6,0
0,0
0,0
0,0
12,0
0,0
0,0
4,0
0,0

InverseVelocities: 14
0,0
0,0
0,0
0,0
0,0
0,0
0,0
0,0
0,0
0,0
0,0
0,0
0,0
0,0
