GestureName: tap_down
Duration(ms): 705
Handedness: right

SpeakerAngles: 2
55
-55

InterpretedPoints: 15
-0.806707284111599,-2.82431260731812
0,-6.77835025756348
0,-6.77835025756348
0.806707284111599,-7.34321277902711
2.4201218523348,-2.82431260731812
0,0
-2.4201218523348,1.69458756439087
-4.03353642055799,2.82431260731812
-4.03353642055799,2.82431260731812
2.4201218523348,6.21348773609986
2.4201218523348,5.08376269317261
8.06707284111599,6.77835025756348
1.6134145682232,2.25945008585449
0.806707284111599,1.69458756439087
0,0

StrokePoints: 16
177.6,130.333333333333
178.406707284112,133.157645940651
178.406707284112,139.935996198215
178.406707284112,146.714346455778
177.6,154.057559234806
175.179878147665,156.881871842124
175.179878147665,156.881871842124
177.6,155.187284277733
181.633536420558,152.362971670415
185.667072841116,149.538659063097
183.246950988781,143.325171326997
180.826829136446,138.241408633824
172.75975629533,131.463058376261
171.146341727107,129.203608290406
170.339634442996,127.509020726015
170.339634442996,127.509020726015

Velocities: 15
-3,-2
-6,-6
-6,-6
-6,-7
-1,-4
0,0
0,3
0,5
0,5
7,4
6,3
11,1
3,1
2,1
0,0

InverseVelocities: 15
0,0
0,0
0,0
0,0
0,0
0,0
0,0
0,0
0,0
0,0
0,0
0,0
0,0
0,0
0,0
