GestureName: tap_down
Duration(ms): 705
Handedness: right

SpeakerAngles: 2
55
-55

InterpretedPoints: 15
-0.806707284111599,-0.564862521463623
-1.6134145682232,-2.25945008585449
-2.4201218523348,-6.21348773609986
-1.6134145682232,-7.90807530049073
-5.64695098878119,-3.95403765024536
0,0
0,0
0,0
-5.64695098878119,3.95403765024536
2.4201218523348,8.47293782195435
2.4201218523348,7.34321277902711
2.4201218523348,5.08376269317261
0.806707284111599,2.82431260731812
0,1.12972504292725
0,0

StrokePoints: 16
177.6,130.333333333333
178.406707284112,130.898195854797
180.020121852335,133.157645940651
182.44024370467,139.371133676751
184.053658272893,147.279208977242
189.700609261674,151.233246627487
189.700609261674,151.233246627487
189.700609261674,151.233246627487
189.700609261674,151.233246627487
195.347560250455,147.279208977242
192.92743839812,138.806271155288
190.507316545786,131.463058376261
188.087194693451,126.379295683088
187.280487409339,123.55498307577
187.280487409339,122.425258032843
187.280487409339,122.425258032843

Velocities: 15
-1,0
-3,-1
-7,-4
-8,-6
-7,0
0,0
0,0
0,0
0,7
9,6
8,5
6,3
3,2
1,1
0,0

InverseVelocities: 15
0,0
0,0
0,0
0,0
0,0
0,0
0,0
0,0
0,0
0,0
0,0
0,0
0,0
0,0
0,0
