GestureName: tap_up
Duration(ms): 611
Handedness: right

SpeakerAngles: 2
55
-55

InterpretedPoints: 13
0.806707284111599,0.564862521463623
2.4201218523348,3.95403765024536
1.6134145682232,6.77835025756348
2.4201218523348,3.95403765024536
-4.03353642055799,7.34321277902711
0,1.12972504292725
0,0
0,0
4.84024370466959,-5.64862521463624
0,-2.25945008585449
2.4201218523348,-2.82431260731812
0,-2.25945008585449
0,0

StrokePoints: 14
177.6,130.333333333333
176.793292715888,129.76847081187
174.373170863554,125.814433161624
172.75975629533,119.036082904061
170.339634442996,115.082045253815
174.373170863554,107.738832474788
174.373170863554,106.609107431861
174.373170863554,106.609107431861
174.373170863554,106.609107431861
169.532927158884,112.257732646497
169.532927158884,114.517182732352
167.112805306549,117.34149533967
167.112805306549,119.600945425524
167.112805306549,119.600945425524

Velocities: 13
1,0
5,2
7,5
5,2
4,9
1,1
0,0
0,0
-2,-8
-2,-2
-1,-4
-2,-2
0,0

InverseVelocities: 13
0,0
0,0
0,0
0,0
0,0
0,0
0,0
0,0
0,0
0,0
0,0
0,0
0,0
