GestureName: tap_up
Duration(ms): 611
Handedness: right

SpeakerAngles: 2
55
-55

InterpretedPoints: 13
0.806707284111599,0.564862521463623
0,2.25945008585449
1.6134145682232,3.38917512878174
0,4.51890017170899
1.6134145682232,3.38917512878174
0.806707284111599,1.69458756439087
0,1.12972504292725
0,0
0,0
-0.806707284111599,-2.82431260731812
-1.6134145682232,-3.38917512878174
0,-2.25945008585449
0,0

StrokePoints: 14
177.6,130.333333333333
176.793292715888,129.76847081187
176.793292715888,127.509020726015
175.179878147665,124.119845597233
175.179878147665,119.600945425524
173.566463579442,116.211770296743
172.75975629533,114.517182732352
172.75975629533,113.387457689425
172.75975629533,113.387457689425
172.75975629533,113.387457689425
173.566463579442,116.211770296743
175.179878147665,119.600945425524
175.179878147665,121.860395511379
175.179878147665,121.860395511379

Velocities: 13
1,0
2,2
4,2
4,4
4,2
2,1
1,1
0,0
0,0
-3,-2
-4,-2
-2,-2
0,0

InverseVelocities: 13
0,0
0,0
0,0
0,0
0,0
0,0
0,0
0,0
0,0
0,0
0,0
0,0
0,0
