GestureName: tap_down
Duration(ms): 752
Handedness: right

SpeakerAngles: 2
55
-55

InterpretedPoints: 16
0.806707284111599,-0.564862521463623
-0.806707284111599,-2.82431260731812
-0.806707284111599,-5.08376269317261
-2.4201218523348,-6.21348773609986
2.4201218523348,-8.47293782195435
0,-6.77835025756348
0,0
0,0
-2.4201218523348,1.69458756439087
0,7.90807530049073
0,9.03780034341798
2.4201218523348,7.34321277902711
0.806707284111599,6.21348773609986
0.806707284111599,3.95403765024536
1.6134145682232,2.25945008585449
0,0

StrokePoints: 17
177.6,130.333333333333
176.793292715888,130.898195854797
177.6,133.722508462115
178.406707284112,138.806271155288
180.826829136446,145.019758891388
178.406707284112,153.492696713342
178.406707284112,160.271046970905
178.406707284112,160.271046970905
178.406707284112,160.271046970905
180.826829136446,158.576459406515
180.826829136446,150.668384106024
180.826829136446,141.630583762606
178.406707284112,134.287370983579
177.6,128.073883247479
176.793292715888,124.119845597233
175.179878147665,121.860395511379
175.179878147665,121.860395511379

Velocities: 16
0,-1
-3,-2
-5,-4
-7,-4
-6,-9
-6,-6
0,0
0,0
0,3
7,7
8,8
8,5
6,5
4,3
3,1
0,0

InverseVelocities: 16
0,0
0,0
0,0
0,0
0,0
0,0
0,0
0,0
0,0
0,0
0,0
0,0
0,0
0,0
0,0
0,0
