GestureName: swipe_up
Duration(ms): 705
Handedness: right

SpeakerAngles: 6
55
-55
0
0
110
-110

SpeakerElevations: 6
-10
-10
-10
0
30
30

InterpretedPoints: 15
-9.68048740933918,6.77835025756348,-2.08377813200316
0,0,0
0,0,0
0,0,0
-0.813797681349374,-0.503817089382089,-2.32635182233307
-1.62759536269875,-6.11893061592521,-2.2635182233307
-4.03353642055799,-5.99321778419247,-4.70068462432832
0.00709039723777494,-3.43756956561195,-5.89527733499604
4.07607880398464,-21.3343510308149,-2.65879555832674
4.07607880398464,-21.3343510308149,-2.65879555832674
-3.24810032815972,-4.73249707246974,-0.589870045663766
-2.44139304404812,-4.48538848361588,-0.284462756331487
-0.813797681349374,-1.96325195312847,0.194592710667721
0,-1.12972504292725,0.347296355333861
0,0,0

StrokePoints: 16
0,0,0
-9.68048740933918,6.77835025756348,-2.08377813200316
-9.68048740933918,6.77835025756348,-2.08377813200316
-9.68048740933918,6.77835025756348,-2.08377813200316
-9.68048740933918,6.77835025756348,-2.08377813200316
-10.4942850906886,6.27453316818139,-4.41012995433623
-12.1218804533873,0.155602552256181,-6.67364817766693
-16.1554168739453,-5.83761523193628,-11.3743328019953
-16.1483264767075,-9.27518479754823,-17.2696101369913
-12.0722476727229,-30.6095358283632,-19.928405695318
-7.99616886873823,-51.9438868591781,-22.5872012536448
-11.244269196898,-56.6763839316478,-23.1770712993085
-13.6856622409461,-61.1617724152637,-23.46153405564
-14.4994599222954,-63.1250243683922,-23.2669413449723
-14.4994599222954,-64.2547494113194,-22.9196449896384
-14.4994599222954,-64.2547494113194,-22.9196449896384

Velocities: 15
0,12,0
0,0,0
0,0,0
0,0,0
0,0,-1
-4,-4,-2
-12,-7,0
-8,-7,0
-9,-8,-8
-9,-8,-8
-6,-5,0
-3,-3,-1
-2,-2,0
-1,-1,0
0,0,0

InverseVelocities: 15
0,0,0
0,0,0
0,0,0
0,0,0
0,0,0
0,0,0
0,0,0
0,0,0
0,0,0
0,0,0
0,0,0
0,0,0
0,0,0
0,0,0
0,0,0
