GestureName: swipe_back
Duration(ms): 423
Handedness: right

SpeakerAngles: 6
55
-55
0
0
110
-110

SpeakerElevations: 6
-10
-10
-10
0
30
30

InterpretedPoints: 9
-1.6134145682232,-0.537328777475199,-0.652703644666139
-4.03353642055799,-13.4501875067429,-1.70068462432832
0.806707284111599,-17.6824894574003,-2.52703644666139
-0.827978475824924,-18.4884826236131,-3.5060919136606
-0.820888078587149,-18.1647507468986,-4.83244373599367
4.06898840674687,-4.11256706302927,-2.41622186799684
-4.06189800950909,-3.89897016226852,-0.437166400997627
-0.806707284111599,-1.69458756439087,0.520944533000791
0,0,0

StrokePoints: 10
0,0,0
-1.6134145682232,-0.537328777475199,-0.652703644666139
-5.64695098878119,-13.9875162842181,-2.35338826899446
-4.84024370466959,-31.6700057416184,-4.88042471565585
-5.66822218049452,-50.1584883652315,-8.38651662931646
-6.48911025908167,-68.3232391121301,-13.2189603653101
-2.4201218523348,-72.4358061751594,-15.635182233307
-6.48201986184389,-76.3347763374279,-16.0723486343046
-7.28872714595549,-78.0293639018188,-15.5514041013038
-7.28872714595549,-78.0293639018188,-15.5514041013038

Velocities: 9
-2,0,0
-10,-5,-4
-6,-7,-7
-7,-9,-7
-8,-9,-7
-6,-6,0
-5,-4,0
-2,-1,0
0,0,0

InverseVelocities: 9
0,0,0
0,0,0
0,0,0
0,0,0
0,0,0
0,0,0
0,0,0
0,0,0
0,0,0
