GestureName: swipe_down
Duration(ms): 423
Handedness: right

SpeakerAngles: 6
55
-55
0
0
110
-110

SpeakerElevations: 6
-10
-10
-10
0
30
30

InterpretedPoints: 9
0.00709039723777483,4.25023578297139,-1.71553724366851
1.63468575993652,20.9957364053634,-4.62566719800475
7.33835992661991,7.61187716776471,-1.93107448733702
0.0212711917133239,11.7311172819406,-8.10472266500395
1.63468575993652,7.80461337568367,-7.71553724366851
4.88987648533402,3.76797449347304,-4.02094453300079
0,0,0
1.62759536269875,0.592396265452048,-1
0,0,0

StrokePoints: 10
0,0,0
0.00709039723777483,4.25023578297139,-1.71553724366851
1.6417761571743,25.2459721883348,-6.34120444167326
8.98013608379421,32.8578493560995,-8.27227892901028
9.00140727550754,44.5889666380401,-16.3770015940142
10.6360930354441,52.3935800137238,-24.0925388376827
15.5259695207781,56.1615545071968,-28.1134833706835
15.5259695207781,56.1615545071968,-28.1134833706835
17.1535648834768,56.7539507726488,-29.1134833706835
17.1535648834768,56.7539507726488,-29.1134833706835

Velocities: 9
3,4,0
5,6,7
6,8,0
6,9,0
3,4,0
1,2,0
0,0,0
0,0,0
0,0,0

InverseVelocities: 9
0,0,0
0,0,0
0,0,0
0,0,0
0,0,0
0,0,0
0,0,0
0,0,0
0,0,0
