GestureName: swipe_front
Duration(ms): 517
Handedness: right

SpeakerAngles: 6
55
-55
0
0
110
-110

SpeakerElevations: 6
-10
-10
-10
0
30
30

InterpretedPoints: 11
-2.4201218523348,0.509795033486775,1.47905546699921
1.6134145682232,3.33410764080489,0.610814578664557
0.00709039723777516,3.60277202954249,0.937166400997627
3.2268291364464,0.909455091019853,6.2635182233307
0.806707284111599,2.06671387793553,5.08987004566377
0.00709039723777494,11.1572257327953,4.06892551266297
-0.806707284111599,8.93128733503396,3.08987004566377
-3.23391953368417,4.77560867223722,0.631759111665348
-3.23391953368417,3.38319718467706,-0.194592710667721
-0.806707284111599,0.564862521463623,-0.17364817766693
0,0,0

StrokePoints: 12
0,0,0
-2.4201218523348,0.509795033486775,1.47905546699921
-0.806707284111599,3.84390267429167,2.08987004566377
-0.799616886873824,7.44667470383416,3.02703644666139
2.42721224957257,8.35612979485401,9.29055466999209
3.23391953368417,10.4228436727895,14.3804247156559
3.24100993092194,21.5800694055849,18.4493502283188
2.43430264681035,30.5113567406188,21.5392202739826
-0.799616886873824,35.286965412856,22.1709793856479
-4.03353642055799,38.6701625975331,21.9763866749802
-4.84024370466959,39.2350251189967,21.8027384973133
-4.84024370466959,39.2350251189967,21.8027384973133

Velocities: 11
0,3,0
5,3,0
4,5,0
7,3,0
6,5,0
4,5,5
3,4,4
0,3,2
0,3,1
0,1,0
0,0,0

InverseVelocities: 11
0,0,0
0,0,0
0,0,0
0,0,0
0,0,0
0,0,0
0,0,0
0,0,0
0,0,0
0,0,0
0,0,0
