GestureName: swipe_front
Duration(ms): 517
Handedness: right

SpeakerAngles: 6
55
-55
0
0
110
-110

SpeakerElevations: 6
-10
-10
-10
0
30
30

InterpretedPoints: 11
-3.24100993092194,0.537328777475199,0.652703644666139
-0.806707284111599,2.76924511934127,0.784462756331487
3.24810032815972,14.3268260167116,1.89527733499604
2.42721224957257,5.35242708191021,-1.2364817766693
0.813797681349374,7.01948090231266,-0.931074487337025
1.62759536269875,17.1176269359367,2.70068462432832
0.0141807944755503,14.5954904054492,2.22162915732911
0.00709039723777516,7.29774520272462,1.11081457866456
-3.2268291364464,3.05946530796261,1.13175911166535
-2.4201218523348,1.10219129893882,0.479055466999209
0,0,0

StrokePoints: 12
0,0,0
-3.24100993092194,0.537328777475199,0.652703644666139
-4.04771721503354,3.30657389681647,1.43716640099763
-0.799616886873824,17.6333999135281,3.33244373599367
1.62759536269875,22.9858269954383,2.09596195932437
2.44139304404812,30.005307897751,1.16488747198734
4.06898840674687,47.1229348336876,3.86557209631567
4.08316920122242,61.7184252391369,6.08720125364478
4.09025959846019,69.0161704418615,7.19801583230934
0.863430462013798,72.0756357498241,8.32977494397468
-1.556691390321,73.1778270487629,8.80883041097389
-1.556691390321,73.1778270487629,8.80883041097389

Velocities: 11
0,2,0
3,4,0
5,4,6
6,4,0
7,7,0
6,6,7
4,6,6
2,3,3
0,4,1
0,3,0
0,0,0

InverseVelocities: 11
0,0,0
0,0,0
0,0,0
0,0,0
0,0,0
0,0,0
0,0,0
0,0,0
0,0,0
0,0,0
0,0,0
