GestureName: swipe_back
Duration(ms): 517
Handedness: right

SpeakerAngles: 6
55
-55
0
0
110
-110

SpeakerElevations: 6
-10
-10
-10
0
30
30

InterpretedPoints: 11
0.806707284111599,-1.69458756439087,0.520944533000791
0.792526489636049,-4.21672409487828,0.0418890660015822
3.21973873920862,-10.0945240660543,-1.06892551266297
0.00709039723777583,-12.3420182636994,-2.06892551266297
-5.69658376944562,-14.0916733160672,0.104722665003955
-1.6134145682232,-14.0030941399972,-3.22162915732911
-0.820888078587148,-15.6976817043881,-2.70068462432832
2.42721224957257,-4.11256706302927,-2.41622186799684
-0.813797681349374,-3.03790950807887,-1.11081457866456
-0.813797681349374,-1.96325195312847,0.194592710667721
0,0,0

StrokePoints: 12
0,0,0
0.806707284111599,-1.69458756439087,0.520944533000791
1.59923377374765,-5.91131165926915,0.562833599002373
4.81897251295627,-16.0058357253235,-0.506091913660602
4.82606291019404,-28.3478539890229,-2.57501742632358
-0.870520859251573,-42.4395273050901,-2.47029476131962
-2.48393542747477,-56.4426214450873,-5.69192391864873
-3.30482350606192,-72.1403031494753,-8.39260854297706
-0.877611256489347,-76.2528702125046,-10.8088304109739
-1.69140893783872,-79.2907797205834,-11.9196449896385
-2.50520661918809,-81.2540316737119,-11.7250522789707
-2.50520661918809,-81.2540316737119,-11.7250522789707

Velocities: 11
-1,-2,0
-1,-4,-1
-3,-8,-3
-5,-4,-5
-5,-5,-5
-6,-4,-6
-6,-7,-6
-5,-7,0
-4,-4,0
-2,-2,0
0,0,0

InverseVelocities: 11
0,0,0
0,0,0
0,0,0
0,0,0
0,0,0
0,0,0
0,0,0
0,0,0
0,0,0
0,0,0
0,0,0
