GestureName: swipe_back
Duration(ms): 470
Handedness: right

SpeakerAngles: 6
55
-55
0
0
110
-110

SpeakerElevations: 6
-10
-10
-10
0
30
30

InterpretedPoints: 10
-0.00709039723777505,-0.2686643887376,-0.32635182233307
-2.43430264681035,-2.49460278649898,-1.30540728933228
-0.813797681349374,-10.3847442546757,-1.41622186799684
2.43430264681035,-15.1603529269129,-2.04798097966218
-1.62050496546097,-14.2717585287348,-3.54798097966218
0.806707284111599,-14.5679566614608,-3.04798097966218
0.00709039723777494,-14.8641547941868,-2.54798097966218
-2.44139304404812,-2.50058073060367,-0.458110933998418
-0.806707284111599,-1.69458756439087,0.520944533000791
0,0,0

StrokePoints: 11
0,0,0
-0.00709039723777505,-0.2686643887376,-0.32635182233307
-2.44139304404812,-2.76326717523658,-1.63175911166535
-3.25519072539749,-13.1480114299122,-3.04798097966218
-0.820888078587149,-28.3083643568251,-5.09596195932437
-2.44139304404812,-42.5801228855599,-8.64394293898655
-1.63468575993652,-57.1480795470207,-11.6919239186487
-1.62759536269875,-72.0122343412076,-14.2399048983109
-4.06898840674687,-74.5128150718112,-14.6980158323093
-4.87569569085847,-76.2074026362021,-14.1770712993085
-4.87569569085847,-76.2074026362021,-14.1770712993085

Velocities: 10
0,-1,0
-2,-1,-1
-4,-4,-4
-5,-6,-6
-6,-5,-6
-5,-6,-6
-6,-5,-6
-3,-3,0
-2,-1,0
0,0,0

InverseVelocities: 10
0,0,0
0,0,0
0,0,0
0,0,0
0,0,0
0,0,0
0,0,0
0,0,0
0,0,0
0,0,0
