GestureName: swipe_back
Duration(ms): 517
Handedness: right

SpeakerAngles: 6
55
-55
0
0
110
-110

SpeakerElevations: 6
-10
-10
-10
0
30
30

InterpretedPoints: 11
0.806707284111599,-0.564862521463623,0.17364817766693
0.806707284111599,-5.07180680496324,-0.131759111665348
-0.00709039723777538,-6.38759500466281,-2.58987004566377
0,-14.0030941399972,-3.22162915732911
0,-15.6701479603996,-3.52703644666139
-4.07607880398464,-19.9970070312316,-0.179740091327532
-1.62050496546097,-17.8261361214471,2.45201902033782
0,-13.850542671318,1.25742630967009
-2.44139304404812,-8.45500398964029,0.0628335990023732
-0.806707284111599,-0.564862521463623,0.17364817766693
0,0,0

StrokePoints: 12
0,0,0
0.806707284111599,-0.564862521463623,0.17364817766693
1.6134145682232,-5.63666932642686,0.0418890660015822
1.60632417098542,-12.0242643310897,-2.54798097966218
1.60632417098542,-26.0273584710869,-5.7696101369913
1.60632417098542,-41.6975064314865,-9.29664658365269
-2.46975463299922,-61.6945134627181,-9.47638667498022
-4.09025959846019,-79.5206495841652,-7.02436765464241
-4.09025959846019,-93.3711922554832,-5.76694134497231
-6.53165264250831,-101.826196245123,-5.70410774596994
-7.33835992661991,-102.391058766587,-5.53045956830301
-7.33835992661991,-102.391058766587,-5.53045956830301

Velocities: 11
0,-1,0
-1,-2,-2
-4,-5,-2
-5,-5,-6
-7,-7,-6
-7,-8,-7
-6,-5,-6
-4,-4,-5
-3,-3,-3
-1,0,0
0,0,0

InverseVelocities: 11
0,0,0
0,0,0
0,0,0
0,0,0
0,0,0
0,0,0
0,0,0
0,0,0
0,0,0
0,0,0
0,0,0
