GestureName: swipe_right
Duration(ms): 658
Handedness: right

SpeakerAngles: 6
55
-55
0
0
110
-110

SpeakerElevations: 6
-10
-10
-10
0
30
30

InterpretedPoints: 14
-0.806707284111599,0.564862521463623,-0.17364817766693
-3.24100993092194,2.52213653048741,0.479055466999209
-3.2268291364464,5.04427306097481,0.958110933998418
-10.5580986658285,5.60913558243844,0.784462756331487
-12.95694932645,2.25347214174981,0.152703644666139
-17.0259377331969,0.564862521463623,-0.173648177666931
-10.5651890630663,-5.35242708191021,1.2364817766693
-8.93759370036756,-5.35242708191021,1.2364817766693
-5.66113178325674,-2.23191634186607,-0.131759111665348
-5.66822218049452,-3.35566344068863,-0.631759111665348
-3.23391953368417,-3.38319718467706,0.194592710667721
-2.43430264681035,-0.564862521463623,0.17364817766693
-0.806707284111599,-0.564862521463623,0.17364817766693
0,0,0

StrokePoints: 15
0,0,0
-0.806707284111599,0.564862521463623,-0.17364817766693
-4.04771721503354,3.08699905195103,0.305407289332279
-7.27454635147994,8.13127211292585,1.2635182233307
-17.8326450173085,13.7404076953643,2.04798097966218
-30.7895943437585,15.9938798371141,2.20068462432832
-47.8155320769554,16.5587423585777,2.02703644666139
-58.3807211400217,11.2063152766675,3.2635182233307
-67.3183148403892,5.85388819475729,4.5
-72.979446623646,3.62197185289122,4.36824088833465
-78.6476688041405,0.266308412202592,3.7364817766693
-81.8815883378246,-3.11688877247446,3.93107448733702
-84.315890984635,-3.68175129393809,4.10472266500395
-85.1225982687466,-4.24661381540171,4.27837084267088
-85.1225982687466,-4.24661381540171,4.27837084267088

Velocities: 14
0,1,0
0,2,1
0,4,2
1,4,2
-4,5,1
-4,5,0
-6,-4,0
-6,-4,0
-5,0,0
-4,0,-1
-3,0,-1
-1,0,0
-1,0,0
0,0,0

InverseVelocities: 14
0,0,0
0,0,0
0,0,0
-1,0,0
0,-3,0
0,-4,0
0,0,0
0,0,0
0,0,0
0,0,0
0,0,0
0,0,0
0,0,0
0,0,0
