GestureName: swipe_back
Duration(ms): 517
Handedness: right

SpeakerAngles: 6
55
-55
0
0
110
-110

SpeakerElevations: 6
-10
-10
-10
0
30
30

InterpretedPoints: 11
0.806707284111599,-0.564862521463623,0.17364817766693
1.62759536269875,-1.12972504292725,0.347296355333861
-2.43430264681035,-7.0015470699986,-1.61081457866456
-1.62759536269875,-7.51134210348537,-3.08987004566377
-0.799616886873824,-9.99996694587967,-5.24257369032991
-1.62050496546097,-11.7496219982474,-3.06892551266297
-1.62759536269875,-11.2182711648769,-1.56892551266297
0.799616886873823,-8.93726527913864,-2.2425736903299
0.806707284111599,-6.14646435991364,-1.43716640099763
-0.806707284111599,-0.564862521463623,0.17364817766693
0,0,0

StrokePoints: 12
0,0,0
0.806707284111599,-0.564862521463623,0.17364817766693
2.43430264681035,-1.69458756439087,0.520944533000791
8.88178419700125E-16,-8.69613463438947,-1.08987004566377
-1.62759536269875,-16.2074767378748,-4.17974009132753
-2.42721224957257,-26.2074436837545,-9.42231378165744
-4.04771721503354,-37.9570656820019,-12.4912392943204
-5.67531257773229,-49.1753368468788,-14.0601648069834
-4.87569569085847,-58.1126021260174,-16.3027384973133
-4.06898840674687,-64.2590664859311,-17.7399048983109
-4.87569569085847,-64.8239290073947,-17.566256720644
-4.87569569085847,-64.8239290073947,-17.566256720644

Velocities: 11
0,-1,0
-1,-1,0
-3,-2,-3
-4,-4,-3
-5,-3,-5
-5,-4,-5
-5,-5,-4
-4,-6,-3
-3,-4,-2
-1,0,0
0,0,0

InverseVelocities: 11
0,0,0
0,0,0
0,0,0
0,0,0
0,0,0
0,0,0
0,0,0
0,0,0
0,0,0
0,0,0
0,0,0
