GestureName: swipe_right
Duration(ms): 705
Handedness: right

SpeakerAngles: 6
55
-55
0
0
110
-110

SpeakerElevations: 6
-10
-10
-10
0
30
30

InterpretedPoints: 15
-0.806707284111599,0.564862521463623,-0.17364817766693
-2.42721224957257,0.833526910201223,0.152703644666139
-4.04062681779577,3.94805970614068,-0.368240888334652
-4.84733410190737,5.31293744971241,1.28446275633149
-3.22682913644639,7.24865565885246,1.91622186799684
-6.48201986184389,3.59679408543781,1.78446275633149
-16.2121400518475,-6.22308764777422,0.194592710667721
-12.1573324395762,-1.10219129893882,-0.479055466999209
-12.9782205181633,-5.37398288179395,1.21553724366851
-7.28872714595549,-3.62432782942623,-0.958110933998418
-8.10961522454264,-1.66705382040245,-0.305407289332278
-5.67531257773229,-1.10219129893882,-0.479055466999209
-4.05480761227132,-0.833526910201223,-0.152703644666139
-1.62050496546097,-0.861060654189647,0.67364817766693
0,0,0

StrokePoints: 16
0,0,0
-0.806707284111599,0.564862521463623,-0.17364817766693
-3.23391953368417,1.39838943166485,-0.020944533000791
-7.27454635147994,5.34644913780552,-0.389185421335443
-12.1218804533873,10.6593865875179,0.895277334996044
-15.3487095898337,17.9080422463704,2.81149920299288
-21.8307294516776,21.5048363318082,4.59596195932437
-38.0428695035251,15.281748684034,4.79055466999209
-50.2002019431013,14.1795573850952,4.31149920299288
-63.1784224612646,8.80557450330121,5.52703644666139
-70.4671496072201,5.18124667387498,4.56892551266297
-78.5767648317627,3.51419285347253,4.26351822333069
-84.252077409495,2.41200155453371,3.78446275633149
-88.3068850217663,1.57847464433249,3.63175911166535
-89.9273899872273,0.717413990142841,4.30540728933228
-89.9273899872273,0.717413990142841,4.30540728933228

Velocities: 15
0,1,0
0,2,0
0,4,1
0,5,2
3,7,2
1,5,1
-5,4,-3
-5,2,0
-6,0,-1
-5,0,-1
-4,0,0
-3,0,0
-2,0,0
-1,0,0
0,0,0

InverseVelocities: 15
0,0,0
0,0,0
0,0,0
0,0,0
-1,0,0
-4,-3,-2
0,-5,0
0,0,0
0,0,0
0,0,0
0,0,0
0,0,0
0,0,0
0,0,0
0,0,0
