GestureName: swipe_front
Duration(ms): 564
Handedness: right

SpeakerAngles: 6
55
-55
0
0
110
-110

SpeakerElevations: 6
-10
-10
-10
0
30
30

InterpretedPoints: 12
-0.806707284111599,4.53447802748804,-0.520944533000791
0.00709039723777527,1.93571820914005,0.631759111665348
0,3.33410764080489,0.610814578664557
1.62050496546097,2.47304698661525,1.28446275633149
0.806707284111599,2.65911014338757,4.08987004566377
2.4484834412859,21.4444860067686,-0.646611731005537
4.08316920122242,3.57523828555407,1.7635182233307
1.62050496546097,10.6198969553201,3.41622186799684
0,5.30695950560773,2.13175911166535
-0.813797681349374,-0.296198132726024,0.5
0.806707284111599,0.564862521463623,-0.17364817766693
0,0,0

StrokePoints: 13
0,0,0
-0.806707284111599,4.53447802748804,-0.520944533000791
-0.799616886873823,6.47019623662809,0.110814578664557
-0.799616886873823,9.80430387743298,0.721629157329114
0.820888078587149,12.2773508640482,2.0060919136606
1.62759536269875,14.9364610074358,6.09596195932437
4.07607880398464,36.3809470142044,5.44935022831883
8.15924800520706,39.9561852997585,7.21286845164953
9.77975297066804,50.5760822550786,10.6290903196464
9.77975297066804,55.8830417606864,12.7608494313117
8.96595528931866,55.5868436279603,13.2608494313117
9.77266257343026,56.151706149424,13.0872012536448
9.77266257343026,56.151706149424,13.0872012536448

Velocities: 12
0,1,2
2,3,0
4,4,0
4,3,0
6,5,0
6,7,8
4,6,0
4,3,5
1,1,3
0,0,0
1,0,0
0,0,0

InverseVelocities: 12
0,0,0
0,0,0
0,0,0
0,0,0
0,0,0
0,0,0
0,0,0
0,0,0
0,0,0
0,0,0
0,0,0
0,0,0
