GestureName: swipe_down
Duration(ms): 564
Handedness: right

SpeakerAngles: 6
55
-55
0
0
110
-110

SpeakerElevations: 6
-10
-10
-10
0
30
30

InterpretedPoints: 12
-1.6134145682232,1.12972504292725,-0.347296355333861
0.820888078587149,2.23191634186607,0.131759111665348
1.63468575993652,3.01037576409044,1.93716640099763
0.8350688730627,6.80588400155191,-2.91012995433623
3.26937151987305,6.83341774554033,-3.7364817766693
5.71785496115894,6.80588400155191,-2.91012995433623
4.90405727980957,5.97235709135068,-3.06283359900237
1.64886655441207,5.43502831387548,-3.71553724366851
-0.799616886873824,4.92523328038871,-5.19459271066772
-5.68949337220784,0.564862521463623,-0.17364817766693
0,0.592396265452048,-1
0,0,0

StrokePoints: 13
0,0,0
-1.6134145682232,1.12972504292725,-0.347296355333861
-0.792526489636048,3.36164138479332,-0.215537243668513
0.842159270300475,6.37201714888376,1.72162915732911
1.67722814336317,13.1779011504357,-1.18850079700712
4.94659966323622,20.011318895976,-4.92498257367642
10.6644546243952,26.8172028975279,-7.83511252801266
15.5685119042047,32.7895599888786,-10.897946127015
17.2173784586168,38.2245883027541,-14.6134833706835
16.417761571743,43.1498215831428,-19.8080760813513
10.7282681995351,43.7146841046064,-19.9817242590182
10.7282681995351,44.3070803700585,-20.9817242590182
10.7282681995351,44.3070803700585,-20.9817242590182

Velocities: 12
0,2,0
2,3,0
4,5,0
4,7,0
4,6,0
4,7,0
3,6,0
2,5,0
1,3,0
0,1,0
0,0,0
0,0,0

InverseVelocities: 12
0,0,0
0,0,0
0,0,0
0,0,0
0,0,0
0,0,0
0,0,0
0,0,0
0,0,0
0,0,0
0,0,0
0,0,0
