GestureName: swipe_down
Duration(ms): 658
Handedness: right

SpeakerAngles: 6
55
-55
0
0
110
-110

SpeakerElevations: 6
-10
-10
-10
0
30
30

InterpretedPoints: 14
-0.806707284111599,0.564862521463623,-0.17364817766693
0,0,0
0,0,0
-0.799616886873824,4.80314241622564,-0.194592710667721
-3.24100993092194,9.01388856699923,0.610814578664557
0.0141807944755508,13.2030789178891,1.39527733499604
3.27646191711082,5.32489333792179,-0.410129954336234
3.26937151987305,7.96314278846758,-4.08377813200316
5.69658376944562,8.2593409211936,-4.58377813200316
5.68240297497007,5.99989083533911,-3.88918542133544
1.6134145682232,1.12972504292725,-0.347296355333861
-5.69658376944562,-0.296198132726024,0.5
0.00709039723777505,0.861060654189647,-0.67364817766693
0,0,0

StrokePoints: 15
0,0,0
-0.806707284111599,0.564862521463623,-0.17364817766693
-0.806707284111599,0.564862521463623,-0.17364817766693
-0.806707284111599,0.564862521463623,-0.17364817766693
-1.60632417098542,5.36800493768926,-0.368240888334652
-4.84733410190737,14.3818935046885,0.242573690329905
-4.83315330743182,27.5849724225776,1.63785102532595
-1.556691390321,32.9098657604994,1.22772107098972
1.71268012955205,40.8730085489669,-2.85605706101345
7.40926389899767,49.1323494701605,-7.43983519301661
13.0916668739677,55.1322403054997,-11.3290206143521
14.7050814421909,56.2619653484269,-11.6763169696859
9.00849767274531,55.9657672157009,-11.1763169696859
9.01558806998309,56.8268278698905,-11.8499651473528
9.01558806998309,56.8268278698905,-11.8499651473528

Velocities: 14
0,1,0
0,0,0
0,0,0
0,2,2
1,3,4
4,6,5
4,7,0
5,7,0
6,6,0
5,3,0
2,0,0
0,0,0
0,1,0
0,0,0

InverseVelocities: 14
0,0,0
0,0,0
0,0,0
0,0,0
0,0,0
0,0,0
0,0,0
0,0,0
0,0,0
0,0,0
0,0,0
0,0,0
0,0,0
0,0,0
