GestureName: swipe_right
Duration(ms): 658
Handedness: right

SpeakerAngles: 6
55
-55
0
0
110
-110

SpeakerElevations: 6
-10
-10
-10
0
30
30

InterpretedPoints: 14
-0.806707284111599,0.564862521463623,-0.17364817766693
-6.46074867013056,5.64264727053155,-0.889185421335443
-4.86151489638292,4.77560867223722,0.631759111665348
-6.48201986184389,5.58160183845001,1.61081457866456
-6.47492946460611,4.45785473962745,1.11081457866456
-10.5013754879263,0.180085212667641,3.65270364466614
-16.2121400518475,-0.268664388737599,-0.326351822333069
-14.5916350863865,-2.79677886332969,0.0418890660015823
-10.5297370768774,-2.17684885388922,-1.78446275633149
-8.09543443006709,-1.6119863324256,-1.95811093399842
-8.10961522454264,-1.66705382040245,-0.305407289332278
-4.04771721503354,-1.10219129893882,-0.479055466999209
-0.806707284111599,-0.564862521463623,0.17364817766693
0,0,0

StrokePoints: 15
0,0,0
-0.806707284111599,0.564862521463623,-0.17364817766693
-7.26745595424216,6.20750979199517,-1.06283359900237
-12.1289708506251,10.9831184642324,-0.431074487337025
-18.610990712469,16.5647203026824,1.17974009132753
-25.0859201770751,21.0225750423099,2.29055466999209
-35.5872956650014,21.2026602549775,5.94325831465823
-51.7994357168489,20.9339958662399,5.61690649232516
-66.3910708032355,18.1372170029102,5.65879555832674
-76.9208078801129,15.960368149021,3.87433280199525
-85.01624231018,14.3483818165954,1.91622186799684
-93.1258575347226,12.6813279961929,1.61081457866456
-97.1735747497562,11.5791366972541,1.13175911166535
-97.9802820338678,11.0142741757905,1.30540728933228
-97.9802820338678,11.0142741757905,1.30540728933228

Velocities: 14
0,1,0
0,7,1
0,3,2
1,5,2
1,6,1
-5,6,1
-5,4,0
-7,1,0
-7,0,0
-6,0,0
-4,0,0
-3,0,0
-1,0,0
0,0,0

InverseVelocities: 14
0,0,0
0,0,0
0,0,0
0,0,0
-2,-2,0
0,-3,0
0,-3,0
0,0,0
0,0,0
0,0,0
0,0,0
0,0,0
0,0,0
0,0,0
