GestureName: swipe_up
Duration(ms): 470
Handedness: right

SpeakerAngles: 6
55
-55
0
0
110
-110

SpeakerElevations: 6
-10
-10
-10
0
30
30

InterpretedPoints: 10
-3.2551907253975,-1.1847925309041,2
0,-3.38917512878174,1.04188906600158
-0.813797681349373,-10.6289259830018,8.58377813200316
0.799616886873824,-10.6289259830018,8.58377813200316
-1.62050496546097,-14.3083213004049,9.27837084267088
-4.88987648533402,-18.3083974109454,0.146611731005537
-3.26937151987305,-14.9252002262684,-0.0479809796621837
0.806707284111599,-5.93884540325757,1.38918542133544
-1.62050496546097,-1.39838943166485,0.0209445330007911
0,0,0

StrokePoints: 11
0,0,0
-3.2551907253975,-1.1847925309041,2
-3.2551907253975,-4.57396765968584,3.04188906600158
-4.06898840674687,-15.2028936426876,11.6256671980047
-3.26937151987304,-25.8318196256894,20.2094453300079
-4.88987648533402,-40.1401409260943,29.4878161726788
-9.77975297066804,-58.4485383370397,29.6344279036843
-13.0491244905411,-73.3737385633081,29.5864469240221
-12.2424172064295,-79.3125839665657,30.9756323453576
-13.8629221718905,-80.7109733982305,30.9965768783584
-13.8629221718905,-80.7109733982305,30.9965768783584

Velocities: 10
0,0,0
-3,-3,0
-6,-6,0
-5,-7,0
-8,-7,-1
-7,-8,-6
-5,-7,-5
-3,-4,-1
-2,-1,0
0,0,0

InverseVelocities: 10
0,0,0
0,0,0
0,0,0
0,0,0
0,0,0
0,0,0
0,0,0
0,0,0
0,0,0
0,0,0
