GestureName: swipe_front
Duration(ms): 564
Handedness: right

SpeakerAngles: 6
55
-55
0
0
110
-110

SpeakerElevations: 6
-10
-10
-10
0
30
30

InterpretedPoints: 12
-0.806707284111599,0.564862521463623,-0.17364817766693
-0.813797681349374,7.91767521216509,-0.715537243668512
-0.806707284111599,5.60913558243844,0.784462756331487
2.42721224957257,4.22270203898297,-0.889185421335443
3.2551907253975,19.0049507082465,-3.60472266500395
7.31708873490659,18.385020698806,-1.77837084267089
1.62050496546097,13.1971009737844,2.2425736903299
1.6134145682232,8.95882107902238,2.2635182233307
0.00709039723777516,5.31293744971241,1.28446275633149
-0.806707284111599,1.95727400902378,0.652703644666139
0.813797681349374,-0.296198132726024,0.5
0,0,0

StrokePoints: 13
0,0,0
-0.806707284111599,0.564862521463623,-0.17364817766693
-1.62050496546097,8.48253773362872,-0.889185421335443
-2.42721224957257,14.0916733160672,-0.104722665003955
4.44089209850063E-16,18.3143753550501,-0.993908086339398
3.2551907253975,37.3193260632966,-4.59863075134335
10.5722794603041,55.7043467621026,-6.37700159401424
12.1927844257651,68.901447735887,-4.13442790368433
13.8061989939883,77.8602688149094,-1.87090968035364
13.813289391226,83.1732062646218,-0.586446924022151
13.0065821071144,85.1304802736456,0.0662567206439884
13.8203797884638,84.8342821409196,0.566256720643988
13.8203797884638,84.8342821409196,0.566256720643988

Velocities: 12
0,1,0
2,2,3
2,3,2
5,3,0
4,4,7
5,4,7
4,3,6
4,2,4
2,3,2
0,1,1
0,0,0
0,0,0

InverseVelocities: 12
0,0,0
0,0,0
0,0,0
0,0,0
0,0,0
0,0,0
0,0,0
0,0,0
0,0,0
0,0,0
0,0,0
0,0,0
