GestureName: swipe_left
Duration(ms): 564
Handedness: right

SpeakerAngles: 6
55
-55
0
0
110
-110

SpeakerElevations: 6
-10
-10
-10
0
30
30

InterpretedPoints: 12
2.42721224957257,2.22593839776138,0.979055466999209
4.86151489638292,3.38319718467706,-0.194592710667721
6.48201986184389,3.65186157341465,0.131759111665348
9.73012019000361,2.52811447459209,-0.368240888334652
7.30999833766881,5.35242708191021,-1.2364817766693
6.49620065631944,7.0410367021964,-0.910129954336234
7.30999833766881,5.07778474906792,-0.715537243668512
8.10252482730486,-0.2686643887376,-0.326351822333069
8.09543443006709,-3.65186157341465,-0.131759111665348
3.2268291364464,-1.0746575549504,-1.30540728933228
2.42721224957257,-0.833526910201223,-0.152703644666139
0,0,0

StrokePoints: 13
0,0,0
2.42721224957257,2.22593839776138,0.979055466999209
7.28872714595549,5.60913558243844,0.784462756331487
13.7707470077994,9.26099715585309,0.916221867996836
23.500867197803,11.7891116304452,0.547980979662184
30.8108655354718,17.1415387123554,-0.688500797007119
37.3070661917912,24.1825754145518,-1.59863075134335
44.6170645294601,29.2603601636197,-2.31416799501187
52.7195893567649,28.9916957748821,-2.64051981734494
60.815023786832,25.3398342014675,-2.77227892901028
64.0418529232784,24.2651766465171,-4.07768621834256
66.469065172851,23.4316497363158,-4.2303898630087
66.469065172851,23.4316497363158,-4.2303898630087

Velocities: 12
2,0,1
3,0,1
4,0,1
5,0,0
6,4,0
6,4,1
4,2,1
2,-3,0
1,-5,-1
0,-4,0
0,-2,0
0,0,0

InverseVelocities: 12
0,0,0
0,0,0
0,0,0
0,0,0
0,-1,0
0,-3,0
0,-4,0
-2,0,0
-3,0,0
0,0,0
0,0,0
0,0,0
