GestureName: swipe_front
Duration(ms): 517
Handedness: right

SpeakerAngles: 6
55
-55
0
0
110
-110

SpeakerElevations: 6
-10
-10
-10
0
30
30

InterpretedPoints: 11
1.63468575993652,-0.323731876714448,1.32635182233307
-2.4484834412859,11.5084913534982,1.91622186799684
-5.68240297497007,16.3391675137123,0.895277334996045
4.07607880398464,20.8520897413166,0.353388268994462
0,17.9176421580448,4.52703644666139
0.806707284111599,14.8306431060937,4.22162915732911
0.813797681349374,11.7771557422358,2.24257369032991
-4.85442449914514,8.95882107902238,2.2635182233307
-2.43430264681035,9.04142231098766,-0.215537243668512
-1.6134145682232,1.12972504292725,-0.347296355333861
0,0,0

StrokePoints: 12
0,0,0
1.63468575993652,-0.323731876714448,1.32635182233307
-0.813797681349374,11.1847594767838,3.2425736903299
-6.49620065631944,27.523926990496,4.13785102532595
-2.4201218523348,48.3760167318126,4.49123929432041
-2.4201218523348,66.2936588898574,9.0182757409818
-1.6134145682232,81.1243019959511,13.2399048983109
-0.799616886873823,92.9014577381869,15.4824785886408
-5.65404138601897,101.860278817209,17.7459968119715
-8.08834403282931,110.901701128197,17.530459568303
-9.70175860105251,112.031426171124,17.1831632129691
-9.70175860105251,112.031426171124,17.1831632129691

Velocities: 11
0,1,0
4,3,5
3,5,7
6,7,8
6,6,8
5,4,7
4,4,5
1,5,4
1,2,4
0,2,0
0,0,0

InverseVelocities: 11
0,0,0
0,0,0
0,0,0
0,0,0
0,0,0
0,0,0
0,0,0
0,0,0
0,0,0
0,0,0
0,0,0
