GestureName: swipe_right
Duration(ms): 564
Handedness: right

SpeakerAngles: 6
55
-55
0
0
110
-110

SpeakerElevations: 6
-10
-10
-10
0
30
30

InterpretedPoints: 12
-1.62050496546097,0.2686643887376,0.32635182233307
-3.24100993092194,2.52213653048741,0.479055466999209
-5.68240297497007,5.34047119370084,0.458110933998418
-8.93050330312979,7.92365315626978,-1.56283359900237
-17.0188473359591,1.15128084281098,-0.326351822333069
-20.2669476641188,-2.23191634186607,-0.131759111665348
-17.0188473359591,-3.09297699605572,0.541889066001582
-15.3841615760226,-5.87182202707135,-1.95811093399842
-11.3293539637513,0.916128142166496,-2.32635182233307
-6.48201986184389,-1.66705382040245,-0.305407289332279
-2.43430264681035,-0.564862521463623,0.17364817766693
0,0,0

StrokePoints: 13
0,0,0
-1.62050496546097,0.2686643887376,0.32635182233307
-4.86151489638292,2.79080091922501,0.805407289332278
-10.543917871353,8.13127211292585,1.2635182233307
-19.4744211744828,16.0549252691956,-0.299315375671677
-36.4932685104419,17.2062061120066,-0.625667198004746
-56.7602161745607,14.9742897701405,-0.757426309670094
-73.7790635105198,11.8813127740848,-0.215537243668512
-89.1632250865424,6.00949074701347,-2.17364817766693
-100.492579050294,6.92561888917997,-4.5
-106.974598912138,5.25856506877752,-4.80540728933228
-109.408901558948,4.6937025473139,-4.63175911166535
-109.408901558948,4.6937025473139,-4.63175911166535

Velocities: 12
0,1,0
0,2,1
1,3,2
2,5,2
-6,4,1
-8,3,0
-8,2,0
-7,4,-3
-5,4,0
-4,0,0
-1,0,0
0,0,0

InverseVelocities: 12
0,0,0
0,0,0
0,0,0
-2,0,0
0,-2,0
0,-5,0
0,-5,0
0,0,0
0,0,0
0,0,0
0,0,0
0,0,0
