GestureName: swipe_front
Duration(ms): 564
Handedness: right

SpeakerAngles: 6
55
-55
0
0
110
-110

SpeakerElevations: 6
-10
-10
-10
0
30
30

InterpretedPoints: 12
-0.806707284111599,0.564862521463623,-0.17364817766693
-0.813797681349374,1.37085568767642,0.805407289332279
-0.813797681349374,10.4398117426525,-0.236481776669304
3.24100993092194,3.92650390625694,-0.389185421335443
2.43430264681035,17.2002281679019,0.221629157329114
0.813797681349374,20.4732903766253,3.33244373599367
4.04771721503354,3.19643892086277,4.74257369032991
0.0141807944755499,12.018286386985,3.39527733499604
-0.806707284111599,9.52368360048601,2.08987004566377
-1.62050496546097,2.25347214174981,0.152703644666139
0,-0.592396265452048,1
0,0,0

StrokePoints: 13
0,0,0
-0.806707284111599,0.564862521463623,-0.17364817766693
-1.62050496546097,1.93571820914005,0.631759111665348
-2.43430264681035,12.3755299517925,0.395277334996045
0.806707284111599,16.3020338580495,0.00609191366060191
3.24100993092194,33.5022620259514,0.227721070989716
4.05480761227132,53.9755524025767,3.56016480698339
8.10252482730486,57.1719913234395,8.30273849731329
8.11670562178041,69.1902777104245,11.6980158323093
7.30999833766881,78.7139613109105,13.7878858779731
5.68949337220784,80.9674334526603,13.9405895226392
5.68949337220784,80.3750371872082,14.9405895226392
5.68949337220784,80.3750371872082,14.9405895226392

Velocities: 12
0,1,0
2,2,0
3,3,4
5,3,0
5,4,7
8,8,8
8,5,0
4,6,5
3,4,4
0,1,1
0,0,0
0,0,0

InverseVelocities: 12
0,0,0
0,0,0
0,0,0
0,0,0
0,0,0
0,0,0
0,0,0
0,0,0
0,0,0
0,0,0
0,0,0
0,0,0
