GestureName: swipe_left
Duration(ms): 611
Handedness: right

SpeakerAngles: 6
55
-55
0
0
110
-110

SpeakerElevations: 6
-10
-10
-10
0
30
30

InterpretedPoints: 13
1.62050496546097,0.2686643887376,0.32635182233307
4.86151489638292,2.79080091922501,0.805407289332278
6.47492946460611,5.90533371516446,0.284462756331487
9.73012019000361,5.90533371516446,0.284462756331487
12.1502420423384,5.34047119370084,0.458110933998418
15.3983423704981,7.38632437879458,-2.21553724366851
18.6535330958956,3.08699905195103,0.305407289332279
12.95694932645,1.39838943166485,-0.0209445330007909
9.73721058724139,0.0550674879768482,-1.65270364466614
4.06189800950909,-2.82431260731812,0.868240888334652
3.24100993092195,-1.12972504292725,0.347296355333861
1.6134145682232,-1.12972504292725,0.347296355333861
0,0,0

StrokePoints: 14
0,0,0
1.62050496546097,0.2686643887376,0.32635182233307
6.48201986184389,3.05946530796261,1.13175911166535
12.95694932645,8.96479902312707,1.41622186799684
22.6870695164536,14.8701327382915,1.70068462432832
34.837311558792,20.2106039319924,2.15879555832674
50.2356539292901,27.596928310787,-0.0567416853417719
68.8891870251858,30.683927362738,0.248665603990507
81.8461363516358,32.0823167944028,0.227721070989716
91.5833469388772,32.1373842823797,-1.42498257367642
95.6452449483862,29.3130716750616,-0.556741685341771
98.8862548793082,28.1833466321343,-0.20944533000791
100.499669447531,27.0536215892071,0.13785102532595
100.499669447531,27.0536215892071,0.13785102532595

Velocities: 13
1,0,0
3,0,1
5,0,2
5,0,2
6,-2,2
7,-2,2
6,-3,1
6,-3,0
1,-3,0
-2,-3,0
0,-2,0
0,-2,0
0,0,0

InverseVelocities: 13
0,0,0
0,0,0
0,0,0
0,0,0
0,0,0
0,4,0
0,1,0
0,4,0
-2,2,0
0,0,0
0,0,0
0,0,0
0,0,0
