GestureName: swipe_down
Duration(ms): 470
Handedness: right

SpeakerAngles: 6
55
-55
0
0
110
-110

SpeakerElevations: 6
-10
-10
-10
0
30
30

InterpretedPoints: 10
0.806707284111599,8.77873586635474,-1.38918542133544
3.26228112263527,13.5268107946035,0.0689255126629749
-0.799616886873824,21.5055314388502,-3.14661173100554
0.00709039723777438,7.58434342377628,-1.10472266500395
-2.4201218523348,4.27109647581317,6.04798097966218
5.71785496115894,10.2501266183105,-5.60472266500395
6.51747184803277,9.41659970810927,-5.75742630967009
3.27646191711082,9.4046438198999,-4.06283359900237
-4.86860529362069,2.31451757383134,-2.34729635533386
0,0,0

StrokePoints: 11
0,0,0
0.806707284111599,8.77873586635474,-1.38918542133544
4.06898840674687,22.3055466609583,-1.32025990867247
3.26937151987305,43.8110780998084,-4.46687163967801
3.27646191711082,51.3954215235847,-5.57159430468196
0.856340064776023,55.6665179993979,0.476386674980223
6.57419502593496,65.9166446177084,-5.12833599002373
13.0916668739677,75.3332443258177,-10.8857622996938
16.3681287910786,84.7378881457176,-14.9485958986962
11.4995234974579,87.0524057195489,-17.2958922540301
11.4995234974579,87.0524057195489,-17.2958922540301

Velocities: 10
3,2,3
4,5,5
6,8,7
7,8,0
7,10,0
6,9,0
6,7,0
2,5,2
0,2,0
0,0,0

InverseVelocities: 10
0,0,0
0,0,0
0,0,0
0,0,0
0,0,0
0,0,0
0,0,0
0,0,0
0,0,0
0,0,0
