GestureName: swipe_up
Duration(ms): 517
Handedness: right

SpeakerAngles: 6
55
-55
0
0
110
-110

SpeakerElevations: 6
-10
-10
-10
0
30
30

InterpretedPoints: 11
-0.00709039723777494,-2.04585318509374,2.67364817766693
-1.6134145682232,-2.90691383928339,3.34729635533386
-1.62050496546097,-7.21221711023163,6.71553724366851
0.792526489636049,-8.6381402858849,7.56283359900237
1.60632417098542,-12.3235135473927,9.10472266500395
0.799616886873824,-12.2959798034042,8.27837084267088
2.43430264681035,-15.105285438936,-3.70068462432832
3.23391953368417,-10.3572105106872,-2.24257369032991
-0.00709039723777527,-2.52811447459209,0.368240888334652
0.806707284111599,-0.564862521463623,0.17364817766693
0,0,0

StrokePoints: 12
0,0,0
-0.00709039723777494,-2.04585318509374,2.67364817766693
-1.62050496546097,-4.95276702437713,6.02094453300079
-3.24100993092194,-12.1649841346088,12.7364817766693
-2.4484834412859,-20.8031244204937,20.2993153756717
-0.842159270300473,-33.1266379678863,29.4040380406756
-0.0425423834266487,-45.4226177712906,37.6824088833465
2.3917602633837,-60.5279032102266,33.9817242590182
5.62567979706787,-70.8851137209138,31.7391505686883
5.61858939983009,-73.4132281955059,32.1073914570229
6.42529668394169,-73.9780907169695,32.2810396346899
6.42529668394169,-73.9780907169695,32.2810396346899

Velocities: 11
0,-1,0
-2,0,0
-4,-3,0
-3,-6,0
-6,-9,0
-7,-9,0
-6,-7,-6
-3,-6,-4
-2,-3,0
0,-1,0
0,0,0

InverseVelocities: 11
0,0,0
0,0,0
0,0,0
0,0,0
0,0,0
0,0,0
0,0,0
0,0,0
0,0,0
0,0,0
0,0,0
