GestureName: swipe_left
Duration(ms): 564
Handedness: right

SpeakerAngles: 6
55
-55
0
0
110
-110

SpeakerElevations: 6
-10
-10
-10
0
30
30

InterpretedPoints: 12
2.42721224957257,0.833526910201223,0.152703644666139
4.86151489638292,0.805993166212799,0.979055466999209
6.48911025908167,3.65783951751934,-0.715537243668512
8.92341290589201,3.63030577353092,0.110814578664557
6.51038145079499,5.00116146120734,0.916221867996835
10.5580986658285,4.49136642772056,-0.562833599002373
6.51038145079499,5.11129643716104,-2.38918542133544
4.87569569085847,0.00597794410468622,-0.847296355333861
4.86151489638292,-2.52811447459209,0.368240888334652
1.6134145682232,-1.12972504292725,0.347296355333861
1.6134145682232,-1.12972504292725,0.347296355333861
0,0,0

StrokePoints: 13
0,0,0
2.42721224957257,0.833526910201223,0.152703644666139
7.28872714595549,1.63952007641402,1.13175911166535
13.7778374050372,5.29735959393336,0.416221867996836
22.7012503109292,8.92766536746428,0.527036446661393
29.2116317617242,13.9288268286716,1.44325831465823
39.7697304275527,18.4201932563922,0.880424715655855
46.2801118783477,23.5314896935532,-1.50876070567959
51.1558075692061,23.5374676376579,-2.35605706101345
56.0173224655891,21.0093531630658,-1.9878161726788
57.6307370338123,19.8796281201386,-1.64051981734494
59.2441516020355,18.7499030772113,-1.29322346201108
59.2441516020355,18.7499030772113,-1.29322346201108

Velocities: 12
2,0,0
3,0,0
5,2,0
6,2,0
6,6,0
6,3,0
4,4,0
2,1,-1
-1,-4,0
0,-2,0
0,-2,0
0,0,0

InverseVelocities: 12
0,0,0
0,0,0
0,0,0
0,0,0
0,-2,0
0,-3,0
-3,-8,0
-3,-5,0
0,0,0
0,0,0
0,0,0
0,0,0
