GestureName: swipe_up
Duration(ms): 564
Handedness: right

SpeakerAngles: 6
55
-55
0
0
110
-110

SpeakerElevations: 6
-10
-10
-10
0
30
30

InterpretedPoints: 12
0,-1.12972504292725,0.347296355333861
-4.06189800950909,-6.20153184789049,0.215537243668513
0.806707284111599,-10.8305669955532,4.91012995433623
1.6134145682232,-15.9574412884933,6.43107448733702
-8.95886489208089,-7.88054155650231,1.60472266500395
-5.70367416668339,-21.8292633155646,4.47296355333861
-8.95886489208089,-20.0520745192085,1.47296355333861
1.62050496546097,-14.80908730621,-4.20068462432832
0.813797681349374,-10.9220730321509,-2.06892551266297
0.813797681349374,-7.59992127955533,0.236481776669303
-0.806707284111599,-1.69458756439087,0.520944533000791
0,0,0

StrokePoints: 13
0,0,0
0,-1.12972504292725,0.347296355333861
-4.06189800950909,-7.33125689081773,0.562833599002373
-3.25519072539749,-18.1618238863709,5.47296355333861
-1.6417761571743,-34.1192651748642,11.9040380406756
-10.6006410492552,-41.9998067313665,13.5087607056796
-16.3043152159386,-63.8290700469311,17.9817242590182
-25.2631801080195,-83.8811445661395,19.4546878123568
-23.6426751425585,-98.6902318723495,15.2540031880285
-22.8288774612091,-109.6123049045,13.1850776753655
-22.0150797798597,-117.212226184056,13.4215594520348
-22.8217870639713,-118.906813748447,13.9425039850356
-22.8217870639713,-118.906813748447,13.9425039850356

Velocities: 12
-1,-1,0
-3,-2,-2
-4,-5,-2
-4,-6,-4
-7,-8,0
-6,-7,-7
-6,-7,-7
-6,-7,-6
-5,-5,-4
-4,-4,-2
-2,-1,0
0,0,0

InverseVelocities: 12
0,0,0
0,0,0
0,0,0
0,0,0
0,0,0
0,0,0
0,0,0
0,0,0
0,0,0
0,0,0
0,0,0
0,0,0
