GestureName: swipe_down
Duration(ms): 517
Handedness: right

SpeakerAngles: 6
55
-55
0
0
110
-110

SpeakerElevations: 6
-10
-10
-10
0
30
30

InterpretedPoints: 11
-0.806707284111599,0.564862521463623,-0.17364817766693
-3.24100993092194,10.1436136099265,0.263518223330696
3.2551907253975,5.00116146120734,0.916221867996835
8.13797681349374,6.77835025756348,-2.08377813200316
7.32417913214436,9.38906596412085,-4.93107448733702
0.820888078587149,10.3602615942642,-8.91012995433623
0,0,0
7.32417913214436,1.42592317565327,-0.84729635533386
-0.813797681349374,1.48099066363012,-2.5
0.813797681349374,0.888594398178072,-1.5
0,0,0

StrokePoints: 12
0,0,0
-0.806707284111599,0.564862521463623,-0.17364817766693
-4.04771721503354,10.7084761313901,0.089870045663766
-0.792526489636048,15.7096375925974,1.0060919136606
7.34545032385769,22.4879878501609,-1.07768621834256
14.6696294560021,31.8770538142818,-6.00876070567959
15.4905175345892,42.237315408546,-14.9188906600158
15.4905175345892,42.237315408546,-14.9188906600158
22.8146966667336,43.6632385841992,-15.7661870153497
22.0008989853842,45.1442292478294,-18.2661870153497
22.8146966667336,46.0328236460074,-19.7661870153497
22.8146966667336,46.0328236460074,-19.7661870153497

Velocities: 11
0,1,0
2,4,4
6,6,0
6,6,0
7,7,0
5,6,0
0,0,0
1,1,0
0,0,0
0,0,0
0,0,0

InverseVelocities: 11
0,0,0
0,0,0
0,0,0
0,0,0
0,0,0
0,0,0
0,0,0
0,0,0
0,0,0
0,0,0
0,0,0
