GestureName: swipe_left
Duration(ms): 564
Handedness: right

SpeakerAngles: 6
55
-55
0
0
110
-110

SpeakerElevations: 6
-10
-10
-10
0
30
30

InterpretedPoints: 12
-5.63986059154342,-2.8302905514228,1.71553724366851
3.24100993092194,4.50694428349961,0.305407289332279
5.67531257773229,0.509795033486775,1.47905546699921
10.543917871353,6.79392811334253,-1.21553724366851
8.90923211141646,1.37085568767642,0.805407289332278
11.3435347582268,2.79080091922501,0.805407289332278
12.9640397236878,3.96961550602442,-0.347296355333861
10.5297370768774,-2.82431260731812,0.868240888334652
7.29581754319326,-3.35566344068863,-0.631759111665348
6.47492946460611,-3.38319718467705,0.194592710667721
2.42721224957257,-0.833526910201223,-0.152703644666139
0,0,0

StrokePoints: 13
0,0,0
-5.63986059154342,-2.8302905514228,1.71553724366851
-2.39885066062147,1.67665373207681,2.02094453300079
3.27646191711082,2.18644876556359,3.5
13.8203797884638,8.98037687890612,2.28446275633149
22.7296118998803,10.3512325665825,3.08987004566377
34.0731466581071,13.1420334858076,3.89527733499604
47.0371863817949,17.111648991832,3.54798097966218
57.5669234586723,14.2873363845139,4.41622186799684
64.8627410018655,10.9316729438252,3.78446275633149
71.3376704664717,7.54847575914817,3.97905546699921
73.7648827160442,6.71494884894695,3.82635182233307
73.7648827160442,6.71494884894695,3.82635182233307

Velocities: 12
-8,0,1
2,0,2
3,0,0
5,0,2
5,-1,0
5,-2,1
4,-4,2
1,-6,0
0,-4,-1
1,-4,-1
0,-2,0
0,0,0

InverseVelocities: 12
1,0,0
0,0,0
0,0,0
0,0,0
0,0,0
0,1,0
-1,3,0
-3,1,0
0,0,0
-1,0,0
0,0,0
0,0,0
