GestureName: swipe_back
Duration(ms): 564
Handedness: right

SpeakerAngles: 6
55
-55
0
0
110
-110

SpeakerElevations: 6
-10
-10
-10
0
30
30

InterpretedPoints: 12
0.806707284111599,-0.564862521463623,0.17364817766693
0.799616886873824,-0.833526910201223,-0.152703644666139
-0.01418079447555,-7.30372314682931,-0.263518223330696
-0.820888078587149,-12.6382163964255,-1.56892551266297
-0.00709039723777405,-18.5160163676015,-2.67974009132753
0.813797681349374,-16.5036748706009,-3.67974009132753
-1.62759536269875,-20.7694885093513,-2.83244373599367
0.820888078587149,-18.0672667661963,1.29931537567168
-0.799616886873823,-10.3847442546757,-1.41622186799684
-1.6134145682232,-6.22906559187891,1.04188906600158
-0.806707284111599,-0.564862521463623,0.17364817766693
0,0,0

StrokePoints: 13
0,0,0
0.806707284111599,-0.564862521463623,0.17364817766693
1.60632417098542,-1.39838943166485,0.020944533000791
1.59214337650987,-8.70211257849416,-0.242573690329905
0.771255297922723,-21.3403289749196,-1.81149920299288
0.764164900684949,-39.8563453425211,-4.49123929432041
1.57796258203432,-56.360020213122,-8.17097938564794
-0.0496327806644241,-77.1295087224733,-11.0034231216416
0.771255297922725,-95.1967754886695,-9.70410774596994
-0.0283615889510984,-105.581519743345,-11.1203296139668
-1.6417761571743,-111.810585335224,-10.0784405479652
-2.44848344128589,-112.375447856688,-9.90479237029826
-2.44848344128589,-112.375447856688,-9.90479237029826

Velocities: 12
0,-1,0
0,-2,0
-3,-5,-2
-4,-5,-5
-7,-8,-7
-8,-8,-6
-8,-8,-8
-7,-6,-6
-5,-3,-4
-3,-1,-2
-1,0,0
0,0,0

InverseVelocities: 12
0,0,0
0,0,0
0,0,0
0,0,0
0,0,0
0,0,0
0,0,0
0,0,0
0,0,0
0,0,0
0,0,0
0,0,0
