GestureName: swipe_left
Duration(ms): 564
Handedness: right

SpeakerAngles: 6
55
-55
0
0
110
-110

SpeakerElevations: 6
-10
-10
-10
0
30
30

InterpretedPoints: 12
0.813797681349374,-0.296198132726024,0.5
0.813797681349374,1.09621335483414,1.32635182233307
6.47492946460612,1.343321943688,1.63175911166535
7.28163674871771,9.25501921174841,1.7635182233307
10.5226466796397,1.90818446515162,1.45811093399842
5.63986059154342,0.98607837888044,4.63175911166535
10.4942850906886,-2.66578319453421,4.5
14.5845446891488,-3.38319718467706,0.194592710667722
8.10961522454264,-8.17076174512364,1.25742630967009
5.66822218049452,-3.35566344068863,-0.631759111665348
3.23391953368417,-1.39838943166485,0.0209445330007911
0,0,0

StrokePoints: 13
0,0,0
0.813797681349374,-0.296198132726024,0.5
1.62759536269875,0.800015222108112,1.82635182233307
8.10252482730486,2.14333716579611,3.45811093399842
15.3841615760226,11.3983563775445,5.22162915732911
25.9068082556622,13.3065408426961,6.67974009132753
31.5466688472057,14.2926192215766,11.3114992029929
42.0409539378942,11.6268360270424,15.8114992029929
56.625498627043,8.24363884236531,16.0060919136606
64.7351138515856,0.072877097241669,17.2635182233307
70.4033360320801,-3.28278634344696,16.6317591116653
73.6372555657643,-4.68117577511181,16.6527036446661
73.6372555657643,-4.68117577511181,16.6527036446661

Velocities: 12
0,0,0
0,0,1
5,0,0
6,0,4
7,-1,0
6,-2,1
6,-6,0
3,-6,-1
-4,-8,-1
0,-4,-1
0,-3,0
0,0,0

InverseVelocities: 12
0,0,0
0,0,0
0,0,0
0,0,0
0,0,0
0,4,0
0,3,0
-2,0,0
0,0,0
0,0,0
0,0,0
0,0,0
