GestureName: swipe_front
Duration(ms): 564
Handedness: right

SpeakerAngles: 6
55
-55
0
0
110
-110

SpeakerElevations: 6
-10
-10
-10
0
30
30

InterpretedPoints: 12
0,1.98480775301221,-0.17364817766693
0,-0.592396265452048,1
4.85442449914514,11.5910925854635,-0.562833599002373
-2.4484834412859,3.25150640883962,3.08987004566377
-0.0141807944755499,2.09424762192395,4.2635182233307
5.68949337220784,18.8672819883044,0.527036446661393
-1.6134145682232,15.3955056275574,4.04798097966218
0,10.3512325665825,3.08987004566377
0,6.43668454853498,1.78446275633149
-1.6134145682232,3.11453279593945,-0.520944533000791
-0.806707284111599,0.564862521463623,-0.17364817766693
0,0,0

StrokePoints: 13
0,0,0
0,1.98480775301221,-0.17364817766693
0,1.39241148756016,0.82635182233307
4.85442449914514,12.9835040730236,0.263518223330697
2.40594105785925,16.2350104818633,3.35338826899446
2.3917602633837,18.3292581037872,7.61690649232516
8.08125363559154,37.1965400920916,8.14394293898655
6.46783906736834,52.592045719649,12.1919239186487
6.46783906736834,62.9432782862315,15.2817939643125
6.46783906736834,69.3799628347665,17.066256720644
4.85442449914514,72.4944956307059,16.5453121876432
4.04771721503354,73.0593581521695,16.3716640099763
4.04771721503354,73.0593581521695,16.3716640099763

Velocities: 12
0,0,1
0,0,0
4,0,5
6,5,0
6,4,0
7,6,7
4,6,7
3,3,5
2,2,3
0,2,1
0,1,0
0,0,0

InverseVelocities: 12
0,0,0
0,0,0
0,0,0
0,0,0
0,0,0
0,0,0
0,0,0
0,0,0
0,0,0
0,0,0
0,0,0
0,0,0
