GestureName: swipe_down
Duration(ms): 564
Handedness: right

SpeakerAngles: 6
55
-55
0
0
110
-110

SpeakerElevations: 6
-10
-10
-10
0
30
30

InterpretedPoints: 12
-0.806707284111599,0.564862521463623,-0.17364817766693
2.43430264681035,1.10219129893882,0.479055466999209
-2.42721224957257,3.63030577353092,0.110814578664557
-1.62050496546097,5.32489333792179,-0.410129954336234
4.08316920122242,5.24229210595651,2.06892551266297
10.5864602547796,6.75081651357506,-1.25742630967009
2.46975463299922,8.2593409211936,-4.58377813200316
4.88278608809624,6.29608896806513,-4.38918542133544
5.68240297497007,2.61071570655737,-2.84729635533386
-0.806707284111599,2.34205131781977,-3.17364817766693
0.813797681349374,-0.296198132726024,0.5
0,0,0

StrokePoints: 13
0,0,0
-0.806707284111599,0.564862521463623,-0.17364817766693
1.62759536269875,1.66705382040245,0.305407289332279
-0.799616886873824,5.29735959393336,0.416221867996836
-2.4201218523348,10.6222529318552,0.00609191366060213
1.66304734888762,15.8645450378117,2.07501742632358
12.2495076036673,22.6153615513867,0.817591116653483
14.7192622366665,30.8747024725803,-3.76618701534968
19.6020483247627,37.1707914406455,-8.15537243668512
25.2844512997328,39.7815071472028,-11.002668792019
24.4777440156212,42.1235584650226,-14.1763169696859
25.2915416969706,41.8273603322966,-13.6763169696859
25.2915416969706,41.8273603322966,-13.6763169696859

Velocities: 12
0,1,0
2,1,0
3,5,0
5,6,0
6,8,0
6,7,0
4,8,0
4,4,0
2,0,0
0,1,0
0,0,0
0,0,0

InverseVelocities: 12
0,0,0
0,0,0
0,0,0
0,0,0
0,0,0
0,0,0
0,0,0
0,0,0
0,0,0
0,0,0
0,0,0
0,0,0
