GestureName: swipe_front
Duration(ms): 517
Handedness: right

SpeakerAngles: 6
55
-55
0
0
110
-110

SpeakerElevations: 6
-10
-10
-10
0
30
30

InterpretedPoints: 11
0,-0.592396265452048,1
0.813797681349374,1.37085568767642,0.805407289332279
4.06189800950909,7.5388758474738,2.2635182233307
1.60632417098542,0.805993166212799,0.979055466999209
-4.86860529362069,21.0872424419611,2.35338826899446
1.62050496546097,17.3862913246743,3.02703644666139
0,13.465765362522,2.56892551266297
1.62050496546097,11.2122932207722,2.41622186799684
-3.21973873920862,2.73573343124816,2.45811093399842
-1.6134145682232,1.12972504292725,-0.347296355333861
0,0,0

StrokePoints: 12
0,0,0
0,-0.592396265452048,1
0.813797681349374,0.778459422224374,1.80540728933228
4.87569569085847,8.31733526969817,4.06892551266297
6.48201986184389,9.12332843591097,5.04798097966218
1.6134145682232,30.210570877872,7.40136924865665
3.23391953368417,47.5968622025463,10.428405695318
3.23391953368417,61.0626275650683,12.997331207981
4.85442449914514,72.2749207858405,15.4135530759778
1.63468575993652,75.0106542170887,17.8716640099763
0.0212711917133239,76.1403792600159,17.5243676546424
0.0212711917133239,76.1403792600159,17.5243676546424

Velocities: 11
0,0,0
2,2,0
4,3,3
3,0,0
5,7,9
7,6,7
4,4,6
4,3,5
0,5,1
0,2,0
0,0,0

InverseVelocities: 11
0,0,0
0,0,0
0,0,0
0,0,0
-1,0,0
0,0,0
0,0,0
0,0,0
0,0,0
0,0,0
0,0,0
