GestureName: swipe_down
Duration(ms): 564
Handedness: right

SpeakerAngles: 6
55
-55
0
0
110
-110

SpeakerElevations: 6
-10
-10
-10
0
30
30

InterpretedPoints: 12
0,1.98480775301221,-0.17364817766693
-3.24810032815972,9.87494922118888,-0.0628335990023732
-2.4201218523348,12.6932838844023,-0.0837781320031642
4.87569569085847,16.0489473250909,0.547980979662184
9.77266257343026,16.9710534113621,-2.62566719800475
9.77975297066804,7.31567903503868,-1.43107448733702
0.820888078587148,24.7912446428249,-9.47296355333861
1.63468575993652,6.61982084477958,-5.71553724366851
4.86860529362069,3.44424261675859,-2.69459271066772
-0.827978475824924,6.58033121258178,-3.19459271066772
0,2.57720401846426,-1.17364817766693
0,0,0

StrokePoints: 13
0,0,0
0,1.98480775301221,-0.17364817766693
-3.24810032815972,11.8597569742011,-0.236481776669304
-5.66822218049452,24.5530408586034,-0.320259908672468
-0.792526489636048,40.6019881836943,0.227721070989716
8.98013608379421,57.5730415950565,-2.39794612701503
18.7598890544622,64.8887206300952,-3.82902061435205
19.5807771330494,89.67996527292,-13.3019841676907
21.2154628929859,96.2997861176996,-19.0175214113592
26.0840681866066,99.7440287344582,-21.7121141220269
25.2560897107817,106.32435994704,-24.9067068326946
25.2560897107817,108.901563965504,-26.0803550103615
25.2560897107817,108.901563965504,-26.0803550103615

Velocities: 12
0,0,1
2,3,4
2,5,5
6,5,6
6,7,5
6,8,0
6,7,7
3,4,0
3,1,0
2,0,2
0,0,1
0,0,0

InverseVelocities: 12
0,0,0
0,0,0
0,0,0
0,0,0
0,0,0
0,0,0
0,0,0
0,0,0
0,0,0
0,0,0
0,0,0
0,0,0
