GestureName: swipe_right
Duration(ms): 611
Handedness: right

SpeakerAngles: 6
55
-55
0
0
110
-110

SpeakerElevations: 6
-10
-10
-10
0
30
30

InterpretedPoints: 13
-0.806707284111599,0.564862521463623,-0.17364817766693
-4.05480761227132,2.81833466321343,-0.020944533000791
-4.05480761227132,5.34047119370084,0.458110933998418
-7.28872714595549,-0.412311052784407,4.65270364466614
-12.95694932645,1.71614336427461,-0.5
-15.3912519732604,-0.833526910201224,-0.152703644666139
-16.2121400518475,-4.5129222276043,0.541889066001582
-13.7849278022749,-6.20153184789049,0.215537243668513
-7.29581754319326,-2.76326717523658,-1.63175911166535
-8.92341290589201,-1.96325195312847,0.194592710667721
-5.67531257773229,-1.69458756439087,0.520944533000791
-2.43430264681035,-0.564862521463623,0.17364817766693
0,0,0

StrokePoints: 14
0,0,0
-0.806707284111599,0.564862521463623,-0.17364817766693
-4.86151489638292,3.38319718467705,-0.194592710667721
-8.91632250865424,8.72366837837789,0.263518223330696
-16.2050496546097,8.31135732559349,4.91622186799683
-29.1619989810597,10.0275006898681,4.41622186799683
-44.5532509543201,9.19397377966687,4.2635182233307
-60.7653910061676,4.68105155206257,4.80540728933228
-74.5503188084425,-1.52048029582792,5.02094453300079
-81.8461363516358,-4.2837474710645,3.38918542133544
-90.7695492575278,-6.24699942419297,3.58377813200316
-96.4448618352601,-7.94158698858384,4.10472266500395
-98.8791644820704,-8.50644951004746,4.27837084267088
-98.8791644820704,-8.50644951004746,4.27837084267088

Velocities: 13
0,1,0
0,2,1
1,3,2
-2,3,1
-5,4,1
-6,4,0
-7,2,-1
-6,1,-2
-4,0,-1
-4,0,0
-3,0,0
-1,0,0
0,0,0

InverseVelocities: 13
0,0,0
0,0,0
-1,0,0
0,0,0
0,0,0
0,-4,0
0,-2,0
0,0,0
0,0,0
0,0,0
0,0,0
0,0,0
0,0,0
