GestureName: tap_up
Duration(ms): 752
Handedness: right

SpeakerAngles: 6
55
-55
0
0
110
-110

SpeakerElevations: 6
-10
-10
-10
0
30
30

InterpretedPoints: 16
-2.43430264681035,-2.28698382984292,1.52094453300079
-3.2835523143486,-9.68526409684687,5.43107448733702
-9.75139138171694,-28.9529012497263,7.86214897467405
-11.3860771416535,-13.9354998798183,7.14661173100554
2.4201218523348,-30.5804654379309,5.03579715234098
-0.0425423834266496,-7.26061154706183,-0.221629157329114
2.4201218523348,-1.69458756439087,0.520944533000791
0.827978475824924,5.88975585938541,-0.583778132003164
6.51038145079499,7.79794032453703,0.874332801995254
4.88987648533402,11.6209823059869,-4.79931537567168
4.09025959846019,9.65773035285845,-4.60472266500395
6.50329105355722,9.95392848558447,-5.10472266500395
5.68949337220784,6.26855522407671,-3.56283359900237
-3.2268291364464,4.03663888221064,-3.69459271066772
0.813797681349374,2.28100588573823,-0.67364817766693
0,0,0

StrokePoints: 17
0,0,0
-2.43430264681035,-2.28698382984292,1.52094453300079
-5.71785496115894,-11.9722479266898,6.95201902033782
-15.4692463428759,-40.9251491764161,14.8141679950119
-26.8553234845293,-54.8606490562343,21.9607797260174
-24.4352016321945,-85.4411144941652,26.9965768783584
-24.4777440156212,-92.7017260412271,26.7749477210293
-22.0576221632864,-94.3963136056179,27.2958922540301
-21.2296436874615,-88.5065577462325,26.7121141220269
-14.7192622366665,-80.7086174216955,27.5864469240221
-9.82938575133246,-69.0876351157086,22.7871315483505
-5.73912615287227,-59.4299047628501,18.1824088833465
0.764164900684947,-49.4759762772657,13.0776862183426
6.45365827289279,-43.207421053189,9.51485261934019
3.22682913644639,-39.1707821709783,5.82025990867247
4.04062681779577,-36.8897762852401,5.14661173100554
4.04062681779577,-36.8897762852401,5.14661173100554

Velocities: 16
-2,-1,0
-5,-9,0
-11,-9,-8
-11,-10,0
-8,-11,-10
-5,-11,0
0,-3,0
5,7,0
9,9,0
9,10,0
6,9,0
8,7,0
5,4,0
0,4,0
0,0,1
0,0,0

InverseVelocities: 16
0,0,0
0,0,0
0,0,0
0,0,0
0,0,0
0,0,0
0,1,0
0,0,0
0,0,0
0,0,0
0,0,0
0,0,0
0,0,0
0,0,0
0,0,0
0,0,0
