GestureName: tap_back
Duration(ms): 752
Handedness: right

SpeakerAngles: 6
55
-55
0
0
110
-110

SpeakerElevations: 6
-10
-10
-10
0
30
30

InterpretedPoints: 16
-0.806707284111599,-0.564862521463623,0.17364817766693
-0.806707284111599,-2.82431260731812,0.868240888334652
-5.66822218049452,-4.76003081645816,0.236481776669304
-4.85442449914514,-7.85300781251388,0.778370842670886
0.00709039723777538,-10.0945240660543,-1.06892551266297
-4.86151489638292,-1.93571820914005,-0.631759111665348
0,0,0
0,0,0
0.813797681349374,-0.888594398178072,1.5
2.44139304404812,8.08218256905369,2.06892551266297
8.91632250865424,4.32616396379002,4.39527733499604
10.5368274741152,5.72455339545487,4.37433280199525
5.66822218049452,23.6428906605416,1.15879555832674
4.06189800950909,19.7774321863662,-0.952019020337816
0,1.98480775301221,-0.17364817766693
0,0,0

StrokePoints: 17
0,0,0
-0.806707284111599,-0.564862521463623,0.17364817766693
-1.6134145682232,-3.38917512878174,1.04188906600158
-7.28163674871771,-8.1492059452399,1.27837084267089
-12.1360612478629,-16.0022137577538,2.05674168534177
-12.1289708506251,-26.0967378238081,0.987816172678797
-16.990485747008,-28.0324560329481,0.356057061013448
-16.990485747008,-28.0324560329481,0.356057061013448
-16.990485747008,-28.0324560329481,0.356057061013448
-16.1766880656586,-28.9210504311262,1.85605706101345
-13.7352950216105,-20.8388678620725,3.92498257367642
-4.81897251295627,-16.5127038982825,8.32025990867247
5.71785496115894,-10.7881505028276,12.6945927106677
11.3860771416535,12.8547401577139,13.8533882689945
15.4479751511626,32.6321723440801,12.9013692486566
15.4479751511626,34.6169800970923,12.7277210709897
15.4479751511626,34.6169800970923,12.7277210709897

Velocities: 16
-1,0,0
-3,-2,0
-7,-3,0
-10,-6,0
-6,-5,-3
-4,-1,0
0,0,0
0,0,0
0,0,0
6,6,2
10,5,0
12,6,0
10,6,9
5,4,8
0,0,1
0,0,0

InverseVelocities: 16
0,0,0
0,0,0
0,0,0
0,0,0
0,0,0
0,0,0
0,0,0
0,0,0
0,0,0
0,0,0
0,0,0
0,0,0
0,0,0
0,0,0
0,0,0
0,0,0
