GestureName: tap_front
Duration(ms): 705
Handedness: right

SpeakerAngles: 6
55
-55
0
0
110
-110

SpeakerElevations: 6
-10
-10
-10
0
30
30

InterpretedPoints: 15
-1.62050496546097,3.38319718467705,-0.194592710667721
-5.69658376944562,18.4460661308876,-4.27837084267088
-5.73203575563449,16.082459013184,-1.12566719800475
-11.3789867444157,24.5314850587197,-0.341204441673259
-8.93759370036756,17.7435348894818,0.0270364466613926
-3.24100993092194,7.30372314682931,0.263518223330697
1.6134145682232,-1.12972504292725,0.347296355333861
1.60632417098542,-9.55719528857912,-0.416221867996836
7.26036555700439,-14.8425989943031,-2.52703644666139
1.62759536269875,-15.3404381395805,-5.70068462432832
0.806707284111599,-12.5831489084486,-3.22162915732911
-1.6134145682232,-10.0885461219496,-1.91622186799684
-1.6134145682232,-4.2442578388667,0.868240888334652
0.806707284111599,-0.564862521463623,0.17364817766693
0,0,0

StrokePoints: 16
0,0,0
-1.62050496546097,3.38319718467705,-0.194592710667721
-7.31708873490659,21.8292633155646,-4.47296355333861
-13.0491244905411,37.9117223287487,-5.59863075134335
-24.4281112349568,62.4432073874683,-5.93983519301661
-33.3657049353243,80.1867422769501,-5.91279874635522
-36.6067148662463,87.4904654237794,-5.64928052302452
-34.9933002980231,86.3607403808522,-5.30198416769066
-33.3869761270377,76.8035450922731,-5.7182060356875
-26.1266105700333,61.96094609797,-8.24524248234889
-24.4990152073345,46.6205079583894,-13.9459271066772
-23.6923079232229,34.0373590499408,-17.1675562640063
-25.3057224914461,23.9488129279912,-19.0837781320032
-26.9191370596693,19.7045550891245,-18.2155372436685
-26.1124297755577,19.1396925676609,-18.0418890660016
-26.1124297755577,19.1396925676609,-18.0418890660016

Velocities: 15
1,2,1
5,5,6
9,4,5
7,9,9
6,8,6
3,5,2
0,-2,0
-3,-6,-3
-3,-12,-5
-6,-6,-7
-5,-6,-5
-5,-3,-4
-3,-1,-1
0,-1,0
0,0,0

InverseVelocities: 15
0,0,0
0,0,0
0,0,0
0,0,0
0,0,0
0,0,0
0,0,0
0,0,0
0,0,0
0,0,0
0,0,0
0,0,0
0,0,0
0,0,0
0,0,0
