GestureName: tap_left
Duration(ms): 799
Handedness: right

SpeakerAngles: 6
55
-55
0
0
110
-110

SpeakerElevations: 6
-10
-10
-10
0
30
30

InterpretedPoints: 17
2.43430264681035,-0.0275337439884242,0.82635182233307
4.88278608809624,2.25945008585449,-0.694592710667721
7.28872714595549,-1.15725878691567,1.17364817766693
16.2192304490853,0.0550674879768489,-1.65270364466614
8.90923211141646,-6.52526372460493,1.54188906600158
5.67531257773229,-6.20153184789049,0.215537243668513
5.67531257773229,-2.82431260731812,0.868240888334652
0,0,0
-3.24100993092194,2.52213653048741,0.479055466999209
-6.48201986184389,7.02908081398702,0.784462756331487
-12.9711301209256,6.76041642524942,0.458110933998418
-12.164422836814,1.37085568767642,0.805407289332278
-12.1715132340517,3.08699905195103,0.305407289332278
-11.3293539637513,1.4534569196417,-1.67364817766693
-5.66822218049452,-0.833526910201223,-0.152703644666139
-0.806707284111599,-0.564862521463623,0.17364817766693
0,0,0

StrokePoints: 18
0,0,0
2.43430264681035,-0.0275337439884242,0.82635182233307
7.31708873490659,2.23191634186607,0.131759111665348
14.6058158808621,1.0746575549504,1.30540728933228
30.8250463299474,1.12972504292725,-0.347296355333861
39.7342784413638,-5.39553868167769,1.19459271066772
45.4095910190961,-11.5970705295682,1.41012995433623
51.0849035968284,-14.4213831368863,2.27837084267088
51.0849035968284,-14.4213831368863,2.27837084267088
47.8438936659065,-11.8992466063989,2.75742630967009
41.3618738040626,-4.87016579241186,3.54188906600158
28.390743683137,1.89025063283756,4
16.2263208463231,3.26110632051399,4.80540728933228
4.05480761227132,6.34810537246502,5.11081457866456
-7.27454635147994,7.80156229210671,3.43716640099763
-12.9427685319745,6.96803538190549,3.28446275633149
-13.7494758160861,6.40317286044187,3.45811093399842
-13.7494758160861,6.40317286044187,3.45811093399842

Velocities: 17
1,0,0
2,2,0
2,-3,0
3,-5,0
1,-5,-2
-1,-4,-2
-1,-4,0
0,0,0
0,2,1
0,4,3
-2,5,3
-1,5,0
-1,4,1
-4,5,0
-3,1,0
-1,0,0
0,0,0

InverseVelocities: 17
0,0,0
0,-2,0
0,0,0
-2,0,0
0,0,0
0,0,0
0,0,0
0,0,0
0,0,0
0,0,0
0,-2,0
3,-2,0
2,-1,0
2,-1,0
0,-1,0
0,0,0
0,0,0
