GestureName: tap_right
Duration(ms): 846
Handedness: right

SpeakerAngles: 6
55
-55
0
0
110
-110

SpeakerElevations: 6
-10
-10
-10
0
30
30

InterpretedPoints: 18
-4.86151489638292,-1.39838943166485,0.0209445330007911
-8.09543443006709,-2.20438259787765,-0.958110933998418
-8.90214171417869,-2.76924511934127,-0.784462756331487
-11.3293539637513,-3.60277202954249,-0.937166400997627
-17.0259377331969,-2.71417763136442,-2.43716640099763
-16.2121400518475,-3.60277202954249,-0.937166400997627
-6.47492946460611,-5.90533371516446,-0.284462756331487
-1.6134145682232,-1.12972504292725,0.347296355333861
2.42721224957257,0.833526910201223,0.152703644666139
3.24100993092195,7.08414830196387,-0.868240888334652
6.48201986184389,14.1132291159509,-0.0837781320031643
11.3577155527024,13.8445647272133,-0.410129954336234
15.3983423704981,4.49136642772056,-0.562833599002373
12.9711301209256,3.65783951751934,-0.715537243668513
6.49620065631944,3.33410764080489,0.610814578664557
2.43430264681035,0.509795033486775,1.47905546699921
0,-0.592396265452048,1
0,0,0

StrokePoints: 19
0,0,0
-4.86151489638292,-1.39838943166485,0.0209445330007911
-12.95694932645,-3.60277202954249,-0.937166400997627
-21.8590910406287,-6.37201714888376,-1.72162915732911
-33.18844500438,-9.97478917842625,-2.65879555832674
-50.2143827375768,-12.6889668097907,-5.09596195932437
-66.4265227894243,-16.2917388393332,-6.03312836032199
-72.9014522540304,-22.1970725544976,-6.31759111665348
-74.5148668222536,-23.3267975974249,-5.97029476131962
-72.0876545726811,-22.4932706872237,-5.81759111665348
-68.8466446417591,-15.4091223852598,-6.68583200498813
-62.3646247799152,-1.29589326930889,-6.7696101369913
-51.0069092272129,12.5486714579044,-7.17974009132753
-35.6085668567147,17.040037885625,-7.7425736903299
-22.6374367357892,20.6978774031443,-8.45811093399842
-16.1412360794697,24.0319850439492,-7.84729635533386
-13.7069334326594,24.541780077436,-6.36824088833465
-13.7069334326594,23.9493838119839,-5.36824088833465
-13.7069334326594,23.9493838119839,-5.36824088833465

Velocities: 18
-3,0,0
-6,0,0
-7,0,0
-9,0,0
-9,0,0
-9,0,0
-5,0,-2
-2,0,0
2,0,0
2,0,3
5,1,6
5,0,6
9,0,0
7,0,0
5,3,0
2,1,0
0,0,0
0,0,0

InverseVelocities: 18
0,0,0
0,0,0
0,0,0
0,0,0
0,0,0
0,0,0
0,0,0
0,0,0
0,0,0
0,0,0
0,0,0
0,0,0
0,0,0
0,0,0
0,0,0
0,0,0
0,0,0
0,0,0
