GestureName: tap_back
Duration(ms): 752
Handedness: right

SpeakerAngles: 6
55
-55
0
0
110
-110

SpeakerElevations: 6
-10
-10
-10
0
30
30

InterpretedPoints: 16
-1.6134145682232,-3.11453279593945,0.520944533000791
-3.23391953368417,-12.0793318190665,-0.895277334996045
0.827978475824923,-24.2352869259936,-0.158795558326741
1.64886655441207,-22.222945428993,-1.15879555832674
-6.46074867013056,-4.73249707246974,-0.589870045663766
3.21973873920862,-7.29774520272462,-1.11081457866456
-2.43430264681035,0.0275337439884242,-0.82635182233307
0,0,0
1.62759536269875,-0.592396265452048,1
3.22682913644639,9.28853089984152,0.0898700456637662
4.03353642055799,4.43629893974372,1.08987004566377
6.44656787565502,3.60277202954249,0.937166400997627
5.67531257773229,17.6824894574003,2.52703644666139
3.24810032815972,17.4413588126511,1.37433280199525
4.05480761227132,4.21074615077359,0.805407289332278
0,0,0

StrokePoints: 17
0,0,0
-1.6134145682232,-3.11453279593945,0.520944533000791
-4.84733410190737,-15.193864615006,-0.374332801995254
-4.01935562608244,-39.4291515409996,-0.533128360321995
-2.37048907167037,-61.6520969699926,-1.69192391864874
-8.83123774180093,-66.3845940424624,-2.2817939643125
-5.61149900259231,-73.682339245187,-3.39260854297706
-8.04580164940266,-73.6548055011986,-4.21896036531013
-8.04580164940266,-73.6548055011986,-4.21896036531013
-6.41820628670391,-74.2472017666506,-3.21896036531013
-3.19137715025752,-64.9586708668091,-3.12909031964636
0.842159270300477,-60.5223719270654,-2.0392202739826
7.28872714595549,-56.9195998975229,-1.10205387298497
12.9640397236878,-39.2371104401226,1.42498257367642
16.2121400518475,-21.7957516274715,2.79931537567168
20.2669476641188,-17.5850054766979,3.60472266500396
20.2669476641188,-17.5850054766979,3.60472266500396

Velocities: 16
-2,0,-1
-7,-4,-4
-9,-7,-9
-10,-7,-8
-9,-2,0
0,-5,-3
-1,0,0
0,0,0
0,0,0
6,2,3
8,3,0
9,0,0
8,5,7
6,5,7
2,0,2
0,0,0

InverseVelocities: 16
0,0,0
0,0,0
0,0,0
0,0,0
0,0,0
0,0,0
0,0,0
0,0,0
0,0,0
0,0,0
0,0,0
0,0,0
0,0,0
0,0,0
0,0,0
0,0,0
