GestureName: tap_front
Duration(ms): 705
Handedness: right

SpeakerAngles: 6
55
-55
0
0
110
-110

SpeakerElevations: 6
-10
-10
-10
0
30
30

InterpretedPoints: 15
0.806707284111599,1.69458756439087,-0.520944533000791
0.799616886873824,4.22270203898297,-0.889185421335443
0.799616886873822,17.6214440253187,5.02703644666139
1.6134145682232,24.6840365273989,4.13785102532595
1.6134145682232,19.047367200972,4.17974009132753
-1.62050496546097,12.9344145291515,1.06892551266297
-0.806707284111599,0.564862521463623,-0.17364817766693
3.2551907253975,-4.2442578388667,0.868240888334652
0.806707284111599,-12.6382163964255,-1.56892551266297
-1.62050496546097,-11.7496219982474,-3.06892551266297
-2.42721224957257,-9.19995172377156,-3.41622186799684
-4.84733410190737,-9.4901719123929,-3.7635182233307
-1.62050496546097,-8.42747024565187,-0.763518223330696
-3.23391953368417,-1.39838943166485,0.0209445330007911
0,0,0

StrokePoints: 16
0,0,0
0.806707284111599,1.69458756439087,-0.520944533000791
1.60632417098542,5.91728960337384,-1.41012995433623
2.40594105785924,23.5387336286926,3.61690649232516
4.01935562608244,48.2227701560915,7.75475751765111
5.63277019430564,67.2701373570635,11.9344976089786
4.01226522884467,80.2045518862149,13.0034231216416
3.20555794473307,80.7694144076786,12.8297749439747
6.46074867013056,76.5251565688119,13.6980158323093
7.26745595424216,63.8869401723864,12.1290903196464
5.64695098878119,52.137318174139,9.06016480698339
3.21973873920862,42.9373664503674,5.64394293898655
-1.62759536269875,33.4471945379746,1.88042471565586
-3.24810032815972,25.0197242923227,1.11690649232516
-6.48201986184389,23.6213348606578,1.13785102532595
-6.48201986184389,23.6213348606578,1.13785102532595

Velocities: 15
2,1,0
5,3,0
7,5,8
10,8,10
8,6,8
4,5,5
0,1,0
-2,-2,-1
-4,-5,-5
-5,-4,-5
-5,-3,-4
-5,0,-5
-4,-3,-3
-3,0,0
0,0,0

InverseVelocities: 15
0,0,0
0,0,0
0,0,0
0,0,0
0,0,0
0,0,0
0,-1,0
0,0,0
0,0,0
0,0,0
0,0,0
0,0,0
0,0,0
0,0,0
0,0,0
