GestureName: tap_left
Duration(ms): 752
Handedness: right

SpeakerAngles: 6
55
-55
0
0
110
-110

SpeakerElevations: 6
-10
-10
-10
0
30
30

InterpretedPoints: 16
4.05480761227132,0.241130644749175,1.15270364466614
11.336444360989,0,0
17.8184642228329,0.537328777475199,0.652703644666139
13.7707470077994,-1.69458756439087,0.520944533000791
12.9640397236878,-6.17399810390206,-0.610814578664557
8.90923211141646,-2.50058073060367,-0.458110933998418
2.42721224957257,-0.833526910201223,-0.152703644666139
0,0,0
-4.05480761227132,2.22593839776138,0.979055466999209
-6.47492946460611,7.89014146817667,0.110814578664557
-4.04062681779577,8.3448690136866,3.2425736903299
-4.84024370466959,5.78922079510608,4.43716640099763
-5.64695098878119,1.30981025559489,3.30540728933228
-9.71593939552806,2.25347214174981,0.152703644666139
-5.66822218049452,0.296198132726024,-0.5
0,0,0

StrokePoints: 17
0,0,0
4.05480761227132,0.241130644749175,1.15270364466614
15.3912519732604,0.241130644749175,1.15270364466614
33.2097161960933,0.778459422224375,1.80540728933228
46.9804632038927,-0.916128142166496,2.32635182233307
59.9445029275804,-7.09012624606856,1.71553724366851
68.8537350389969,-9.59070697667223,1.25742630967009
71.2809472885695,-10.4242338868735,1.10472266500395
71.2809472885695,-10.4242338868735,1.10472266500395
67.2261396762981,-8.19829548911207,2.08377813200316
60.751210211692,-0.308154020935396,2.19459271066772
56.7105833938963,8.0367149927512,5.43716640099763
51.8703396892267,13.8259357878573,9.87433280199525
46.2233887004455,15.1357460434522,13.1797400913275
36.5074493049174,17.389218185202,13.3324437359937
30.8392271244229,17.685416317928,12.8324437359937
30.8392271244229,17.685416317928,12.8324437359937

Velocities: 16
2,0,0
4,-4,0
7,-5,0
3,-6,0
1,-7,-2
0,-6,0
0,-2,0
0,0,0
0,2,1
0,5,3
3,7,3
0,6,3
-2,5,1
-3,4,1
-2,2,0
0,0,0

InverseVelocities: 16
0,0,0
0,0,0
0,2,0
-3,0,0
-3,0,0
0,0,0
0,0,0
0,0,0
0,0,0
0,0,0
0,0,0
0,-1,0
0,-2,0
0,0,0
0,0,0
0,0,0
