GestureName: tap_back
Duration(ms): 658
Handedness: right

SpeakerAngles: 6
55
-55
0
0
110
-110

SpeakerElevations: 6
-10
-10
-10
0
30
30

InterpretedPoints: 14
-0.820888078587149,-6.20153184789049,0.215537243668512
-8.93759370036756,-22.2504791729814,-0.332443735993671
-9.75848177895471,-32.9589553043715,-0.422313781657437
-4.04062681779577,-9.81625976564235,0.972963553338607
-4.87569569085847,-12.3539741519088,-0.374332801995254
-6.46074867013056,-2.47304698661525,-1.28446275633149
0,0,0
1.62759536269875,-1.77718879635614,3
0.820888078587149,9.52368360048601,2.08987004566377
4.03353642055799,6.10335276014616,1.39527733499604
-4.09734999569797,26.165027191029,1.63785102532595
0,24.7391040153757,2.48514738065981
0.813797681349374,8.45500398964029,-0.0628335990023731
0,0,0

StrokePoints: 15
0,0,0
-0.820888078587149,-6.20153184789049,0.215537243668512
-9.75848177895471,-28.4520110208719,-0.116906492325158
-19.5169635579094,-61.4109663252434,-0.539220273982596
-23.5575903757052,-71.2272260908858,0.433743279356012
-28.4332860665637,-83.5812002427946,0.0594104773607579
-34.8940347366942,-86.0542472294099,-1.22505227897073
-34.8940347366942,-86.0542472294099,-1.22505227897073
-33.2664393739955,-87.831436025766,1.77494772102927
-32.4455512954083,-78.30775242528,3.86481776669304
-28.4120148748503,-72.2043996651338,5.26009510168908
-32.5093648705483,-46.0393724741048,6.89794612701503
-32.5093648705483,-21.3002684587291,9.38309350767484
-31.6955671891989,-12.8452644690888,9.32025990867247
-31.6955671891989,-12.8452644690888,9.32025990867247

Velocities: 14
-2,-3,-2
-9,-7,-8
-12,-11,-12
-12,-8,0
-8,-7,-3
-7,0,0
0,0,0
0,0,0
3,4,4
10,5,0
11,7,10
8,8,10
3,3,3
0,0,0

InverseVelocities: 14
0,0,0
0,0,0
0,0,0
0,0,0
0,0,0
0,0,0
0,0,0
0,0,0
0,0,0
0,0,0
0,0,0
0,0,0
0,0,0
0,0,0
