GestureName: tap_left
Duration(ms): 846
Handedness: right

SpeakerAngles: 6
55
-55
0
0
110
-110

SpeakerElevations: 6
-10
-10
-10
0
30
30

InterpretedPoints: 18
1.6134145682232,1.12972504292725,-0.347296355333861
8.09543443006709,0.537328777475199,0.652703644666139
15.3983423704981,0.564862521463624,-0.173648177666931
14.5845446891488,-0.861060654189647,0.67364817766693
15.3983423704981,-2.82431260731812,0.868240888334652
12.1502420423384,-2.50058073060367,-0.458110933998418
2.45557383852367,-7.61187716776471,1.93107448733702
1.62050496546097,-0.2686643887376,-0.32635182233307
-2.43430264681035,3.08699905195103,0.305407289332279
-5.66113178325674,8.72366837837789,0.263518223330696
-5.64695098878119,6.94647958202175,3.2635182233307
-4.05480761227132,5.76766499522234,4.41622186799684
-5.63986059154342,-0.94366188615492,3.15270364466614
-11.3293539637513,0.2686643887376,0.32635182233307
-6.47492946460611,0.323731876714448,-1.32635182233307
-0.806707284111599,-0.564862521463623,0.17364817766693
0,-17.8632697771099,1.56283359900237
0,0,0

StrokePoints: 19
0,0,0
1.6134145682232,1.12972504292725,-0.347296355333861
9.70884899829029,1.66705382040245,0.305407289332279
25.1071913687884,2.23191634186607,0.131759111665348
39.6917360579372,1.37085568767642,0.805407289332278
55.0900784284353,-1.4534569196417,1.67364817766693
67.2403204707737,-3.95403765024536,1.21553724366851
69.6958943092974,-11.5659148180101,3.14661173100554
71.3163992747583,-11.8345792067477,2.82025990867247
68.882096627948,-8.74758015479664,3.12566719800475
63.2209648446912,-0.0239117764187462,3.38918542133544
57.5740138559101,6.922567805603,6.65270364466614
53.5192062436387,12.6902328008253,11.068925512663
47.8793456520953,11.7465709146704,14.2216291573291
36.5499916883441,12.015235303408,14.5479809796622
30.0750622237379,12.3389671801225,13.2216291573291
29.2683549396263,11.7741046586588,13.395277334996
29.2683549396263,-6.08916511845103,14.9581109339984
29.2683549396263,-6.08916511845103,14.9581109339984

Velocities: 18
2,0,0
4,-2,0
5,-4,0
4,-5,0
2,-7,0
1,-7,0
-8,-6,0
0,-1,0
1,2,1
1,6,3
0,7,3
4,6,2
-3,5,0
-4,5,0
-3,2,0
-1,0,0
0,0,-9
0,0,0

InverseVelocities: 18
0,0,0
0,0,0
0,1,0
0,5,0
-4,3,0
-1,0,0
0,0,0
0,0,0
0,0,0
0,0,0
0,0,0
-2,0,0
0,0,0
1,-2,0
0,0,0
0,0,0
0,0,0
0,0,0
