GestureName: tap_left
Duration(ms): 846
Handedness: right

SpeakerAngles: 6
55
-55
0
0
110
-110

SpeakerElevations: 6
-10
-10
-10
0
30
30

InterpretedPoints: 18
1.62050496546097,0.2686643887376,0.32635182233307
7.29581754319326,-0.296198132726024,0.5
5.66822218049452,-0.296198132726024,0.5
12.9853109154011,0.323731876714448,-1.32635182233307
5.68949337220784,-3.95403765024536,1.21553724366851
8.10252482730486,-3.92052596215225,-0.458110933998418
4.06189800950909,-5.34644913780553,0.389185421335443
0.806707284111599,-0.564862521463623,0.17364817766693
-0.806707284111599,0.564862521463623,-0.17364817766693
-3.23391953368417,5.36800493768926,-0.368240888334652
-7.28872714595549,6.20153184789049,-0.215537243668513
-7.29581754319326,6.20750979199517,-1.06283359900237
-5.67531257773229,1.69458756439087,-0.520944533000791
-7.28872714595549,0.564862521463624,-0.17364817766693
-5.66113178325674,0.564862521463624,-0.17364817766693
-2.42721224957257,0.296198132726024,-0.5
-0.813797681349374,-0.296198132726024,0.5
0,0,0

StrokePoints: 19
0,0,0
1.62050496546097,0.2686643887376,0.32635182233307
8.91632250865424,-0.0275337439884243,0.826351822333069
14.5845446891488,-0.323731876714448,1.32635182233307
27.5698556045499,-4.44089209850063E-16,0
33.2593489767577,-3.95403765024536,1.21553724366851
41.3618738040626,-7.87456361239762,0.757426309670095
45.4237718135717,-13.2210127502031,1.14661173100554
46.2304790976833,-13.7858752716668,1.32025990867247
45.4237718135717,-13.2210127502031,1.14661173100554
42.1898522798875,-7.85300781251388,0.778370842670886
34.901125133932,-1.65147596462339,0.562833599002373
27.6053075907387,4.55603382737178,-0.5
21.9299950130064,6.25062139176265,-1.02094453300079
14.6412678670509,6.81548391322627,-1.19459271066772
8.98013608379421,7.3803464346899,-1.36824088833465
6.55292383422164,7.67654456741592,-1.86824088833465
5.73912615287226,7.3803464346899,-1.36824088833465
5.73912615287226,7.3803464346899,-1.36824088833465

Velocities: 18
1,0,0
2,-2,0
2,-2,0
2,-3,0
-3,-4,0
0,-5,-1
-3,-4,-1
0,-1,0
0,1,0
0,3,2
0,5,2
2,6,1
0,3,0
-2,3,0
-2,3,0
-1,1,0
0,0,0
0,0,0

InverseVelocities: 18
0,0,0
0,0,0
0,0,0
-2,2,0
0,1,0
0,0,0
2,0,0
0,0,0
0,0,0
0,0,0
0,-1,0
-2,0,0
0,0,0
0,0,0
0,0,0
0,0,0
0,0,0
0,0,0
