GestureName: tap_down
Duration(ms): 893
Handedness: right

SpeakerAngles: 6
55
-55
0
0
110
-110

SpeakerElevations: 6
-10
-10
-10
0
30
30

InterpretedPoints: 19
-0.806707284111599,0.564862521463623,-0.17364817766693
-4.04771721503354,5.07180680496324,0.131759111665348
-2.41303145509702,7.86260772418825,0.937166400997627
4.88987648533402,7.10208213427793,-3.41012995433623
0,0,0
-1.60632417098542,11.9148244621779,-1.88918542133544
1.6417761571743,-0.0550674879768485,1.65270364466614
0,0,0
-1.62050496546097,0.2686643887376,0.32635182233307
-5.68240297497007,2.8302905514228,-1.71553724366851
-0.813797681349374,-0.296198132726024,0.5
-0.827978475824924,-5.40749456988706,2.88918542133544
-0.0141807944755501,-3.98157139423379,2.04188906600158
-0.813797681349374,-0.296198132726024,0.5
0,0,0
0,0,0
0,0,0
0,7.93923101204883,-0.694592710667721
0,0,0

StrokePoints: 20
0,0,0
-0.806707284111599,0.564862521463623,-0.17364817766693
-4.85442449914514,5.63666932642686,-0.0418890660015822
-7.26745595424216,13.4992770506151,0.895277334996045
-2.37757946890815,20.601359184893,-2.51485261934019
-2.37757946890815,20.601359184893,-2.51485261934019
-3.98390363989357,32.516183647071,-4.40403804067563
-2.34212748271927,32.4611161590941,-2.75133439600949
-2.34212748271927,32.4611161590941,-2.75133439600949
-3.96263244818024,32.7297805478317,-2.42498257367642
-9.64503542315031,35.5600710992545,-4.14051981734493
-10.4588331044997,35.2638729665285,-3.64051981734493
-11.2868115803246,29.8563783966414,-0.751334396009492
-11.3009923748002,25.8748070024076,1.29055466999209
-12.1147900561495,25.5786088696816,1.79055466999209
-12.1147900561495,25.5786088696816,1.79055466999209
-12.1147900561495,25.5786088696816,1.79055466999209
-12.1147900561495,25.5786088696816,1.79055466999209
-12.1147900561495,33.5178398817305,1.09596195932437
-12.1147900561495,33.5178398817305,1.09596195932437

Velocities: 19
0,1,0
0,3,2
1,5,3
5,6,0
0,0,0
0,3,5
0,2,0
0,0,0
0,1,0
3,5,-1
0,0,0
-3,-5,0
-2,-4,0
0,0,0
0,0,0
0,0,0
0,0,0
0,0,4
0,0,0

InverseVelocities: 19
0,0,0
0,0,0
0,0,0
0,0,0
0,0,0
0,0,0
0,-3,0
0,0,0
0,0,0
0,0,0
0,0,0
0,0,0
0,0,0
0,0,0
0,0,0
0,0,0
0,0,0
0,0,0
0,0,0
