GestureName: tap_right
Duration(ms): 893
Handedness: right

SpeakerAngles: 6
55
-55
0
0
110
-110

SpeakerElevations: 6
-10
-10
-10
0
30
30

InterpretedPoints: 19
-1.62050496546097,-0.2686643887376,-0.32635182233307
-6.48911025908167,-0.2686643887376,-0.32635182233307
-9.73721058724139,-1.66705382040245,-0.305407289332279
-7.30999833766881,-3.03790950807887,-1.11081457866456
-13.7849278022749,-6.68379313738884,-2.08987004566377
-15.4125231649737,-4.16165660690143,-1.61081457866456
-7.30999833766881,-6.99556912589391,-2.45811093399842
-3.24810032815972,-1.66107587629776,-1.15270364466614
0,0,0
2.43430264681035,1.95727400902378,0.652703644666139
4.86151489638292,4.77560867223722,0.631759111665348
6.48911025908166,0.213596900760752,1.97905546699921
9.75139138171694,9.01388856699923,0.610814578664557
8.09543443006709,2.79677886332969,-0.0418890660015822
5.66822218049452,1.37085568767642,0.805407289332278
4.86151489638292,0.805993166212799,0.979055466999209
0,-0.0550674879768485,1.65270364466614
0.813797681349374,-0.296198132726024,0.5
0,0,0

StrokePoints: 20
0,0,0
-1.62050496546097,-0.2686643887376,-0.32635182233307
-8.10961522454264,-0.537328777475199,-0.652703644666139
-17.846825811784,-2.20438259787765,-0.958110933998418
-25.1568241494528,-5.24229210595652,-2.06892551266297
-38.9417519517278,-11.9260852433454,-4.15879555832674
-54.3542751167014,-16.0877418502468,-5.7696101369913
-61.6642734543703,-23.0833109761407,-8.22772107098971
-64.91237378253,-24.7443868524384,-9.38042471565585
-64.91237378253,-24.7443868524384,-9.38042471565585
-62.4780711357196,-22.7871128434147,-8.72772107098971
-57.6165562393367,-18.0115041711775,-8.09596195932437
-51.1274459802551,-17.7979072704167,-6.11690649232516
-41.3760545985381,-8.78401870341747,-5.5060919136606
-33.280620168471,-5.98723984008777,-5.54798097966218
-27.6123979879765,-4.61638415241135,-4.74257369032991
-22.7508830915936,-3.81039098619855,-3.7635182233307
-22.7508830915936,-3.8654584741754,-2.11081457866456
-21.9370854102442,-4.16165660690142,-1.61081457866456
-21.9370854102442,-4.16165660690142,-1.61081457866456

Velocities: 19
-1,0,0
-2,1,0
-4,0,0
-5,-3,0
-8,-1,-2
-7,0,-1
-2,0,-4
-1,0,-1
0,0,0
1,0,1
3,0,2
3,0,0
3,1,4
6,0,0
4,0,0
3,0,0
1,1,0
0,0,0
0,0,0

InverseVelocities: 19
0,0,0
0,0,0
0,0,0
0,1,0
0,0,0
0,0,0
0,0,0
0,0,0
0,0,0
0,0,0
0,0,0
0,0,0
0,0,0
0,0,0
0,0,0
0,0,0
0,0,0
0,0,0
0,0,0
