GestureName: tap_right
Duration(ms): 846
Handedness: right

SpeakerAngles: 6
55
-55
0
0
110
-110

SpeakerElevations: 6
-10
-10
-10
0
30
30

InterpretedPoints: 18
-1.62050496546097,-1.99078569711689,1.02094453300079
-4.06189800950909,-3.36164138479332,0.215537243668513
-13.7849278022749,-2.82431260731812,0.868240888334652
-20.2669476641188,-8.72366837837789,-0.263518223330696
-17.0259377331969,-3.30657389681647,-1.43716640099763
-14.5916350863865,-2.1493151099008,-2.61081457866456
-4.88278608809624,0.592396265452048,-1
-2.44139304404812,0.888594398178072,-1.5
0,0,0
2.44139304404812,5.06582886085855,0.979055466999209
8.91632250865424,10.971162576023,1.2635182233307
12.1573324395762,3.36164138479332,-0.215537243668513
12.9711301209256,3.06544325206729,0.284462756331487
11.3435347582268,3.65783951751934,-0.715537243668512
8.10252482730486,1.93571820914005,0.631759111665348
4.04771721503354,1.10219129893882,0.479055466999209
0.806707284111599,0.564862521463623,-0.17364817766693
0,0,0

StrokePoints: 19
0,0,0
-1.62050496546097,-1.99078569711689,1.02094453300079
-5.68240297497007,-5.35242708191021,1.2364817766693
-19.467330777245,-8.17673968922833,2.10472266500396
-39.7342784413638,-16.9004080676062,1.84120444167326
-56.7602161745607,-20.2069819644227,0.404038040675633
-71.3518512609472,-22.3562970743235,-2.20677653798892
-76.2346373490435,-21.7639008088714,-3.20677653798892
-78.6760303930916,-20.8753064106934,-4.70677653798892
-78.6760303930916,-20.8753064106934,-4.70677653798892
-76.2346373490435,-15.8094775498348,-3.72772107098972
-67.3183148403892,-4.8383149738118,-2.46420284765902
-55.160982400813,-1.47667358901848,-2.67974009132753
-42.1898522798875,1.58876966304881,-2.39527733499604
-30.8463175216607,5.24660918056815,-3.11081457866456
-22.7437926943558,7.1823273897082,-2.47905546699921
-18.6960754793223,8.28451868864702,-2
-17.8893681952107,8.84938121011064,-2.17364817766693
-17.8893681952107,8.84938121011064,-2.17364817766693

Velocities: 18
-2,-1,0
-4,-3,0
-6,1,0
-9,2,-3
-9,0,0
-8,0,0
0,0,0
0,0,0
0,0,0
0,0,3
5,0,5
7,0,0
7,0,0
7,0,0
5,0,0
3,0,0
1,0,0
0,0,0

InverseVelocities: 18
0,0,0
0,0,0
0,0,0
0,0,0
0,0,0
0,0,0
0,0,0
0,0,0
0,0,0
0,0,0
0,0,0
0,0,0
0,0,0
0,0,0
0,0,0
0,0,0
0,0,0
0,0,0
