GestureName: tap_down
Duration(ms): 705
Handedness: right

SpeakerAngles: 6
55
-55
0
0
110
-110

SpeakerElevations: 6
-10
-10
-10
0
30
30

InterpretedPoints: 15
-0.799616886873824,1.42592317565327,-0.847296355333861
0.0141807944755503,2.85184635130654,-1.69459271066772
2.45557383852367,2.61071570655737,-2.84729635533386
4.07607880398464,2.34205131781977,-3.17364817766693
1.62759536269875,-0.592396265452048,1
-0.813797681349374,-0.296198132726024,0.5
0,0,0
-1.62759536269875,-0.592396265452048,1
-1.62759536269875,-0.592396265452048,1
-0.813797681349374,-4.26581363875044,0.847296355333861
0.799616886873824,-4.98030076836556,6.84729635533386
-4.06898840674687,-3.74044074948461,3.19459271066772
-4.86860529362069,-2.31451757383134,2.34729635533386
-1.62759536269875,-0.592396265452048,1
0,0,0

StrokePoints: 16
0,0,0
-0.799616886873824,1.42592317565327,-0.847296355333861
-0.785436092398273,4.27776952695981,-2.54188906600158
1.6701377461254,6.88848523351718,-5.38918542133544
5.74621655011004,9.23053655133695,-8.56283359900237
7.37381191280879,8.6381402858849,-7.56283359900237
6.56001423145942,8.34194215315888,-7.06283359900237
6.56001423145942,8.34194215315888,-7.06283359900237
4.93241886876067,7.74954588770683,-6.06283359900237
3.30482350606192,7.15714962225478,-5.06283359900237
2.49102582471255,2.89133598350434,-4.21553724366851
3.29064271158637,-2.08896478486122,2.63175911166535
-0.778345695160498,-5.82940553434583,5.82635182233307
-5.64695098878119,-8.14392310817717,8.17364817766693
-7.27454635147994,-8.73631937362922,9.17364817766693
-7.27454635147994,-8.73631937362922,9.17364817766693

Velocities: 15
0,2,0
1,3,0
0,2,0
0,1,0
0,0,0
0,0,0
0,0,0
0,0,0
0,0,0
0,0,-2
0,-2,0
-2,-2,0
-2,0,0
0,0,0
0,0,0

InverseVelocities: 15
0,0,0
0,0,0
0,-1,0
0,0,0
0,0,0
0,0,0
0,0,0
0,0,0
0,0,0
0,0,0
0,0,0
0,0,0
0,0,0
0,0,0
0,0,0
