GestureName: tap_front
Duration(ms): 752
Handedness: right

SpeakerAngles: 6
55
-55
0
0
110
-110

SpeakerElevations: 6
-10
-10
-10
0
30
30

InterpretedPoints: 16
1.62050496546097,0.2686643887376,0.32635182233307
1.6134145682232,11.5360250974866,1.08987004566377
-4.06189800950909,3.84390267429167,2.08987004566377
2.42721224957257,20.198648043783,3.85338826899446
-1.62050496546097,21.8932356081739,3.33244373599367
-4.84733410190737,20.775466453456,1.98514738065981
-1.62050496546097,9.22748546775998,2.58987004566377
0,1.98480775301221,-0.17364817766693
3.21973873920862,-5.0502510050795,-0.110814578664557
4.01935562608244,-14.89766648228,-0.874332801995253
3.21264834197084,-19.1143905771582,-0.832443735993671
4.06189800950909,-13.1204776859238,-3.87433280199525
-0.00709039723777494,-9.76481424523518,-3.2425736903299
-1.6134145682232,-1.0746575549504,-1.30540728933228
-1.62050496546097,-1.39838943166485,0.0209445330007911
0,0,0

StrokePoints: 17
0,0,0
1.62050496546097,0.2686643887376,0.32635182233307
3.23391953368417,11.8046894862242,1.41622186799684
-0.827978475824924,15.6485921605159,3.5060919136606
1.59923377374765,35.8472402042989,7.35948018265506
-0.021271191713327,57.7404758124728,10.6919239186487
-4.86860529362069,78.5159422659288,12.6770712993085
-6.48911025908167,87.7434277336887,15.2669413449723
-6.48911025908167,89.728235486701,15.0932931673054
-3.26937151987305,84.6779844816215,14.9824785886408
0.749984106209395,69.7803179993415,14.1081457866456
3.96263244818024,50.6659274221833,13.2757020506519
8.02453045768933,37.5454497362594,9.40136924865665
8.01744006045156,27.7806354910243,6.15879555832674
6.40402549222836,26.7059779360739,4.85338826899447
4.78352052676739,25.307588504409,4.87433280199526
4.78352052676739,25.307588504409,4.87433280199526

Velocities: 16
1,0,0
4,2,5
5,6,0
7,5,9
7,8,9
7,12,7
3,4,4
0,0,1
-1,-6,-1
-3,-10,-5
-6,-12,-6
-6,-7,-5
-4,-5,-4
-3,-1,0
-2,-1,0
0,0,0

InverseVelocities: 16
0,0,0
0,0,0
0,0,0
0,0,0
0,0,0
0,0,0
0,0,0
0,0,0
0,0,0
0,0,0
0,0,0
0,0,0
0,0,0
0,0,0
0,0,0
0,0,0
