GestureName: tap_back
Duration(ms): 611
Handedness: right

SpeakerAngles: 6
55
-55
0
0
110
-110

SpeakerElevations: 6
-10
-10
-10
0
30
30

InterpretedPoints: 13
-2.42721224957257,-0.833526910201223,-0.152703644666139
-0.820888078587149,-14.0306278839856,-2.39527733499604
-6.51038145079499,-32.6352234276571,-1.74866560399051
0,-30.2656383658489,-5.74866560399051
-1.62050496546097,-10.9184510645812,0.493908086339398
-2.44139304404812,1.48099066363012,-2.5
-0.813797681349374,-0.296198132726024,0.5
7.28163674871771,6.95245752612644,2.41622186799684
12.9711301209256,4.02996583106399,4.89527733499604
-5.71076456392117,7.98400348130936,3.67974009132753
0.0283615889510993,28.4460330767672,0.96420284765902
0.813797681349374,7.54485379157848,1.41622186799684
0,0,0

StrokePoints: 14
0,0,0
-2.42721224957257,-0.833526910201223,-0.152703644666139
-3.24810032815972,-14.8641547941868,-2.54798097966218
-9.75848177895471,-47.4993782218439,-4.29664658365269
-9.75848177895471,-77.7650165876928,-10.0453121876432
-11.3789867444157,-88.683467652274,-9.5514041013038
-13.8203797884638,-87.2024769886439,-12.0514041013038
-14.6341774698132,-87.4986751213699,-11.5514041013038
-7.35254072109546,-80.5462175952435,-9.13518223330696
5.61858939983009,-76.5162517641795,-4.23990489831092
-0.0921751640910742,-68.5322482828701,-0.560164806983387
-0.0638135751399749,-40.0862152061029,0.404038040675633
0.749984106209399,-32.5413614145244,1.82025990867247
0.749984106209399,-32.5413614145244,1.82025990867247

Velocities: 13
-2,0,0
-4,-5,-6
-12,-12,-12
-12,-12,-12
-12,-11,0
0,0,0
0,0,0
8,2,2
11,4,0
12,10,0
7,11,11
5,5,2
0,0,0

InverseVelocities: 13
0,0,0
0,0,0
0,0,0
0,0,0
0,0,0
0,0,0
0,0,0
0,0,0
0,0,0
0,0,0
0,0,0
0,0,0
0,0,0
