GestureName: tap_left
Duration(ms): 799
Handedness: right

SpeakerAngles: 6
55
-55
0
0
110
-110

SpeakerElevations: 6
-10
-10
-10
0
30
30

InterpretedPoints: 17
1.62050496546097,0.2686643887376,0.32635182233307
7.30290794043104,1.10219129893882,0.479055466999209
8.91632250865424,0.509795033486775,1.47905546699921
12.1573324395762,-0.0275337439884243,0.826351822333069
12.164422836814,-1.96325195312847,0.194592710667722
5.66822218049452,-2.55564821858052,1.19459271066772
6.48201986184389,-3.65186157341465,-0.131759111665348
2.42721224957257,-0.833526910201223,-0.152703644666139
-0.813797681349374,-0.296198132726024,0.5
-4.86151489638292,2.79080091922501,0.805407289332278
-4.04062681779577,5.82273248319919,2.7635182233307
-5.65404138601897,0.186063156772327,2.80540728933228
-7.27454635147994,-0.67499749741732,3.47905546699921
-12.1715132340517,-0.027533743988424,0.826351822333069
-4.85442449914514,0.592396265452048,-1
-0.806707284111599,-0.564862521463623,0.17364817766693
0,0,0

StrokePoints: 18
0,0,0
1.62050496546097,0.2686643887376,0.32635182233307
8.92341290589201,1.37085568767642,0.805407289332279
17.8397354145462,1.8806507211632,2.28446275633149
29.9970678541224,1.85311697717477,3.11081457866456
42.1614906909364,-0.110134975953696,3.30540728933228
47.8297128714309,-2.66578319453421,4.5
54.3117327332748,-6.31764476794887,4.36824088833465
56.7389449828474,-7.15117167815009,4.21553724366851
55.925147301498,-7.44736981087611,4.71553724366851
51.0636324051151,-4.65656889165111,5.52094453300079
47.0230055873193,1.16616359154808,8.28446275633149
41.3689642013003,1.35222674832041,11.0898700456638
34.0944178498204,0.67722925090309,14.568925512663
21.9229046157687,0.649695506914666,15.395277334996
17.0684801166235,1.24209177236671,14.395277334996
16.2617728325119,0.67722925090309,14.568925512663
16.2617728325119,0.67722925090309,14.568925512663

Velocities: 17
1,0,0
3,0,0
4,-1,0
4,-3,0
1,-5,0
0,-4,0
0,-4,-1
0,-2,0
0,0,0
0,3,1
2,6,2
-1,5,0
-2,5,0
-2,3,0
-2,2,0
-1,0,0
0,0,0

InverseVelocities: 17
0,0,0
0,0,0
0,0,0
0,1,0
0,0,0
0,0,0
0,0,0
0,0,0
0,0,0
0,0,0
0,-1,0
0,-1,0
0,-2,0
0,-1,0
0,0,0
0,0,0
0,0,0
