GestureName: tap_up
Duration(ms): 799
Handedness: right

SpeakerAngles: 6
55
-55
0
0
110
-110

SpeakerElevations: 6
-10
-10
-10
0
30
30

InterpretedPoints: 17
0.820888078587149,-2.28698382984292,1.52094453300079
-0.813797681349374,-8.31440840917045,6.2364817766693
-4.88987648533402,-11.0836535285117,5.45201902033781
-5.71785496115894,-30.9652427467269,8.86214897467405
-4.90405727980957,-37.1607966505127,8.2303898630087
-2.4484834412859,-27.4108651540146,2.86214897467405
-0.820888078587149,-5.62109147064781,0.910129954336234
0.806707284111599,0.564862521463623,-0.17364817766693
3.2268291364464,2.25945008585449,-0.694592710667721
0.835068873062699,7.28814529105026,-0.604722665003955
4.90405727980957,32.2690750582171,-4.70944533000791
3.29064271158637,12.213378571439,-5.79931537567168
4.89696688257179,11.3523179172493,-5.12566719800475
4.08316920122242,7.12961587826636,-4.2364817766693
3.24810032815972,1.4534569196417,-1.67364817766693
-0.806707284111599,1.15725878691567,-1.17364817766693
0,0,0

StrokePoints: 18
0,0,0
0.820888078587149,-2.28698382984292,1.52094453300079
0.00709039723777494,-10.6013922390134,7.75742630967009
-4.88278608809624,-21.6850457675251,13.2094453300079
-10.6006410492552,-52.650288514252,22.071594304682
-15.5046983290648,-89.8110851647647,30.3019841676907
-17.9531817703507,-117.221950318779,33.1641331423647
-18.7740698489378,-122.843041789427,34.0742630967009
-17.9673625648262,-122.278179267964,33.900614919034
-14.7405334283798,-120.018729182109,33.2060222083663
-13.9054645553171,-112.730583891059,32.6012995433623
-9.00140727550754,-80.4615088328417,27.8918542133544
-5.71076456392117,-68.2481302614027,22.0925388376828
-0.813797681349375,-56.8958123441534,16.966871639678
3.26937151987304,-49.766196465887,12.7303898630087
6.51747184803276,-48.3127395462453,11.0567416853418
5.71076456392117,-47.1554807593297,9.88309350767485
5.71076456392117,-47.1554807593297,9.88309350767485

Velocities: 17
-2,-1,0
-5,-5,0
-8,-9,0
-8,-11,-9
-9,-12,-12
-9,-10,-9
-5,-6,0
1,0,0
4,0,0
6,9,0
8,11,11
7,12,0
8,10,0
4,6,0
1,0,0
0,1,0
0,0,0

InverseVelocities: 17
0,0,0
0,0,0
0,0,0
0,0,0
0,0,0
0,0,0
0,0,0
0,0,0
0,0,0
0,0,0
0,0,0
0,0,0
0,0,0
0,0,0
0,0,0
0,0,0
0,0,0
