GestureName: tap_up
Duration(ms): 752
Handedness: right

SpeakerAngles: 6
55
-55
0
0
110
-110

SpeakerElevations: 6
-10
-10
-10
0
30
30

InterpretedPoints: 16
-0.00709039723777505,-0.861060654189647,0.67364817766693
0.799616886873824,-9.49920094007454,8.2364817766693
-4.89696688257179,-11.9447141827014,6.12566719800475
-5.71785496115894,-12.509576704165,6.29931537567168
-4.07607880398464,-24.6811096668712,6.16755626400633
2.4201218523348,-12.1679109951365,2.43107448733702
0,0,0
1.62759536269875,4.7815866163419,-0.215537243668512
-1.60632417098542,8.17673968922833,-2.10472266500395
3.2835523143486,26.1010548984197,-6.16755626400633
5.72494535839672,24.6200642347896,-3.66755626400633
3.2551907253975,1.1847925309041,-2
3.2551907253975,1.1847925309041,-2
0,0,0
0.813797681349374,0.296198132726024,-0.5
0,0,0

StrokePoints: 17
0,0,0
-0.00709039723777505,-0.861060654189647,0.67364817766693
0.792526489636049,-10.3602615942642,8.91012995433623
-4.10444039293574,-22.3049757769656,15.035797152341
-9.82229535409468,-34.8145524811305,21.3351125280127
-13.8983741580793,-59.4956621480017,27.502668792019
-11.4782523057445,-71.6635731431382,29.933743279356
-11.4782523057445,-71.6635731431382,29.933743279356
-9.85065694304579,-66.8819865267963,29.7182060356875
-11.4569811140312,-58.705246837568,27.6134833706835
-8.17342879968261,-32.6041919391482,21.4459271066772
-2.4484834412859,-7.9841277043586,17.7783708426709
0.806707284111599,-6.79933517345451,15.7783708426709
4.06189800950909,-5.61454264255041,13.7783708426709
4.06189800950909,-5.61454264255041,13.7783708426709
4.87569569085847,-5.31834450982439,13.2783708426709
4.87569569085847,-5.31834450982439,13.2783708426709

Velocities: 16
0,-1,0
-4,-6,0
-8,-10,0
-8,-11,0
-8,-9,-7
-4,-7,-3
0,0,0
3,3,1
6,9,0
6,10,8
6,10,8
0,0,0
0,0,0
0,0,0
0,0,0
0,0,0

InverseVelocities: 16
0,0,0
0,0,0
0,0,0
0,0,0
0,0,0
0,0,0
0,0,0
0,0,0
0,0,0
0,0,0
0,0,0
0,0,0
0,0,0
0,0,0
0,0,0
0,0,0
