GestureName: tap_down
Duration(ms): 987
Handedness: right

SpeakerAngles: 6
55
-55
0
0
110
-110

SpeakerElevations: 6
-10
-10
-10
0
30
30

InterpretedPoints: 21
-0.806707284111599,0.564862521463623,-0.17364817766693
-2.43430264681035,4.21672409487828,-0.0418890660015822
-2.44139304404812,3.63030577353092,0.110814578664557
-2.43430264681035,4.49136642772056,-0.562833599002373
4.07607880398464,5.73122644660151,-4.21553724366851
5.72494535839672,2.55564821858052,-1.19459271066772
4.07607880398464,0.564862521463623,-0.17364817766693
4.88987648533402,0.2686643887376,0.32635182233307
0.806707284111599,1.21232627489252,-2.82635182233307
1.62050496546097,-0.2686643887376,-0.32635182233307
0,0,0
-1.62759536269875,-0.592396265452048,1
-2.43430264681035,-0.619930009440472,1.82635182233307
-1.62759536269875,-1.77718879635614,3
0,-1.77718879635614,3
6.50329105355722,-5.54516328982918,7.02094453300079
8.94468409760534,-9.1754690633601,6.91012995433623
-4.89696688257179,-8.01821027644443,5.7364817766693
1.6134145682232,-6.5037079247212,1.56283359900237
-0.806707284111599,-0.564862521463623,0.17364817766693
0,0,0

StrokePoints: 22
0,0,0
-0.806707284111599,0.564862521463623,-0.17364817766693
-3.24100993092194,4.7815866163419,-0.215537243668512
-5.68240297497007,8.41189238987282,-0.104722665003955
-8.11670562178041,12.9032588175934,-0.667556264006328
-4.04062681779577,18.6344852641949,-4.88309350767484
1.68431854060095,21.1901334827754,-6.07768621834256
5.76039734458559,21.754996004239,-6.25133439600949
10.6502738299196,22.0236603929766,-5.92498257367642
11.4569811140312,23.2359866678691,-8.75133439600949
13.0774860794922,22.9673222791316,-9.07768621834256
13.0774860794922,22.9673222791316,-9.07768621834256
11.4498907167934,22.3749260136795,-8.07768621834256
9.01558806998309,21.754996004239,-6.25133439600949
7.38799270728434,19.9778072078829,-3.25133439600949
7.38799270728434,18.2006184115267,-0.251334396009491
13.8912837608416,12.6554551216976,6.7696101369913
22.8359678584469,3.47998605833747,13.6797400913275
17.9390009758751,-4.53822421810696,19.4162218679968
19.5524155440983,-11.0419321428282,20.9790554669992
18.7457082599867,-11.6067946642918,21.1527036446661
18.7457082599867,-11.6067946642918,21.1527036446661

Velocities: 21
0,1,0
2,3,1
4,4,0
4,5,0
3,4,0
0,4,0
0,1,0
0,1,0
0,-1,0
0,-1,0
0,0,0
0,0,0
0,1,0
0,0,0
0,0,0
-1,-2,0
-5,-6,0
-4,-6,0
-3,-5,-1
-1,0,0
0,0,0

InverseVelocities: 21
0,0,0
0,0,0
0,0,0
0,0,0
0,0,0
0,0,0
0,0,0
0,-1,0
0,0,0
0,0,0
0,0,0
0,0,0
0,0,0
0,0,0
0,0,0
0,0,0
0,0,0
0,0,0
0,0,0
0,0,0
0,0,0
