GestureName: tap_up
Duration(ms): 705
Handedness: right

SpeakerAngles: 6
55
-55
0
0
110
-110

SpeakerElevations: 6
-10
-10
-10
0
30
30

InterpretedPoints: 15
1.63468575993652,-5.43502831387548,3.71553724366851
-1.63468575993652,-8.17673968922833,2.10472266500395
-6.53165264250832,-13.3431036143662,6.14661173100554
0,-28.2808306128367,-5.92231378165744
4.06189800950909,-7.06787533914286,-6.0060919136606
-3.26228112263527,-6.99194715832423,0.104722665003955
0.00709039723777538,2.4179794986384,2.93716640099763
0.0141807944755503,7.20554405908498,1.87433280199525
1.63468575993652,9.84379350963077,-1.79931537567168
-8.11670562178041,5.75208713944329,3.54798097966218
4.89696688257179,7.90807530049073,-2.43107448733702
2.4484834412859,5.67615895862466,-2.56283359900237
2.44139304404812,2.55564821858052,-1.19459271066772
-1.62050496546097,0.2686643887376,0.32635182233307
0,0,0

StrokePoints: 16
0,0,0
1.63468575993652,-5.43502831387548,3.71553724366851
4.44089209850063E-16,-13.6117680031038,5.82025990867247
-6.53165264250832,-26.95487161747,11.966871639678
-6.53165264250832,-55.2357022303067,6.04455785802057
-2.46975463299922,-62.3035775694496,0.0384659443599666
-5.73203575563449,-69.2955247277738,0.143188609363922
-5.72494535839672,-66.8775452291354,3.08035501036155
-5.71076456392117,-59.6720011700504,4.9546878123568
-4.07607880398465,-49.8282076604197,3.15537243668513
-12.1927844257651,-44.0761205209764,6.70335341634731
-7.29581754319327,-36.1680452204856,4.27227892901028
-4.84733410190737,-30.491886261861,1.70944533000791
-2.40594105785925,-27.9362380432805,0.514852619340191
-4.02644602332022,-27.6675736545429,0.841204441673261
-4.02644602332022,-27.6675736545429,0.841204441673261

Velocities: 15
-4,-3,0
-7,-8,0
-9,-12,0
-12,-12,-11
-11,-12,0
-7,-8,0
4,5,0
8,10,0
9,10,0
7,10,0
6,8,0
4,5,0
2,2,0
0,1,0
0,0,0

InverseVelocities: 15
0,0,0
0,0,0
0,2,0
0,0,0
0,0,0
0,0,0
0,0,0
0,0,0
0,0,0
0,0,0
0,0,0
0,0,0
0,0,0
0,0,0
0,0,0
