GestureName: tap_right
Duration(ms): 893
Handedness: right

SpeakerAngles: 6
55
-55
0
0
110
-110

SpeakerElevations: 6
-10
-10
-10
0
30
30

InterpretedPoints: 19
-0.813797681349374,0.296198132726024,-0.5
-3.24810032815972,0.323731876714448,-1.32635182233307
-10.5368274741152,-1.37085568767642,-0.805407289332278
-12.1360612478629,-0.778459422224375,-1.80540728933228
-15.3983423704981,-0.454727545509927,-3.13175911166535
-15.4196135622115,-11.2398269647606,-1.58987004566377
-12.9782205181633,-12.1284213629387,-0.0898700456637662
-1.6134145682232,-1.12972504292725,0.347296355333861
0,0,0
0.806707284111599,0.564862521463623,-0.17364817766693
0.813797681349374,-0.888594398178072,1.5
12.1573324395762,1.58445258843717,2.78446275633149
12.1502420423384,15.1543749828082,2.89527733499604
12.9711301209256,1.28825445571115,3.28446275633149
9.71593939552806,2.47304698661525,1.28446275633149
9.73012019000361,1.343321943688,1.63175911166535
6.48911025908166,0.213596900760752,1.97905546699921
1.62050496546097,1.66107587629776,1.15270364466614
0,0,0

StrokePoints: 20
0,0,0
-0.813797681349374,0.296198132726024,-0.5
-4.06189800950909,0.619930009440472,-1.82635182233307
-14.5987254836243,-0.750925678235951,-2.63175911166535
-26.7347867314872,-1.52938510046033,-4.43716640099763
-42.1331291019853,-1.98411264597025,-7.56892551266297
-57.5527426641967,-13.2239396107309,-9.15879555832674
-70.5309631823601,-25.3523609736696,-9.2486656039905
-72.1443777505833,-26.4820860165968,-8.90136924865664
-72.1443777505833,-26.4820860165968,-8.90136924865664
-71.3376704664717,-25.9172234951332,-9.07501742632357
-70.5238727851223,-26.8058178933113,-7.57501742632357
-58.3665403455461,-25.2213653048741,-4.79055466999209
-46.2162983032077,-10.0669903220659,-1.89527733499604
-33.2451681822822,-8.77873586635474,1.38918542133544
-23.5292287867541,-6.3056888797395,2.67364817766693
-13.7991085967505,-4.9623669360515,4.30540728933228
-7.30999833766882,-4.74877003529075,6.28446275633149
-5.68949337220785,-3.08769415899299,7.43716640099763
-5.68949337220785,-3.08769415899299,7.43716640099763

Velocities: 19
0,0,0
-1,0,0
-5,1,0
-7,3,0
-7,2,0
-6,0,-5
-6,0,-5
-2,0,0
0,0,0
1,0,0
0,0,0
7,0,0
8,0,7
7,0,0
7,0,0
5,0,0
3,0,0
1,0,1
0,0,0

InverseVelocities: 19
0,0,0
0,0,0
0,0,0
0,0,0
0,0,0
0,0,0
0,0,0
0,0,0
0,0,0
0,0,0
0,0,0
0,0,0
0,0,0
0,0,0
0,0,0
0,0,0
0,0,0
0,0,0
0,0,0
