GestureName: tap_down
Duration(ms): 705
Handedness: right

SpeakerAngles: 6
55
-55
0
0
110
-110

SpeakerElevations: 6
-10
-10
-10
0
30
30

InterpretedPoints: 15
-0.806707284111599,0.564862521463623,-0.17364817766693
4.86860529362069,2.31451757383134,-2.34729635533386
4.08316920122242,7.7220121437184,-5.2364817766693
5.71076456392117,8.9068046746225,-7.2364817766693
-0.813797681349374,0.888594398178072,-1.5
0,0.592396265452048,-1
0,0,0
-0.813797681349374,-0.296198132726024,0.5
-1.62759536269875,-0.592396265452048,1
-7.33835992661991,-1.42592317565327,0.847296355333861
3.23391953368417,-5.54516328982918,7.02094453300079
-4.88987648533402,-4.89769953640028,4.36824088833465
1.60632417098542,-4.36037075892509,5.02094453300079
-0.813797681349374,-0.296198132726024,0.5
0,0,0

StrokePoints: 16
0,0,0
-0.806707284111599,0.564862521463623,-0.17364817766693
4.06189800950909,2.87938009529497,-2.52094453300079
8.14506721073151,10.6013922390134,-7.75742630967009
13.8558317746527,19.5081969136359,-14.9939080863394
13.0420340933033,20.3967913118139,-16.4939080863394
13.0420340933033,20.989187577266,-17.4939080863394
13.0420340933033,20.989187577266,-17.4939080863394
12.2282364119539,20.69298944454,-16.9939080863394
10.6006410492552,20.1005931790879,-15.9939080863394
3.26228112263527,18.6746700034346,-15.1466117310055
6.49620065631944,13.1295067136055,-8.12566719800475
1.60632417098542,8.23180717720518,-3.75742630967009
3.21264834197084,3.87143641828009,1.2635182233307
2.39885066062147,3.57523828555407,1.7635182233307
2.39885066062147,3.57523828555407,1.7635182233307

Velocities: 15
0,1,0
2,0,0
4,6,0
4,6,0
0,0,0
0,0,0
0,0,0
0,0,0
0,0,0
0,-2,0
0,-3,0
-2,-3,0
0,-3,0
0,0,0
0,0,0

InverseVelocities: 15
0,0,0
0,0,0
0,0,0
0,0,0
0,0,0
0,0,0
0,0,0
0,0,0
0,0,0
0,0,0
0,0,0
0,0,0
0,0,0
0,0,0
0,0,0
