GestureName: tap_front
Duration(ms): 705
Handedness: right

SpeakerAngles: 6
55
-55
0
0
110
-110

SpeakerElevations: 6
-10
-10
-10
0
30
30

InterpretedPoints: 15
0,1.98480775301221,-0.17364817766693
2.43430264681035,0.509795033486775,1.47905546699921
4.04062681779577,0.778459422224374,1.80540728933228
-4.88278608809624,22.8093637503404,1.0060919136606
6.51747184803276,21.3559068306987,2.67974009132753
0.806707284111599,17.6154660812141,5.87433280199525
-4.06189800950909,10.1160798659381,1.08987004566377
0.806707284111599,-6.20153184789049,0.215537243668512
-1.6134145682232,-10.9436288320346,-2.08987004566377
-1.62050496546097,-15.401483571662,-3.20068462432832
0.813797681349373,-15.9663460931257,-3.02703644666139
0.00709039723777494,-11.1572257327953,-4.06892551266297
-1.6134145682232,-7.51134210348537,-3.08987004566377
-3.21973873920862,-7.09012624606856,1.71553724366851
0,0,0

StrokePoints: 16
0,0,0
0,1.98480775301221,-0.17364817766693
2.43430264681035,2.49460278649898,1.30540728933228
6.47492946460611,3.27306220872336,3.11081457866456
1.59214337650987,26.0824259590637,4.11690649232516
8.10961522454264,47.4383327897624,6.79664658365269
8.91632250865424,65.0537988709764,12.6709793856479
4.85442449914514,75.1698787369145,13.7608494313117
5.66113178325674,68.968346889024,13.9763866749802
4.04771721503354,58.0247180569894,11.8865166293165
2.42721224957257,42.6232344853274,8.68583200498813
3.24100993092194,26.6568883922017,5.65879555832674
3.24810032815972,15.4996626594064,1.58987004566377
1.63468575993652,7.98832055592098,-1.5
-1.5850529792721,0.898194309852422,0.215537243668512
-1.5850529792721,0.898194309852422,0.215537243668512

Velocities: 15
0,0,1
2,1,0
4,0,0
7,7,9
6,7,9
5,4,9
3,4,4
-2,-3,-2
-4,-2,-5
-7,-6,-6
-7,-7,-6
-5,-4,-5
-5,-3,-3
-5,0,-2
0,0,0

InverseVelocities: 15
0,0,0
0,0,0
0,0,0
0,0,0
0,0,0
0,0,0
0,0,0
0,0,0
0,0,0
0,0,0
0,0,0
0,0,0
0,0,0
0,0,0
0,0,0
