GestureName: tap_up
Duration(ms): 752
Handedness: right

SpeakerAngles: 6
55
-55
0
0
110
-110

SpeakerElevations: 6
-10
-10
-10
0
30
30

InterpretedPoints: 16
-1.62759536269875,0.592396265452048,-1
-2.46266423576145,-3.47177636074701,3.52094453300079
6.45365827289279,-4.51890017170899,1.38918542133544
-10.5864602547796,-15.3614230554715,7.9939080863394
-11.3860771416535,-15.0652249227455,7.4939080863394
1.59214337650987,-16.6532994787524,2.14661173100554
0,-3.38917512878174,1.04188906600158
1.6134145682232,2.25945008585449,-0.694592710667721
0.806707284111599,11.0381859522092,-2.08377813200316
-1.60632417098542,8.17673968922833,-2.10472266500395
-6.48911025908166,22.815341694445,0.158795558326741
8.14506721073151,11.0836535285117,-5.45201902033782
4.08316920122242,8.85173718664565,-5.58377813200316
-1.6134145682232,2.31451757383134,-2.34729635533386
0,0.592396265452048,-1
0,0,0

StrokePoints: 17
0,0,0
-1.62759536269875,0.592396265452048,-1
-4.09025959846019,-2.87938009529497,2.52094453300079
2.3633986744326,-7.39828026700395,3.91012995433623
-8.22306158034704,-22.7597033224755,11.9040380406756
-19.6091387220005,-37.824928245221,19.397946127015
-18.0169953454906,-54.4782277239734,21.5445578580206
-18.0169953454906,-57.8674028527551,22.5864469240221
-16.4035807772674,-55.6079527669006,21.8918542133544
-15.5968734931558,-44.5697668146914,19.8080760813513
-17.2031976641412,-36.393027125463,17.7033534163473
-23.6923079232229,-13.577685431018,17.862148974674
-15.5472407124914,-2.49403190250628,12.4101299543362
-11.464071511269,6.35770528413937,6.82635182233306
-13.0774860794922,8.67222285797071,4.4790554669992
-13.0774860794922,9.26461912342276,3.4790554669992
-13.0774860794922,9.26461912342276,3.4790554669992

Velocities: 16
0,0,0
0,-3,0
0,-8,0
-11,-12,0
-12,-11,0
-6,-11,-4
-3,-3,0
3,1,0
5,4,3
6,9,0
7,10,8
8,9,0
5,7,0
0,2,0
0,0,0
0,0,0

InverseVelocities: 16
0,0,0
0,0,0
0,0,0
0,0,0
0,0,0
0,0,0
0,0,0
0,0,0
0,0,0
0,0,0
0,0,0
0,0,0
0,0,0
0,0,0
0,0,0
0,0,0
