GestureName: tap_left
Duration(ms): 846
Handedness: right

SpeakerAngles: 6
55
-55
0
0
110
-110

SpeakerElevations: 6
-10
-10
-10
0
30
30

InterpretedPoints: 18
2.42721224957257,0.833526910201223,0.152703644666139
5.66822218049452,1.96325195312847,-0.194592710667721
11.3435347582268,0.861060654189647,-0.67364817766693
12.95694932645,-0.861060654189647,0.67364817766693
12.9640397236878,-5.09934054895166,0.694592710667721
9.72302979276584,-4.7815866163419,0.215537243668513
4.84733410190737,-4.5129222276043,0.541889066001582
1.6134145682232,-1.12972504292725,0.347296355333861
0,0,0
-4.04771721503354,5.07180680496324,0.131759111665348
-2.4201218523348,7.5388758474738,2.2635182233307
-3.23391953368417,6.38759500466281,2.58987004566377
-1.6134145682232,2.41200155453371,3.78446275633149
-8.90214171417869,1.15725878691567,-1.17364817766693
-7.28163674871771,0.296198132726024,-0.5
-4.86151489638292,-0.2686643887376,-0.32635182233307
-0.806707284111599,-0.564862521463623,0.17364817766693
0,0,0

StrokePoints: 19
0,0,0
2.42721224957257,0.833526910201223,0.152703644666139
8.09543443006709,2.79677886332969,-0.0418890660015821
19.4389691882939,3.65783951751934,-0.715537243668512
32.3959185147439,2.79677886332969,-0.041889066001582
45.3599582384317,-2.30256168562197,0.652703644666139
55.0829880311975,-7.08414830196387,0.868240888334652
59.9303221331049,-11.5970705295682,1.41012995433623
61.5437367013281,-12.7267955724954,1.75742630967009
61.5437367013281,-12.7267955724954,1.75742630967009
57.4960194862945,-7.65498876753218,1.88918542133544
55.0758976339597,-0.116112920058385,4.15270364466614
51.8419781002756,6.27148208460443,6.7425736903299
50.2285635320524,8.68348363913814,10.5270364466614
41.3264218178737,9.84074242605381,9.35338826899446
34.044785069156,10.1369405587798,8.85338826899446
29.183270172773,9.86827617004223,8.52703644666139
28.3765628886614,9.30341364857861,8.70068462432832
28.3765628886614,9.30341364857861,8.70068462432832

Velocities: 18
2,0,0
4,0,0
4,-3,0
4,-5,0
3,-5,-2
0,-6,-1
0,-5,-1
0,-2,0
0,0,0
0,3,2
2,5,3
3,6,2
2,4,1
-3,4,0
-3,3,0
-2,1,0
-1,0,0
0,0,0

InverseVelocities: 18
0,0,0
0,0,0
0,0,0
-3,4,0
-2,0,0
0,0,0
0,0,0
0,0,0
0,0,0
0,0,0
0,0,0
-1,0,0
-3,0,0
0,0,0
0,0,0
0,0,0
0,0,0
0,0,0
