GestureName: swipe_right
Duration(ms): 705
Handedness: right

SpeakerAngles: 2
55
-55

InterpretedPoints: 15
-0.806707284111599,0.564862521463623
-2.4201218523348,1.69458756439087
-3.2268291364464,2.25945008585449
-3.2268291364464,2.25945008585449
-3.2268291364464,2.25945008585449
-4.03353642055799,2.82431260731812
-4.03353642055799,2.82431260731812
-4.03353642055799,2.82431260731812
-4.03353642055799,2.82431260731812
-4.84024370466959,2.25945008585449
-3.2268291364464,1.12972504292725
-0.806707284111599,-0.564862521463623
-0.806707284111599,-0.564862521463623
-0.806707284111599,0.564862521463623
0,0

StrokePoints: 16
177.6,130.333333333333
178.406707284112,129.76847081187
180.826829136446,128.073883247479
184.053658272893,125.814433161624
187.280487409339,123.55498307577
190.507316545786,121.295532989915
194.540852966344,118.471220382597
198.574389386902,115.646907775279
202.60792580746,112.822595167961
206.641462228018,109.998282560643
211.481705932687,107.738832474788
214.708535069134,106.609107431861
215.515242353245,107.173969953325
216.321949637357,107.738832474788
217.128656921468,107.173969953325
217.128656921468,107.173969953325

Velocities: 15
0,1
0,3
0,4
0,4
0,4
0,5
0,5
0,5
0,5
-1,5
-1,3
-1,0
-1,0
0,1
0,0

InverseVelocities: 15
0,0
0,0
0,0
0,0
0,0
0,0
0,0
0,0
0,0
0,0
0,0
0,0
0,0
0,0
0,0
