GestureName: swipe_right
Duration(ms): 752
Handedness: right

SpeakerAngles: 2
55
-55

InterpretedPoints: 16
-0.806707284111599,0.564862521463623
-0.806707284111599,0.564862521463623
0,0
-1.6134145682232,1.12972504292725
-2.4201218523348,1.69458756439087
-2.4201218523348,1.69458756439087
-2.4201218523348,1.69458756439087
-1.6134145682232,1.12972504292725
-2.4201218523348,1.69458756439087
-4.03353642055799,2.82431260731812
-3.2268291364464,2.25945008585449
-3.2268291364464,2.25945008585449
-3.2268291364464,1.12972504292725
-1.6134145682232,0
-0.806707284111599,-0.564862521463623
0,0

StrokePoints: 17
177.6,130.333333333333
178.406707284112,129.76847081187
179.213414568223,129.203608290406
179.213414568223,129.203608290406
180.826829136446,128.073883247479
183.246950988781,126.379295683088
185.667072841116,124.684708118697
188.087194693451,122.990120554306
189.700609261674,121.860395511379
192.120731114009,120.165807946988
196.154267534567,117.34149533967
199.381096671013,115.082045253815
202.60792580746,112.822595167961
205.834754943906,111.692870125034
207.448169512129,111.692870125034
208.254876796241,112.257732646497
208.254876796241,112.257732646497

Velocities: 16
0,1
0,1
0,0
0,2
0,3
0,3
0,3
0,2
0,3
0,5
0,4
0,4
-1,3
-1,1
-1,0
0,0

InverseVelocities: 16
0,0
0,0
0,0
0,0
0,0
0,0
0,0
0,0
0,0
0,0
0,0
0,0
0,0
0,0
0,0
0,0
