GestureName: swipe_up
Duration(ms): 376
Handedness: right

SpeakerAngles: 2
55
-55

InterpretedPoints: 8
0,4.51890017170899
-0.806707284111599,5.08376269317261
1.6134145682232,1.12972504292725
-1.6134145682232,4.51890017170899
0,3.38917512878174
-1.6134145682232,3.38917512878174
0,2.25945008585449
0,0

StrokePoints: 9
177.6,130.333333333333
177.6,125.814433161624
178.406707284112,120.730670468452
176.793292715888,119.600945425524
178.406707284112,115.082045253815
178.406707284112,111.692870125034
180.020121852335,108.303694996252
180.020121852335,106.044244910398
180.020121852335,106.044244910398

Velocities: 8
4,4
4,5
2,0
3,5
3,3
2,4
2,2
0,0

InverseVelocities: 8
0,0
0,0
0,0
0,0
0,0
0,0
0,0
0,0
