GestureName: swipe_up
Duration(ms): 470
Handedness: right

SpeakerAngles: 2
55
-55

InterpretedPoints: 10
-0.806707284111599,2.82431260731812
-0.806707284111599,2.82431260731812
-0.806707284111599,2.82431260731812
-0.806707284111599,2.82431260731812
0.806707284111599,2.82431260731812
0,2.25945008585449
0,2.25945008585449
0.806707284111599,2.82431260731812
-1.6134145682232,2.25945008585449
0,0

StrokePoints: 11
177.6,130.333333333333
178.406707284112,127.509020726015
179.213414568223,124.684708118697
180.020121852335,121.860395511379
180.826829136447,119.036082904061
180.020121852335,116.211770296743
180.020121852335,113.952320210888
180.020121852335,111.692870125034
179.213414568223,108.868557517716
180.826829136446,106.609107431861
180.826829136446,106.609107431861

Velocities: 10
2,3
2,3
2,3
2,3
3,2
2,2
2,2
3,2
1,3
0,0

InverseVelocities: 10
0,0
0,0
0,0
0,0
0,0
0,0
0,0
0,0
0,0
0,0
