GestureName: swipe_left
Duration(ms): 329
Handedness: right

SpeakerAngles: 2
55
-55

InterpretedPoints: 7
3.2268291364464,2.25945008585449
3.2268291364464,2.25945008585449
0,0
0,0
0,0
8.06707284111599,-5.64862521463624
0,0

StrokePoints: 8
177.6,130.333333333333
174.373170863554,128.073883247479
171.146341727107,125.814433161624
171.146341727107,125.814433161624
171.146341727107,125.814433161624
171.146341727107,125.814433161624
163.079268885991,131.463058376261
163.079268885991,131.463058376261

Velocities: 7
4,0
4,0
0,0
0,0
0,0
0,-10
0,0

InverseVelocities: 7
0,0
0,0
0,0
0,0
0,0
0,0
0,0
