GestureName: swipe_down
Duration(ms): 470
Handedness: right

SpeakerAngles: 2
55
-55

InterpretedPoints: 10
0.806707284111599,-0.564862521463623
0.806707284111599,-0.564862521463623
0,-1.12972504292725
0,-1.12972504292725
-0.806707284111599,-0.564862521463623
0.806707284111599,-1.69458756439087
-0.806707284111599,-0.564862521463623
-1.6134145682232,-1.12972504292725
-1.6134145682232,-1.12972504292725
0,0

StrokePoints: 11
177.6,130.333333333333
176.793292715888,130.898195854797
175.986585431777,131.463058376261
175.986585431777,132.592783419188
175.986585431777,133.722508462115
176.793292715888,134.287370983579
175.986585431777,135.98195854797
176.793292715888,136.546821069433
178.406707284112,137.67654611236
180.020121852335,138.806271155288
180.020121852335,138.806271155288

Velocities: 10
0,-1
0,-1
-1,-1
-1,-1
-1,0
-1,-2
-1,0
-2,0
-2,0
0,0

InverseVelocities: 10
0,0
0,0
0,0
0,0
0,0
0,0
0,0
0,0
0,0
0,0
