GestureName: swipe_down
Duration(ms): 423
Handedness: right

SpeakerAngles: 2
55
-55

InterpretedPoints: 9
0,-1.12972504292725
0,-2.25945008585449
0,-3.38917512878174
0,-4.51890017170899
0.806707284111599,-5.08376269317261
0.806707284111599,-6.21348773609986
4.84024370466959,-3.38917512878174
0,-5.64862521463624
0,0

StrokePoints: 10
177.6,130.333333333333
177.6,131.463058376261
177.6,133.722508462115
177.6,137.111683590897
177.6,141.630583762606
176.793292715888,146.714346455778
175.986585431777,152.927834191878
171.146341727107,156.31700932066
171.146341727107,161.965634535296
171.146341727107,161.965634535296

Velocities: 9
-1,-1
-2,-2
-3,-3
-4,-4
-4,-5
-5,-6
0,-6
-5,-5
0,0

InverseVelocities: 9
0,0
0,0
0,0
0,0
0,0
0,0
0,0
0,0
0,0
