GestureName: swipe_up
Duration(ms): 423
Handedness: right

SpeakerAngles: 2
55
-55

InterpretedPoints: 9
0,4.51890017170899
1.6134145682232,4.51890017170899
0,5.64862521463624
0.806707284111599,2.82431260731812
0.806707284111599,3.95403765024536
1.6134145682232,3.38917512878174
0.806707284111599,1.69458756439087
0.806707284111599,1.69458756439087
0,0

StrokePoints: 10
177.6,130.333333333333
177.6,125.814433161624
175.986585431777,121.295532989915
175.986585431777,115.646907775279
175.179878147665,112.822595167961
174.373170863554,108.868557517716
172.75975629533,105.479382388934
171.953049011219,103.784794824543
171.146341727107,102.090207260152
171.146341727107,102.090207260152

Velocities: 9
4,4
5,3
5,5
3,2
4,3
4,2
2,1
2,1
0,0

InverseVelocities: 9
0,0
0,0
0,0
0,0
0,0
0,0
0,0
0,0
0,0
