GestureName: swipe_up
Duration(ms): 564
Handedness: right

SpeakerAngles: 2
55
-55

InterpretedPoints: 12
3.2268291364464,2.25945008585449
3.2268291364464,2.25945008585449
-4.03353642055799,2.82431260731812
0,6.77835025756348
0.806707284111599,3.95403765024536
-0.806707284111599,3.95403765024536
-1.6134145682232,3.38917512878174
0,3.38917512878174
-0.806707284111599,1.69458756439087
0.806707284111599,1.69458756439087
-1.6134145682232,1.12972504292725
0,0

StrokePoints: 13
177.6,130.333333333333
174.373170863554,128.073883247479
171.146341727107,125.814433161624
175.179878147665,122.990120554306
175.179878147665,116.211770296743
174.373170863554,112.257732646497
175.179878147665,108.303694996252
176.793292715888,104.91451986747
176.793292715888,101.525344738689
177.6,99.8307571742976
176.793292715888,98.1361696099068
178.406707284112,97.0064445669795
178.406707284112,97.0064445669795

Velocities: 12
4,0
4,0
0,5
6,6
4,3
3,4
2,4
3,3
1,2
2,1
0,2
0,0

InverseVelocities: 12
0,0
0,0
0,0
0,0
0,0
0,0
0,0
0,0
0,0
0,0
0,0
0,0
