GestureName: swipe_down
Duration(ms): 470
Handedness: right

SpeakerAngles: 2
55
-55

InterpretedPoints: 10
0.806707284111599,-1.69458756439087
0,-2.25945008585449
0,-2.25945008585449
0,-2.25945008585449
0.806707284111599,-2.82431260731812
0.806707284111599,-0.564862521463623
0,-2.25945008585449
0,-2.25945008585449
0,-2.25945008585449
0,0

StrokePoints: 11
177.6,130.333333333333
176.793292715888,132.027920897724
176.793292715888,134.287370983579
176.793292715888,136.546821069433
176.793292715888,138.806271155288
175.986585431777,141.630583762606
175.179878147665,142.195446284069
175.179878147665,144.454896369924
175.179878147665,146.714346455778
175.179878147665,148.973796541633
175.179878147665,148.973796541633

Velocities: 10
-1,-2
-2,-2
-2,-2
-2,-2
-2,-3
0,-1
-2,-2
-2,-2
-2,-2
0,0

InverseVelocities: 10
0,0
0,0
0,0
0,0
0,0
0,0
0,0
0,0
0,0
0,0
