GestureName: swipe_left
Duration(ms): 517
Handedness: right

SpeakerAngles: 2
55
-55

InterpretedPoints: 11
1.6134145682232,-1.12972504292725
3.2268291364464,-1.12972504292725
1.6134145682232,-3.38917512878174
1.6134145682232,-3.38917512878174
0,0
4.84024370466959,-3.38917512878174
4.03353642055799,-2.82431260731812
4.84024370466959,-3.38917512878174
3.2268291364464,-2.25945008585449
0.806707284111599,-0.564862521463623
0,0

StrokePoints: 12
177.6,130.333333333333
175.986585431777,131.463058376261
172.759756295331,132.592783419188
171.146341727107,135.98195854797
169.532927158884,139.371133676751
169.532927158884,139.371133676751
164.692683454215,142.760308805533
160.659147033657,145.584621412851
155.818903328987,148.973796541633
152.592074192541,151.233246627487
151.785366908429,151.798109148951
151.785366908429,151.798109148951

Velocities: 11
0,-2
1,-3
-2,-4
-2,-4
0,0
0,-6
0,-5
0,-6
0,-4
0,-1
0,0

InverseVelocities: 11
0,1
0,1
0,0
0,0
0,0
0,0
0,0
0,0
0,0
0,0
0,0
