GestureName: swipe_left
Duration(ms): 517
Handedness: right

SpeakerAngles: 2
55
-55

InterpretedPoints: 11
1.6134145682232,0
4.03353642055799,-1.69458756439087
3.2268291364464,-2.25945008585449
4.03353642055799,-2.82431260731812
4.84024370466959,-3.38917512878174
4.84024370466959,-3.38917512878174
4.84024370466959,-3.38917512878174
1.6134145682232,-1.12972504292725
0.806707284111599,-0.564862521463623
1.6134145682232,-1.12972504292725
0,0

StrokePoints: 12
177.6,130.333333333333
175.986585431777,130.333333333333
171.953049011219,132.027920897724
168.726219874773,134.287370983579
164.692683454215,137.111683590897
159.852439749545,140.500858719679
155.012196044875,143.89003384846
150.171952340206,147.279208977242
148.558537771983,148.408934020169
147.751830487871,148.973796541633
146.138415919648,150.10352158456
146.138415919648,150.10352158456

Velocities: 11
1,-1
1,-4
0,-4
0,-5
0,-6
0,-6
0,-6
0,-2
0,-1
0,-2
0,0

InverseVelocities: 11
0,0
0,0
0,0
0,0
0,0
0,0
0,0
0,0
0,0
0,0
0,0
