GestureName: swipe_right
Duration(ms): 564
Handedness: right

SpeakerAngles: 2
55
-55

InterpretedPoints: 12
-0.806707284111599,0.564862521463623
0,0
-2.4201218523348,1.69458756439087
-0.806707284111599,0.564862521463623
-4.03353642055799,2.82431260731812
-4.03353642055799,2.82431260731812
0,0
-6.45365827289279,4.51890017170899
-6.45365827289279,4.51890017170899
-5.64695098878119,3.95403765024536
-3.2268291364464,2.25945008585449
0,0

StrokePoints: 13
177.6,130.333333333333
178.406707284112,129.76847081187
178.406707284112,129.76847081187
180.826829136446,128.073883247479
181.633536420558,127.509020726015
185.667072841116,124.684708118697
189.700609261674,121.860395511379
189.700609261674,121.860395511379
196.154267534567,117.34149533967
202.60792580746,112.822595167961
208.254876796241,108.868557517716
211.481705932687,106.609107431861
211.481705932687,106.609107431861

Velocities: 12
0,1
0,0
0,3
0,1
0,5
0,5
0,0
0,8
0,8
0,7
0,4
0,0

InverseVelocities: 12
0,0
0,0
0,0
0,0
0,0
0,0
0,0
0,0
0,0
0,0
0,0
0,0
