GestureName: swipe_down
Duration(ms): 423
Handedness: right

SpeakerAngles: 2
55
-55

InterpretedPoints: 9
0.806707284111599,-0.564862521463623
0.806707284111599,-1.69458756439087
0,-1.12972504292725
-0.806707284111599,-1.69458756439087
0.806707284111599,-2.82431260731812
1.6134145682232,-2.25945008585449
0,-3.38917512878174
2.4201218523348,-1.69458756439087
0,0

StrokePoints: 10
177.6,130.333333333333
176.793292715888,130.898195854797
175.986585431777,132.592783419188
175.986585431777,133.722508462115
176.793292715888,135.417096026506
175.986585431777,138.241408633824
174.373170863554,140.500858719679
174.373170863554,143.89003384846
171.953049011219,145.584621412851
171.953049011219,145.584621412851

Velocities: 9
0,-1
-1,-2
-1,-1
-2,-1
-2,-3
-1,-3
-3,-3
0,-3
0,0

InverseVelocities: 9
0,0
0,0
2,0
0,0
0,0
0,0
0,0
0,0
0,0
