GestureName: swipe_right
Duration(ms): 611
Handedness: right

SpeakerAngles: 2
55
-55

InterpretedPoints: 13
-0.806707284111599,0.564862521463623
-0.806707284111599,0.564862521463623
-2.4201218523348,1.69458756439087
-2.4201218523348,1.69458756439087
-3.2268291364464,2.25945008585449
-2.4201218523348,1.69458756439087
-3.2268291364464,2.25945008585449
-4.03353642055799,2.82431260731812
-4.84024370466959,3.38917512878174
-3.2268291364464,2.25945008585449
-3.2268291364464,2.25945008585449
-1.6134145682232,1.12972504292725
0,0

StrokePoints: 14
177.6,130.333333333333
178.406707284112,129.76847081187
179.213414568223,129.203608290406
181.633536420558,127.509020726015
184.053658272893,125.814433161624
187.280487409339,123.55498307577
189.700609261674,121.860395511379
192.92743839812,119.600945425524
196.960974818678,116.776632818206
201.801218523348,113.387457689425
205.028047659794,111.12800760357
208.254876796241,108.868557517716
209.868291364464,107.738832474788
209.868291364464,107.738832474788

Velocities: 13
0,1
0,1
0,3
0,3
0,4
0,3
0,4
0,5
0,6
0,4
0,4
0,2
0,0

InverseVelocities: 13
0,0
0,0
0,0
0,0
0,0
0,0
0,0
0,0
0,0
0,0
0,0
0,0
0,0
