GestureName: swipe_down
Duration(ms): 470
Handedness: right

SpeakerAngles: 2
55
-55

InterpretedPoints: 10
-0.806707284111599,-0.564862521463623
0,-3.38917512878174
1.6134145682232,-4.51890017170899
1.6134145682232,-5.64862521463624
1.6134145682232,-5.64862521463624
0,-4.51890017170899
1.6134145682232,-5.64862521463624
0,-4.51890017170899
2.4201218523348,-1.69458756439087
0,0

StrokePoints: 11
177.6,130.333333333333
178.406707284112,130.898195854797
178.406707284112,134.287370983579
176.793292715888,138.806271155288
175.179878147665,144.454896369924
173.566463579442,150.10352158456
173.566463579442,154.622421756269
171.953049011219,160.271046970905
171.953049011219,164.789947142614
169.532927158884,166.484534707005
169.532927158884,166.484534707005

Velocities: 10
-1,0
-3,-3
-3,-5
-4,-6
-4,-6
-4,-4
-4,-6
-4,-4
0,-3
0,0

InverseVelocities: 10
0,0
0,0
0,0
0,0
0,0
0,0
0,0
0,0
0,0
0,0
