GestureName: swipe_up
Duration(ms): 376
Handedness: right

SpeakerAngles: 2
55
-55

InterpretedPoints: 8
-3.2268291364464,2.25945008585449
1.6134145682232,3.38917512878174
0,5.64862521463624
0.806707284111599,6.21348773609986
-2.4201218523348,6.21348773609986
0,3.38917512878174
-0.806707284111599,2.82431260731812
0,0

StrokePoints: 9
177.6,130.333333333333
180.826829136446,128.073883247479
179.213414568223,124.684708118697
179.213414568223,119.036082904061
178.406707284112,112.822595167961
180.826829136446,106.609107431861
180.826829136446,103.219932303079
181.633536420558,100.395619695761
181.633536420558,100.395619695761

Velocities: 8
0,4
4,2
5,5
6,5
4,7
3,3
2,3
0,0

InverseVelocities: 8
0,0
0,0
0,0
0,0
0,0
0,0
0,0
0,0
