GestureName: swipe_left
Duration(ms): 470
Handedness: right

SpeakerAngles: 2
55
-55

InterpretedPoints: 10
1.6134145682232,-1.12972504292725
3.2268291364464,-2.25945008585449
3.2268291364464,-2.25945008585449
4.03353642055799,-2.82431260731812
3.2268291364464,-2.25945008585449
4.03353642055799,-2.82431260731812
4.03353642055799,-2.82431260731812
3.2268291364464,-2.25945008585449
2.4201218523348,-1.69458756439087
0,0

StrokePoints: 11
177.6,130.333333333333
175.986585431777,131.463058376261
172.759756295331,133.722508462115
169.532927158884,135.98195854797
165.499390738326,138.806271155288
162.27256160188,141.065721241142
158.239025181322,143.89003384846
154.205488760764,146.714346455778
150.978659624317,148.973796541633
148.558537771983,150.668384106024
148.558537771983,150.668384106024

Velocities: 10
0,-2
0,-4
0,-4
0,-5
0,-4
0,-5
0,-5
0,-4
0,-3
0,0

InverseVelocities: 10
0,0
0,0
0,0
0,0
0,0
0,0
0,0
0,0
0,0
0,0
