GestureName: swipe_down
Duration(ms): 470
Handedness: right

SpeakerAngles: 2
55
-55

InterpretedPoints: 10
0.806707284111599,-0.564862521463623
0,-1.12972504292725
0,-1.12972504292725
0,-1.12972504292725
0.806707284111599,-0.564862521463623
0,-1.12972504292725
-0.806707284111599,-0.564862521463623
-0.806707284111599,-0.564862521463623
-0.806707284111599,-0.564862521463623
0,0

StrokePoints: 11
177.6,130.333333333333
176.793292715888,130.898195854797
176.793292715888,132.027920897724
176.793292715888,133.157645940651
176.793292715888,134.287370983579
175.986585431777,134.852233505042
175.986585431777,135.98195854797
176.793292715888,136.546821069433
177.6,137.111683590897
178.406707284112,137.67654611236
178.406707284112,137.67654611236

Velocities: 10
0,-1
-1,-1
-1,-1
-1,-1
0,-1
-1,-1
-1,0
-1,0
-1,0
0,0

InverseVelocities: 10
0,0
0,0
0,0
0,0
0,0
0,0
0,0
0,0
0,0
0,0
