GestureName: swipe_right
Duration(ms): 752
Handedness: right

SpeakerAngles: 2
55
-55

InterpretedPoints: 16
-0.806707284111599,0.564862521463623
-1.6134145682232,1.12972504292725
-0.806707284111599,0.564862521463623
-2.4201218523348,1.69458756439087
-3.2268291364464,2.25945008585449
-3.2268291364464,2.25945008585449
-3.2268291364464,2.25945008585449
-4.03353642055799,2.82431260731812
-4.03353642055799,2.82431260731812
-4.84024370466959,3.38917512878174
-3.2268291364464,2.25945008585449
-4.03353642055799,1.69458756439087
-2.4201218523348,0.564862521463623
-1.6134145682232,0
-0.806707284111599,-0.564862521463623
0,0

StrokePoints: 17
177.6,130.333333333333
178.406707284112,129.76847081187
180.020121852335,128.638745768942
180.826829136446,128.073883247479
183.246950988781,126.379295683088
186.473780125228,124.119845597233
189.700609261674,121.860395511379
192.92743839812,119.600945425524
196.960974818678,116.776632818206
200.994511239236,113.952320210888
205.834754943906,110.563145082107
209.061584080352,108.303694996252
213.09512050091,106.609107431861
215.515242353245,106.044244910398
217.128656921468,106.044244910398
217.93536420558,106.609107431861
217.93536420558,106.609107431861

Velocities: 16
0,1
0,2
0,1
0,3
0,4
0,4
0,4
0,5
0,5
0,6
0,4
-1,4
-1,2
-1,1
-1,0
0,0

InverseVelocities: 16
0,0
0,0
0,0
0,0
0,0
0,0
0,0
0,0
0,0
0,0
0,0
0,0
0,0
0,0
0,0
0,0
