GestureName: tap_left
Duration(ms): 940
Handedness: right

SpeakerAngles: 2
55
-55

InterpretedPoints: 20
0.806707284111599,0.564862521463623
1.6134145682232,-1.12972504292725
7.26036555700439,-2.82431260731812
8.87378012522759,-6.21348773609986
9.68048740933918,-6.77835025756348
9.68048740933918,-6.77835025756348
9.68048740933918,-6.77835025756348
5.64695098878119,-3.95403765024536
2.4201218523348,-1.69458756439087
0,0
0.806707284111599,0.564862521463623
-5.64695098878119,3.95403765024536
-4.84024370466959,3.38917512878174
-7.26036555700439,5.08376269317261
-9.68048740933918,6.77835025756348
-9.68048740933918,6.77835025756348
-9.68048740933918,6.77835025756348
-7.26036555700439,5.08376269317261
-4.03353642055799,1.69458756439087
0,0

StrokePoints: 21
177.6,130.333333333333
176.793292715888,129.76847081187
175.179878147665,130.898195854797
167.919512590661,133.722508462115
159.045732465433,139.935996198215
149.365245056094,146.714346455778
139.684757646755,153.492696713342
130.004270237416,160.271046970905
124.357319248635,164.225084621151
121.9371973963,165.919672185542
121.9371973963,165.919672185542
121.130490112188,165.354809664078
126.777441100969,161.400772013833
131.617684805639,158.011596885051
138.878050362643,152.927834191878
148.558537771983,146.149483934315
158.239025181322,139.371133676751
167.919512590661,132.592783419188
175.179878147665,127.509020726015
179.213414568223,125.814433161624
179.213414568223,125.814433161624

Velocities: 20
1,0
0,-2
2,-7
0,-11
0,-12
0,-12
0,-12
0,-7
0,-3
0,0
1,0
0,7
0,6
0,9
0,12
0,12
0,12
0,9
-1,4
0,0

InverseVelocities: 20
0,0
0,0
0,0
0,0
0,0
0,0
0,0
0,0
0,0
0,0
0,0
0,0
0,0
0,0
0,0
0,0
0,0
0,0
0,0
0,0
