GestureName: tap_up
Duration(ms): 517
Handedness: right

SpeakerAngles: 2
55
-55

InterpretedPoints: 11
-0.806707284111599,0.564862521463623
7.26036555700439,5.08376269317261
0.806707284111599,10.7323879078088
2.4201218523348,11.8621129507361
3.22682913644639,11.2972504292725
0.806707284111599,1.69458756439087
0,-2.25945008585449
0,-5.64862521463624
0.806707284111599,-6.21348773609986
-4.84024370466959,-3.38917512878174
0,0

StrokePoints: 12
177.6,130.333333333333
178.406707284112,129.76847081187
171.146341727107,124.684708118697
170.339634442996,113.952320210888
167.919512590661,102.090207260152
164.692683454215,90.7929568308797
163.885976170103,89.0983692664888
163.885976170103,91.3578193523433
163.885976170103,97.0064445669796
163.079268885991,103.219932303079
167.919512590661,106.609107431861
167.919512590661,106.609107431861

Velocities: 11
0,1
9,0
10,9
12,9
12,8
2,1
-2,-2
-5,-5
-5,-6
-6,0
0,0

InverseVelocities: 11
0,0
0,0
0,0
0,0
0,0
0,0
0,0
0,0
0,0
0,0
0,0
