GestureName: tap_right
Duration(ms): 846
Handedness: right

SpeakerAngles: 2
55
-55

InterpretedPoints: 18
-2.4201218523348,-1.69458756439087
-4.03353642055799,-2.82431260731812
-9.68048740933918,-6.77835025756348
-5.64695098878119,-3.95403765024536
-9.68048740933918,-6.77835025756348
3.2268291364464,-2.25945008585449
0,-6.77835025756348
1.6134145682232,-1.12972504292725
-1.6134145682232,1.12972504292725
0,5.64862521463624
8.87378012522759,6.21348773609986
7.26036555700439,5.08376269317261
0,0
6.45365827289279,9.03780034341798
9.68048740933918,6.77835025756348
8.06707284111599,5.64862521463624
3.2268291364464,2.25945008585449
0,0

StrokePoints: 19
177.6,130.333333333333
180.020121852335,132.027920897724
184.053658272893,134.852233505042
193.734145682232,141.630583762606
199.381096671013,145.584621412851
209.061584080352,152.362971670415
205.834754943906,154.622421756269
205.834754943906,161.400772013833
204.221340375683,162.53049705676
205.834754943906,161.400772013833
205.834754943906,155.752146799196
196.960974818678,149.538659063097
189.700609261674,144.454896369924
189.700609261674,144.454896369924
183.246950988781,135.417096026506
173.566463579442,128.638745768942
165.499390738326,122.990120554306
162.27256160188,120.730670468452
162.27256160188,120.730670468452

Velocities: 18
-3,0
-5,0
-12,0
-7,0
-12,0
0,-4
-6,-6
0,-2
0,2
5,5
11,0
9,0
0,0
12,4
12,0
10,0
4,0
0,0

InverseVelocities: 18
0,0
0,0
0,0
0,0
0,0
0,0
0,0
0,0
0,0
0,0
0,0
0,0
0,0
0,0
0,0
0,0
0,0
0,0
