GestureName: tap_up
Duration(ms): 658
Handedness: right

SpeakerAngles: 2
55
-55

InterpretedPoints: 14
-0.806707284111599,0.564862521463623
6.45365827289279,4.51890017170899
6.45365827289279,4.51890017170899
6.45365827289279,4.51890017170899
-1.6134145682232,7.90807530049073
-2.4201218523348,6.21348773609986
0,1.12972504292725
-1.6134145682232,-2.25945008585449
-3.2268291364464,-7.90807530049073
2.4201218523348,-10.7323879078088
0,-5.64862521463624
0,0
1.6134145682232,-1.12972504292725
0,0

StrokePoints: 15
177.6,130.333333333333
178.406707284112,129.76847081187
171.953049011219,125.249570640161
165.499390738326,120.730670468452
159.045732465433,116.211770296743
160.659147033656,108.303694996252
163.079268885991,102.090207260152
163.079268885991,100.960482217225
164.692683454214,103.219932303079
167.919512590661,111.12800760357
165.499390738326,121.860395511379
165.499390738326,127.509020726015
165.499390738326,127.509020726015
163.885976170103,128.638745768942
163.885976170103,128.638745768942

Velocities: 14
0,1
8,0
8,0
8,0
6,8
4,7
1,1
-3,-1
-9,-5
-8,-11
-5,-5
0,0
0,-2
0,0

InverseVelocities: 14
0,0
0,0
0,0
0,0
0,0
0,0
0,0
0,0
0,0
0,0
0,0
0,0
0,0
0,0
