GestureName: tap_up
Duration(ms): 705
Handedness: right

SpeakerAngles: 2
55
-55

InterpretedPoints: 15
1.6134145682232,1.12972504292725
-3.2268291364464,7.90807530049073
-7.26036555700439,5.08376269317261
0,9.03780034341798
5.64695098878119,9.6026628648816
-1.6134145682232,4.51890017170899
3.2268291364464,0
-3.2268291364464,-2.25945008585449
-0.806707284111599,-3.95403765024536
-1.6134145682232,-3.38917512878174
0.806707284111599,-7.34321277902711
0.806707284111599,-5.08376269317261
3.2268291364464,-2.25945008585449
1.6134145682232,-1.12972504292725
0,0

StrokePoints: 16
177.6,130.333333333333
175.986585431777,129.203608290406
179.213414568223,121.295532989915
186.473780125228,116.211770296743
186.473780125228,107.173969953325
180.826829136446,97.5713070884432
182.44024370467,93.0524069167342
179.213414568223,93.0524069167342
182.44024370467,95.3118570025887
183.246950988781,99.265894652834
184.860365557004,102.655069781616
184.053658272893,109.998282560643
183.246950988781,115.082045253816
180.020121852335,117.34149533967
178.406707284112,118.471220382597
178.406707284112,118.471220382597

Velocities: 15
2,0
5,9
0,9
8,8
12,5
3,5
2,-2
-4,0
-4,-3
-4,-2
-6,-7
-4,-5
0,-4
0,-2
0,0

InverseVelocities: 15
0,0
0,0
0,0
0,0
0,0
0,0
-2,0
0,0
0,0
0,0
0,0
0,0
0,0
0,0
0,0
