GestureName: tap_up
Duration(ms): 658
Handedness: right

SpeakerAngles: 2
55
-55

InterpretedPoints: 14
-1.6134145682232,5.64862521463624
-1.6134145682232,6.77835025756348
0.806707284111599,8.47293782195435
0.806707284111599,6.21348773609986
0,2.25945008585449
-0.806707284111599,0.564862521463623
0.806707284111599,-0.564862521463623
-0.806707284111599,-1.69458756439087
-0.806707284111599,-2.82431260731812
-1.6134145682232,-4.51890017170899
0.806707284111599,-6.21348773609986
-0.806707284111599,-5.08376269317261
2.4201218523348,-1.69458756439087
0,0

StrokePoints: 15
177.6,130.333333333333
179.213414568223,124.684708118697
180.826829136446,117.906357861134
180.020121852335,109.433420039179
179.213414568223,103.219932303079
179.213414568223,100.960482217225
180.020121852335,100.395619695761
179.213414568223,100.960482217225
180.020121852335,102.655069781616
180.826829136446,105.479382388934
182.44024370467,109.998282560643
181.633536420558,116.211770296743
182.44024370467,121.295532989915
180.020121852335,122.990120554306
180.020121852335,122.990120554306

Velocities: 14
4,6
5,7
8,7
6,5
2,2
0,1
0,-1
-2,-1
-3,-2
-5,-3
-5,-6
-5,-4
0,-3
0,0

InverseVelocities: 14
0,0
0,0
0,0
0,0
0,0
0,0
0,0
0,0
0,0
0,0
0,0
0,0
0,0
0,0
