GestureName: tap_right
Duration(ms): 893
Handedness: right

SpeakerAngles: 2
55
-55

InterpretedPoints: 19
-1.6134145682232,-5.64862521463624
-4.84024370466959,-3.38917512878174
0,0
-4.84024370466959,-10.1675253863452
-4.03353642055799,-9.6026628648816
4.03353642055799,-2.82431260731812
0,0
-1.6134145682232,-1.12972504292725
0,0
-0.806707284111599,1.69458756439087
0,5.64862521463624
0,0
9.68048740933918,6.77835025756348
0,0
9.68048740933918,6.77835025756348
0,0
0,0
1.6134145682232,1.12972504292725
0,0

StrokePoints: 20
177.6,130.333333333333
179.213414568223,135.98195854797
184.053658272893,139.371133676751
184.053658272893,139.371133676751
188.893901977562,149.538659063097
192.92743839812,159.141321927978
188.893901977562,161.965634535296
188.893901977562,161.965634535296
190.507316545786,163.095359578224
190.507316545786,163.095359578224
191.314023829897,161.400772013833
191.314023829897,155.752146799196
191.314023829897,155.752146799196
181.633536420558,148.973796541633
181.633536420558,148.973796541633
171.953049011219,142.195446284069
171.953049011219,142.195446284069
171.953049011219,142.195446284069
170.339634442996,141.065721241142
170.339634442996,141.065721241142

Velocities: 19
-6,-4
-6,0
0,0
-12,-6
-11,-6
0,-5
0,0
-2,0
0,0
1,2
5,5
0,0
12,0
0,0
12,0
0,0
0,0
2,0
0,0

InverseVelocities: 19
0,0
0,0
0,0
0,0
0,0
0,0
0,0
0,0
0,0
0,0
0,0
0,0
0,0
0,0
0,0
0,0
0,0
0,0
0,0
