GestureName: tap_left
Duration(ms): 1128
Handedness: right

SpeakerAngles: 2
55
-55

InterpretedPoints: 24
0.806707284111599,-0.564862521463623
1.6134145682232,-1.12972504292725
4.84024370466959,-3.38917512878174
4.84024370466959,-3.38917512878174
6.45365827289279,-5.64862521463624
6.45365827289279,-5.64862521463624
4.84024370466959,-3.38917512878174
4.03353642055799,-2.82431260731812
0.806707284111599,-3.95403765024536
-0.806707284111599,-0.564862521463623
0,0
0,0
0,0
-1.6134145682232,1.12972504292725
-2.4201218523348,1.69458756439087
-2.4201218523348,1.69458756439087
-6.45365827289279,4.51890017170899
-5.64695098878119,3.95403765024536
-4.84024370466959,4.51890017170899
-7.26036555700439,5.08376269317261
-5.64695098878119,3.95403765024536
-4.03353642055799,2.82431260731812
-1.6134145682232,1.12972504292725
0,0

StrokePoints: 25
177.6,130.333333333333
176.793292715888,130.898195854797
175.179878147665,132.027920897724
170.339634442996,135.417096026506
165.499390738326,138.806271155288
159.045732465433,144.454896369924
152.59207419254,150.10352158456
147.751830487871,153.492696713342
143.718294067313,156.31700932066
142.911586783201,160.271046970905
143.718294067313,160.835909492369
143.718294067313,160.835909492369
143.718294067313,160.835909492369
143.718294067313,160.835909492369
145.331708635536,159.706184449442
147.751830487871,158.011596885051
150.171952340206,156.31700932066
156.625610613098,151.798109148951
162.27256160188,147.844071498706
167.112805306549,143.325171326997
174.373170863554,138.241408633824
180.020121852335,134.287370983579
184.053658272893,131.463058376261
185.667072841116,130.333333333333
185.667072841116,130.333333333333

Velocities: 24
0,-1
0,-2
0,-6
0,-6
-1,-9
-1,-9
0,-6
0,-5
-3,-4
-1,0
0,0
0,0
0,0
0,2
0,3
0,3
0,8
0,7
1,7
0,9
0,7
0,5
0,2
0,0

InverseVelocities: 24
0,0
0,0
0,0
0,0
0,0
0,0
0,0
0,0
0,0
0,0
0,0
0,0
0,0
0,0
0,0
0,0
0,0
0,0
0,0
0,0
0,0
0,0
0,0
0,0
