GestureName: tap_down
Duration(ms): 705
Handedness: right

SpeakerAngles: 2
55
-55

InterpretedPoints: 15
-2.4201218523348,-5.08376269317261
-0.806707284111599,-10.7323879078088
0,-12.4269754721997
0,-13.556700515127
5.64695098878119,-3.95403765024536
4.03353642055799,-2.82431260731812
-1.6134145682232,1.12972504292725
-1.6134145682232,1.12972504292725
-6.45365827289279,4.51890017170899
-7.26036555700439,5.08376269317261
-8.06707284111599,5.64862521463624
-1.6134145682232,9.03780034341798
0,2.25945008585449
0.806707284111599,0.564862521463623
0,0

StrokePoints: 16
177.6,130.333333333333
180.020121852335,135.417096026506
180.826829136446,146.149483934315
180.826829136446,158.576459406515
180.826829136446,172.133159921642
175.179878147665,176.087197571887
171.146341727107,178.911510179205
172.759756295331,177.781785136278
174.373170863554,176.652060093351
180.826829136446,172.133159921642
188.087194693451,167.049397228469
196.154267534567,161.400772013833
197.76768210279,152.362971670415
197.76768210279,150.10352158456
196.960974818678,149.538659063097
196.960974818678,149.538659063097

Velocities: 15
-6,-3
-10,-9
-11,-11
-12,-12
0,-7
0,-5
0,2
0,2
0,8
0,9
0,10
7,9
2,2
1,0
0,0

InverseVelocities: 15
0,0
0,0
0,0
0,0
0,0
0,0
0,0
0,0
0,0
0,0
0,0
0,0
0,0
0,0
0,0
