GestureName: tap_down
Duration(ms): 846
Handedness: right

SpeakerAngles: 2
55
-55

InterpretedPoints: 18
0,-4.51890017170899
0,-6.77835025756348
1.6134145682232,-11.2972504292725
0,-13.556700515127
0,-13.556700515127
4.84024370466959,-3.38917512878174
6.45365827289279,-4.51890017170899
-1.6134145682232,-1.12972504292725
1.6134145682232,1.12972504292725
-3.22682913644639,5.64862521463624
-7.26036555700439,5.08376269317261
-8.87378012522759,6.21348773609986
0,13.556700515127
2.4201218523348,11.8621129507361
0,10.1675253863452
-0.806707284111599,6.21348773609986
-0.806707284111599,2.82431260731812
0,0

StrokePoints: 19
177.6,130.333333333333
177.6,134.852233505042
177.6,141.630583762606
175.986585431777,152.927834191878
175.986585431777,166.484534707005
175.986585431777,180.041235222132
171.146341727107,183.430410350914
164.692683454214,187.949310522623
166.306098022438,189.07903556555
164.692683454214,187.949310522623
167.919512590661,182.300685307987
175.179878147665,177.216922614814
184.053658272893,171.003434878714
184.053658272893,157.446734363587
181.633536420558,145.584621412851
181.633536420558,135.417096026506
182.44024370467,129.203608290406
183.246950988781,126.379295683088
183.246950988781,126.379295683088

Velocities: 18
-4,-4
-6,-6
-9,-11
-12,-12
-12,-12
0,-6
0,-8
-2,0
2,0
3,7
0,9
0,11
12,12
12,9
9,9
5,6
2,3
0,0

InverseVelocities: 18
0,0
0,0
0,0
0,0
0,0
0,0
0,0
0,0
0,0
0,0
0,0
0,0
0,0
0,0
0,0
0,0
0,0
0,0
