GestureName: tap_right
Duration(ms): 940
Handedness: right

SpeakerAngles: 2
55
-55

InterpretedPoints: 20
-1.6134145682232,-1.12972504292725
-1.6134145682232,-1.12972504292725
-7.26036555700439,-5.08376269317261
-8.87378012522759,-6.21348773609986
-8.06707284111599,-7.90807530049073
-8.87378012522759,-6.21348773609986
-6.45365827289279,-4.51890017170899
-0.806707284111599,-5.08376269317261
0.806707284111599,-0.564862521463623
0,0
0,5.64862521463624
-1.6134145682232,5.64862521463624
3.2268291364464,9.03780034341798
9.68048740933918,6.77835025756348
9.68048740933918,6.77835025756348
9.68048740933918,6.77835025756348
8.87378012522759,6.21348773609986
2.4201218523348,6.21348773609986
1.6134145682232,1.12972504292725
0,0

StrokePoints: 21
177.6,130.333333333333
179.213414568223,131.463058376261
180.826829136446,132.592783419188
188.087194693451,137.67654611236
196.960974818678,143.89003384846
205.028047659794,151.798109148951
213.901827785022,158.011596885051
220.355486057915,162.53049705676
221.162193342026,167.614259749933
220.355486057915,168.179122271396
220.355486057915,168.179122271396
220.355486057915,162.53049705676
221.968900626138,156.881871842124
218.742071489692,147.844071498706
209.061584080352,141.065721241142
199.381096671013,134.287370983579
189.700609261674,127.509020726015
180.826829136446,121.295532989915
178.406707284112,115.082045253815
176.793292715888,113.952320210888
176.793292715888,113.952320210888

Velocities: 20
-2,0
-2,0
-9,0
-11,0
-12,-2
-11,0
-8,0
-5,-4
0,-1
0,0
5,5
4,6
10,6
12,0
12,0
12,0
11,0
7,4
2,0
0,0

InverseVelocities: 20
0,0
0,0
0,0
0,0
0,0
0,0
0,0
0,0
0,0
0,0
0,0
0,0
0,0
0,0
0,0
0,0
0,0
0,0
0,0
0,0
