GestureName: tap_left
Duration(ms): 1034
Handedness: right

SpeakerAngles: 2
55
-55

InterpretedPoints: 22
2.4201218523348,-1.69458756439087
4.84024370466959,-3.38917512878174
5.64695098878119,-3.95403765024536
7.26036555700439,-5.08376269317261
5.64695098878119,-3.95403765024536
6.45365827289279,-4.51890017170899
5.64695098878119,-3.95403765024536
1.6134145682232,-1.12972504292725
0.806707284111599,-0.564862521463623
0,0
-0.806707284111599,0.564862521463623
-3.2268291364464,2.25945008585449
-3.2268291364464,2.25945008585449
-4.03353642055799,2.82431260731812
-6.45365827289279,4.51890017170899
-5.64695098878119,3.95403765024536
-6.45365827289279,4.51890017170899
-5.64695098878119,3.95403765024536
-3.2268291364464,2.25945008585449
-3.2268291364464,2.25945008585449
-0.806707284111599,0.564862521463623
0,0

StrokePoints: 23
177.6,130.333333333333
175.179878147665,132.027920897724
170.339634442996,135.417096026506
164.692683454214,139.371133676751
157.43231789721,144.454896369924
151.785366908429,148.408934020169
145.331708635536,152.927834191878
139.684757646755,156.881871842124
138.071343078532,158.011596885051
137.26463579442,158.576459406515
137.26463579442,158.576459406515
138.071343078532,158.011596885051
141.298172214978,155.752146799196
144.525001351425,153.492696713342
148.558537771983,150.668384106024
155.012196044875,146.149483934315
160.659147033656,142.195446284069
167.112805306549,137.67654611236
172.75975629533,133.722508462115
175.986585431777,131.463058376261
179.213414568223,129.203608290406
180.020121852335,128.638745768942
180.020121852335,128.638745768942

Velocities: 22
0,-3
0,-6
0,-7
0,-9
0,-7
0,-8
0,-7
0,-2
0,-1
0,0
0,1
0,4
0,4
0,5
0,8
0,7
0,8
0,7
0,4
0,4
0,1
0,0

InverseVelocities: 22
0,0
0,0
0,0
0,0
0,0
0,0
0,0
0,0
0,0
0,0
0,0
0,0
0,0
0,0
0,0
0,0
0,0
0,0
0,0
0,0
0,0
0,0
