GestureName: tap_up
Duration(ms): 752
Handedness: right

SpeakerAngles: 2
55
-55

InterpretedPoints: 16
0.806707284111599,0.564862521463623
-4.03353642055799,7.34321277902711
0,10.1675253863452
0,9.03780034341798
0.806707284111599,5.08376269317261
-0.806707284111599,0.564862521463623
1.6134145682232,-2.25945008585449
-0.806707284111599,-3.95403765024536
-0.806707284111599,-0.564862521463623
-1.6134145682232,-2.25945008585449
0,-3.38917512878174
2.4201218523348,-2.82431260731812
0.806707284111599,-2.82431260731812
0,0
-1.6134145682232,-1.12972504292725
0,0

StrokePoints: 17
177.6,130.333333333333
176.793292715888,129.76847081187
180.826829136446,122.425258032843
180.826829136446,112.257732646497
180.826829136446,103.219932303079
180.020121852335,98.1361696099068
180.826829136446,97.5713070884432
179.213414568223,99.8307571742977
180.020121852335,103.784794824543
180.826829136446,104.349657346007
182.44024370467,106.609107431861
182.44024370467,109.998282560643
180.020121852335,112.822595167961
179.213414568223,115.646907775279
179.213414568223,115.646907775279
180.826829136446,116.776632818206
180.826829136446,116.776632818206

Velocities: 16
1,0
4,9
9,9
8,8
5,4
0,1
-1,-3
-4,-3
-1,0
-3,-1
-3,-3
-1,-4
-2,-3
0,0
-2,0
0,0

InverseVelocities: 16
0,0
0,0
0,0
0,0
0,0
0,-1
0,0
0,0
0,0
0,0
0,0
0,0
0,0
0,0
0,0
0,0
