GestureName: tap_down
Duration(ms): 846
Handedness: right

SpeakerAngles: 2
55
-55

InterpretedPoints: 18
0.806707284111599,-2.82431260731812
-0.806707284111599,-6.21348773609986
-0.806707284111599,-9.6026628648816
2.4201218523348,-11.8621129507361
0,-13.556700515127
0,0
4.03353642055799,-2.82431260731812
0,0
0,0
0,0
-3.2268291364464,2.25945008585449
1.6134145682232,12.4269754721997
9.68048740933918,6.77835025756348
0.806707284111599,11.8621129507361
0.806707284111599,7.34321277902711
-0.806707284111599,5.08376269317261
-1.6134145682232,2.25945008585449
0,0

StrokePoints: 19
177.6,130.333333333333
176.793292715888,133.157645940651
177.6,139.371133676751
178.406707284112,148.973796541633
175.986585431777,160.835909492369
175.986585431777,174.392610007496
175.986585431777,174.392610007496
171.953049011219,177.216922614814
171.953049011219,177.216922614814
171.953049011219,177.216922614814
171.953049011219,177.216922614814
175.179878147665,174.95747252896
173.566463579442,162.53049705676
163.885976170103,155.752146799196
163.079268885991,143.89003384846
162.27256160188,136.546821069433
163.079268885991,131.463058376261
164.692683454214,129.203608290406
164.692683454214,129.203608290406

Velocities: 18
-2,-3
-6,-5
-9,-8
-9,-12
-12,-12
0,0
0,-5
0,0
0,0
0,0
0,4
12,10
12,0
11,10
7,6
4,5
1,3
0,0

InverseVelocities: 18
0,0
0,0
0,0
0,0
0,0
0,0
0,0
0,0
0,0
0,0
0,0
0,0
0,0
0,0
0,0
0,0
0,0
0,0
