GestureName: tap_right
Duration(ms): 799
Handedness: right

SpeakerAngles: 2
55
-55

InterpretedPoints: 17
-4.03353642055799,-2.82431260731812
0,0
0,0
0,0
-2.4201218523348,-5.08376269317261
0.806707284111599,-0.564862521463623
-1.6134145682232,-1.12972504292725
0,0
0,0
0.806707284111599,0.564862521463623
0.806707284111599,0.564862521463623
0,0
2.4201218523348,6.21348773609986
3.2268291364464,7.90807530049073
7.26036555700439,5.08376269317261
6.45365827289279,5.64862521463624
0,0

StrokePoints: 18
177.6,130.333333333333
181.633536420558,133.157645940651
181.633536420558,133.157645940651
181.633536420558,133.157645940651
181.633536420558,133.157645940651
184.053658272893,138.241408633824
183.246950988781,138.806271155288
184.860365557004,139.935996198215
184.860365557004,139.935996198215
184.860365557004,139.935996198215
184.053658272893,139.371133676751
183.246950988781,138.806271155288
183.246950988781,138.806271155288
180.826829136446,132.592783419188
177.6,124.684708118697
170.339634442996,119.600945425524
163.885976170103,113.952320210888
163.885976170103,113.952320210888

Velocities: 17
-5,0
0,0
0,0
0,0
-6,-3
0,-1
-2,0
0,0
0,0
1,0
1,0
0,0
7,4
9,5
9,0
9,1
0,0

InverseVelocities: 17
0,0
0,0
0,0
0,0
0,0
0,0
0,0
0,0
0,0
0,0
0,0
0,0
0,0
0,0
0,0
0,0
0,0
