GestureName: tap_up
Duration(ms): 658
Handedness: right

SpeakerAngles: 2
55
-55

InterpretedPoints: 14
-0.806707284111599,0.564862521463623
-4.84024370466959,3.38917512878174
-7.26036555700439,5.08376269317261
-0.806707284111599,10.7323879078088
2.4201218523348,9.6026628648816
1.6134145682232,4.51890017170899
0.806707284111599,0.564862521463623
-4.03353642055799,-2.82431260731812
-0.806707284111599,-5.08376269317261
0,-2.25945008585449
-0.806707284111599,-5.08376269317261
0,-4.51890017170899
2.4201218523348,-1.69458756439087
0,0

StrokePoints: 15
177.6,130.333333333333
178.406707284112,129.76847081187
183.246950988781,126.379295683088
190.507316545786,121.295532989915
191.314023829897,110.563145082107
188.893901977562,100.960482217225
187.280487409339,96.4415820455159
186.473780125228,95.8767195240523
190.507316545786,98.7010321313704
191.314023829897,103.784794824543
191.314023829897,106.044244910398
192.120731114009,111.12800760357
192.120731114009,115.646907775279
189.700609261674,117.34149533967
189.700609261674,117.34149533967

Velocities: 14
0,1
0,6
0,9
9,10
10,7
5,3
1,0
-5,0
-5,-4
-2,-2
-5,-4
-4,-4
0,-3
0,0

InverseVelocities: 14
0,0
0,0
0,0
0,0
0,0
0,0
0,0
0,0
0,0
0,0
0,0
0,0
0,0
0,0
