GestureName: tap_left
Duration(ms): 846
Handedness: right

SpeakerAngles: 2
55
-55

InterpretedPoints: 18
1.6134145682232,1.12972504292725
6.45365827289279,0
9.68048740933918,-4.51890017170899
8.87378012522759,-6.21348773609986
0,0
9.68048740933918,-6.77835025756348
0,-7.90807530049073
0,0
0,0
0,0
1.6134145682232,5.64862521463624
0,10.1675253863452
-9.68048740933918,6.77835025756348
-8.87378012522759,6.21348773609986
-8.87378012522759,6.21348773609986
-11.2939019775624,4.51890017170899
-7.26036555700439,1.69458756439087
0,0

StrokePoints: 19
177.6,130.333333333333
175.986585431777,129.203608290406
169.532927158884,129.203608290406
159.852439749545,133.722508462115
150.978659624317,139.935996198215
150.978659624317,139.935996198215
141.298172214978,146.714346455778
141.298172214978,154.622421756269
141.298172214978,154.622421756269
141.298172214978,154.622421756269
141.298172214978,154.622421756269
139.684757646755,148.973796541633
139.684757646755,138.806271155288
149.365245056094,132.027920897724
158.239025181322,125.814433161624
167.112805306549,119.600945425524
178.406707284112,115.082045253815
185.667072841116,113.387457689425
185.667072841116,113.387457689425

Velocities: 18
2,0
4,-4
2,-10
0,-11
0,0
0,-12
-7,-7
0,0
0,0
0,0
6,4
9,9
0,12
0,11
0,11
-3,11
-3,6
0,0

InverseVelocities: 18
0,0
0,0
0,0
0,0
0,0
0,0
0,0
0,0
0,0
0,0
0,0
0,0
0,0
0,0
0,0
0,0
0,0
0,0
