GestureName: tap_down
Duration(ms): 846
Handedness: right

SpeakerAngles: 2
55
-55

InterpretedPoints: 18
-0.806707284111599,-0.564862521463623
-0.806707284111599,-5.08376269317261
-1.6134145682232,-10.1675253863452
0.806707284111598,-12.9918379936633
0,-13.556700515127
0.806707284111598,-12.9918379936633
5.64695098878119,-3.95403765024536
0,0
0,0
0,0
4.03353642055799,9.6026628648816
0.806707284111598,12.9918379936633
0.806707284111598,12.9918379936633
1.6134145682232,12.4269754721997
0.806707284111599,8.47293782195435
0,5.64862521463624
0,1.12972504292725
0,0

StrokePoints: 19
177.6,130.333333333333
178.406707284112,130.898195854797
179.213414568223,135.98195854797
180.826829136446,146.149483934315
180.020121852335,159.141321927978
180.020121852335,172.698022443105
179.213414568223,185.689860436768
173.566463579442,189.643898087014
173.566463579442,189.643898087014
173.566463579442,189.643898087014
173.566463579442,189.643898087014
169.532927158884,180.041235222132
168.726219874772,167.049397228469
167.919512590661,154.057559234806
166.306098022438,141.630583762606
165.499390738326,133.157645940651
165.499390738326,127.509020726015
165.499390738326,126.379295683088
165.499390738326,126.379295683088

Velocities: 18
-1,0
-5,-4
-10,-8
-11,-12
-12,-12
-11,-12
0,-7
0,0
0,0
0,0
11,6
12,11
12,11
12,10
8,7
5,5
1,1
0,0

InverseVelocities: 18
0,0
0,0
0,0
0,0
0,0
0,0
0,0
0,0
0,0
0,0
0,0
0,0
0,0
0,0
0,0
0,0
0,0
0,0
