GestureName: tap_right
Duration(ms): 987
Handedness: right

SpeakerAngles: 2
55
-55

InterpretedPoints: 21
-4.03353642055799,-2.82431260731812
0,0
-9.68048740933918,-6.77835025756348
-7.26036555700439,-8.47293782195435
0,0
4.84024370466959,-3.38917512878174
0.806707284111599,-6.21348773609986
2.4201218523348,-1.69458756439087
1.6134145682232,-1.12972504292725
0,0
0,0
-4.84024370466959,3.38917512878174
5.64695098878119,3.95403765024536
2.4201218523348,11.8621129507361
0,0
9.68048740933918,6.77835025756348
8.87378012522758,7.34321277902711
7.26036555700439,5.08376269317261
0.806707284111599,0.564862521463623
-0.806707284111599,1.69458756439087
0,0

StrokePoints: 22
177.6,130.333333333333
181.633536420558,133.157645940651
181.633536420558,133.157645940651
191.314023829897,139.935996198215
198.574389386902,148.408934020169
198.574389386902,148.408934020169
193.734145682232,151.798109148951
192.92743839812,158.011596885051
190.507316545786,159.706184449442
188.893901977562,160.835909492369
188.893901977562,160.835909492369
188.893901977562,160.835909492369
193.734145682232,157.446734363587
188.087194693451,153.492696713342
185.667072841116,141.630583762606
185.667072841116,141.630583762606
175.986585431777,134.852233505042
167.112805306549,127.509020726015
159.852439749545,122.425258032843
159.045732465433,121.860395511379
159.852439749545,120.165807946988
159.852439749545,120.165807946988

Velocities: 21
-5,0
0,0
-12,0
-12,-3
0,0
0,-6
-5,-6
0,-3
0,-2
0,0
0,0
0,6
7,0
12,9
0,0
12,0
12,1
9,0
1,0
1,2
0,0

InverseVelocities: 21
0,0
0,0
0,0
0,0
0,0
0,0
0,0
0,0
0,0
0,0
0,0
0,0
0,0
0,0
0,0
0,0
0,0
0,0
0,0
0,0
0,0
