Started MediaCenter at 3:16:07 PM
Keypress: M

Detected: swipe_up
Channels: 6
Length: 14
Data:
-1 -1 -1 -2 -1 -4 -5 -4 -3 -2 -2 -2 0 0 

0 -1 0 0 0 0 -1 -1 -1 0 0 0 0 0 

0 -1 -2 -1 -1 -1 -3 -6 -6 -5 -4 -3 -3 -1 

0 -1 -2 -1 -1 -1 -3 -6 -6 -5 -4 -3 -3 -1 

0 0 0 0 0 0 0 0 0 0 0 0 0 0 

0 0 0 0 0 0 0 0 0 0 0 0 0 0 

Detected: x
Channels: 6
Length: 24
Data:
0 0 9 11 11 7 3 0 0 0 -1 -5 -5 0 0 0 2 4 4 5 0 0 0 0 

0 0 0 5 0 -1 -3 -3 -2 2 4 7 2 0 0 0 0 0 0 0 -7 -7 -2 0 

5 6 9 11 11 8 1 -4 -2 0 2 4 0 -1 0 0 0 1 1 -3 -7 -7 -4 -1 

5 6 9 11 11 8 1 -4 -2 0 2 4 0 -1 0 0 0 1 1 -3 -7 -7 -4 -1 

0 0 0 0 0 0 0 0 0 0 0 -3 -3 0 0 0 0 0 0 10 4 0 0 0 

0 0 0 0 -1 -4 -2 -4 0 0 0 1 0 0 0 0 0 0 0 0 0 -1 0 0 

Detected: tap_right
Channels: 6
Length: 10
Data:
0 0 -5 0 0 0 0 0 0 0 

0 0 3 0 0 0 0 0 0 0 

4 3 2 -2 0 -9 1 -10 0 -4 

4 3 2 -2 0 -9 1 -10 0 -4 

0 0 0 0 0 0 0 0 0 0 

1 1 1 0 0 0 0 0 0 0 

Detected: swipe_left
Channels: 6
Length: 41
Data:
0 0 0 0 2 0 0 2 0 0 0 0 0 0 1 3 5 6 6 5 4 4 1 0 0 0 0 0 -2 -5 -6 -5 -1 0 2 3 2 6 2 0 0 

0 0 0 0 0 0 0 0 0 0 0 0 0 0 0 0 0 0 0 0 0 -1 -3 0 0 0 2 3 4 4 3 0 0 0 0 0 0 -5 0 0 0 

1 1 2 2 0 0 0 1 2 0 1 0 0 1 1 2 4 5 5 5 4 3 1 -1 0 0 1 2 3 6 1 -3 -1 -1 2 1 3 5 2 -2 -1 

1 1 2 2 0 0 0 1 2 0 1 0 0 1 1 2 4 5 5 5 4 3 1 -1 0 0 1 2 3 6 1 -3 -1 -1 2 1 3 5 2 -2 -1 

0 0 0 0 0 0 0 0 0 0 0 0 0 0 0 0 0 0 0 0 0 0 0 0 0 0 0 0 0 0 0 0 0 0 0 0 0 8 2 0 0 

0 0 0 0 0 0 0 0 0 0 0 0 0 0 0 0 0 0 0 0 0 1 -4 -3 0 0 0 1 0 0 0 0 0 0 0 0 0 1 0 0 0 

Detected: swipe_left
Channels: 6
Length: 29
Data:
0 2 4 3 3 3 0 0 0 0 0 -1 -3 -5 -7 -7 -6 0 0 0 2 0 1 4 3 7 -1 0 0 

0 0 0 2 0 1 0 0 0 2 3 3 2 1 3 1 0 0 0 0 0 0 0 0 1 -5 -3 -2 0 

1 3 4 5 4 6 -1 0 0 0 0 3 2 2 -4 -5 -5 -2 0 0 1 3 3 3 -3 -6 -4 -4 -2 

1 3 4 5 4 6 -1 0 0 0 0 3 2 2 -4 -5 -5 -2 0 0 1 3 3 3 -3 -6 -4 -4 -2 

0 0 0 0 0 0 0 0 0 0 0 0 -2 -3 -2 0 0 0 0 0 0 0 0 0 4 4 4 0 0 

0 0 0 0 -5 -1 0 0 0 0 0 0 0 0 0 0 0 0 0 0 0 0 0 0 -1 -1 -1 0 0 

Detected: swipe_left
Channels: 6
Length: 30
Data:
0 2 0 5 5 2 2 0 0 0 0 0 1 -2 -3 -5 -5 -3 -4 0 0 0 4 3 4 4 -5 0 0 0 

0 0 2 2 2 -1 -1 0 0 0 0 2 5 3 3 1 0 8 0 0 0 0 0 0 0 5 -6 -3 -1 0 

2 4 6 5 5 3 4 0 0 0 0 0 3 2 3 7 -4 -4 -3 0 0 0 3 2 8 7 1 -5 -3 -1 

2 4 6 5 5 3 4 0 0 0 0 0 3 2 3 7 -4 -4 -3 0 0 0 3 2 8 7 1 -5 -3 -1 

0 0 0 0 0 0 0 0 0 0 0 0 0 0 -2 -3 0 0 0 0 0 0 0 0 6 6 3 0 0 0 

0 0 0 0 -3 2 0 0 0 0 0 0 0 0 0 0 0 0 0 0 0 0 0 0 0 0 0 0 0 0 

Detected: swipe_left
Channels: 6
Length: 24
Data:
0 3 4 3 4 4 0 -1 0 0 0 -1 -4 -7 -7 -7 -2 2 4 0 5 5 0 0 

0 0 0 1 2 -1 -1 0 0 0 1 2 3 4 1 1 1 0 0 0 0 -2 -3 0 

1 4 1 3 3 3 2 1 0 0 1 1 4 5 -5 -5 -2 0 4 0 2 2 1 -1 

1 4 1 3 3 3 2 1 0 0 1 1 4 5 -5 -5 -2 0 4 0 2 2 1 -1 

0 0 0 0 0 0 0 0 0 0 0 0 -2 -3 -2 0 0 0 0 0 0 5 0 0 

0 0 0 0 0 -2 0 0 0 0 0 0 0 0 0 0 0 0 0 0 0 0 -1 0 

Detected: swipe_left
Channels: 6
Length: 29
Data:
-1 -1 0 0 0 0 0 0 0 0 0 5 5 6 2 2 0 0 0 -1 -5 -6 -5 0 1 6 5 3 0 

0 0 0 0 0 0 0 0 0 0 0 1 0 3 2 -2 -2 0 1 4 2 2 1 0 0 0 -1 -4 -1 

0 1 0 1 1 0 0 0 0 1 3 5 6 5 2 1 -1 0 0 3 2 0 -1 0 -1 0 -5 -5 -3 

0 1 0 1 1 0 0 0 0 1 3 5 6 5 2 1 -1 0 0 3 2 0 -1 0 -1 0 -5 -5 -3 

0 0 0 0 0 0 0 0 0 0 0 0 0 2 0 0 0 0 0 0 -3 -3 -1 0 0 0 2 3 1 

0 0 0 0 0 0 0 0 0 0 0 0 0 0 1 -3 0 0 0 0 0 0 0 0 0 0 0 0 0 

Detected: scratchout
Channels: 6
Length: 27
Data:
0 -2 -7 -6 -1 5 6 4 0 -4 -5 -5 -2 3 5 3 0 -3 -4 -7 -6 0 3 4 3 0 0 

0 7 8 0 0 0 8 5 2 7 7 2 0 0 0 -6 0 6 7 5 0 0 0 -3 -5 -5 -2 

5 6 7 0 0 2 8 4 0 6 6 1 0 2 4 1 -1 6 6 3 -3 0 2 3 3 -5 -3 

5 6 7 0 0 2 8 4 0 6 6 1 0 2 4 1 -1 6 6 3 -3 0 2 3 3 -5 -3 

0 0 -5 0 0 2 1 2 0 -1 -3 0 0 0 0 0 0 0 -3 0 0 0 0 3 1 0 0 

0 3 1 0 0 -1 -2 -3 0 2 2 0 0 0 -2 -2 0 1 1 0 0 0 0 0 -1 0 -1 

Detected: swipe_left
Channels: 6
Length: 10
Data:
0 2 1 0 0 0 0 0 0 0 

0 1 -1 -3 -3 -3 -3 0 -1 0 

1 2 2 0 2 2 1 -2 -1 -2 

1 2 2 0 2 2 1 -2 -1 -2 

0 0 0 0 0 0 0 0 0 0 

0 0 -3 0 -2 -3 0 -1 0 0 

Keypress: M

Keypress: M

Detected: swipe_left
Channels: 6
Length: 5
Data:
0 0 0 0 0 

0 0 0 0 0 

1 0 3 2 1 

1 0 3 2 1 

0 0 0 0 0 

0 0 0 0 0 

Detected: swipe_left
Channels: 6
Length: 20
Data:
0 0 0 0 0 0 0 0 0 0 4 4 4 2 2 1 0 0 0 0 

0 0 0 0 0 0 0 0 0 1 0 0 1 0 0 0 0 0 0 -1 

-3 0 0 0 0 1 0 2 3 4 4 2 3 4 3 1 0 0 -1 0 

-3 0 0 0 0 1 0 2 3 4 4 2 3 4 3 1 0 0 -1 0 

0 0 0 0 0 0 0 0 0 0 0 1 0 0 0 0 0 0 0 0 

0 0 0 0 0 0 0 0 0 0 0 0 0 -1 -2 -2 0 0 -1 0 

Detected: scratchout
Channels: 6
Length: 32
Data:
0 -1 -2 -3 -4 -3 1 7 5 -4 0 0 0 -3 -3 -3 1 8 6 0 -1 -4 -4 -2 1 2 3 0 0 0 -1 -2 

1 2 3 2 2 1 0 -2 -4 -7 -6 -2 5 7 6 2 0 -6 -7 -4 5 8 7 1 1 -2 -7 -3 3 4 5 3 

1 3 2 1 -2 -1 0 2 2 1 -5 3 6 7 6 2 0 -5 -10 -6 3 6 6 0 1 6 2 -3 3 4 3 1 

1 3 2 1 -2 -1 0 2 2 1 -5 3 6 7 6 2 0 -5 -10 -6 3 6 6 0 1 6 2 -3 3 4 3 1 

0 0 0 -1 0 0 0 0 0 0 0 0 -1 -1 0 0 0 8 4 0 -1 -2 -1 0 2 2 2 0 0 -1 -1 -1 

0 0 -1 0 0 0 0 0 -2 -1 0 0 0 0 1 1 0 0 -1 0 0 2 0 0 0 0 -3 0 0 0 0 0 

Detected: swipe_left
Channels: 6
Length: 11
Data:
0 0 0 0 0 -4 -4 -3 -2 -2 0 

0 0 0 0 0 0 0 0 0 0 0 

-1 0 -2 -2 0 -4 -2 -3 -3 -2 -1 

-1 0 -2 -2 0 -4 -2 -3 -3 -2 -1 

0 0 0 0 0 0 0 -3 0 0 0 

0 0 0 0 0 0 0 0 0 0 0 

Keypress: M

Keypress: M

Detected: swipe_right
Channels: 6
Length: 47
Data:
0 -1 0 0 0 0 0 0 0 0 0 0 0 0 0 0 0 0 0 0 0 0 0 0 0 0 0 0 0 0 0 0 0 0 0 0 0 0 0 0 0 0 0 0 0 0 0 

0 0 0 0 0 0 0 0 0 0 0 0 0 0 0 0 0 0 0 0 0 0 0 0 1 0 0 0 0 0 0 0 0 0 0 -1 -1 -1 0 0 0 0 0 0 0 0 0 

-1 -7 -10 -8 -6 -4 0 1 3 4 1 -3 -3 0 0 0 1 1 -2 -1 0 0 2 5 4 -2 -4 -2 0 0 1 2 4 1 0 0 0 -1 -2 -2 -1 0 0 0 0 1 1 

-1 -7 -10 -8 -6 -4 0 1 3 4 1 -3 -3 0 0 0 1 1 -2 -1 0 0 2 5 4 -2 -4 -2 0 0 1 2 4 1 0 0 0 -1 -2 -2 -1 0 0 0 0 1 1 

0 0 0 0 0 0 0 0 0 0 0 0 0 0 0 0 0 0 0 0 0 0 0 0 0 0 0 0 0 0 0 0 0 0 0 0 0 0 0 0 0 0 0 0 0 0 0 

0 0 0 0 0 0 0 0 0 0 0 0 0 0 0 0 0 0 0 0 0 0 0 0 0 0 0 0 0 0 0 0 0 0 0 0 0 0 0 0 0 0 0 0 0 0 0 

Detected: swipe_left
Channels: 6
Length: 3
Data:
0 0 0 

0 1 0 

1 2 1 

1 2 1 

0 0 0 

0 0 0 

Detected: scratchout
Channels: 6
Length: 39
Data:
0 0 0 0 0 0 0 0 0 1 0 0 2 4 1 0 0 0 0 -4 -5 -2 0 1 1 5 -1 0 0 0 -4 -6 -4 -2 1 4 4 2 0 

0 0 0 0 0 0 0 0 0 2 0 0 0 -4 -5 -5 -3 0 7 7 6 2 0 0 5 -2 -5 -3 2 6 7 5 0 0 0 4 0 -4 -4 

-1 -1 1 0 1 3 3 3 5 4 4 3 4 3 -4 -4 -1 3 6 6 5 -1 0 0 3 1 -5 -2 1 3 6 4 -1 0 1 3 2 -4 -4 

-1 -1 1 0 1 3 3 3 5 4 4 3 4 3 -4 -4 -1 3 6 6 5 -1 0 0 3 1 -5 -2 1 3 6 4 -1 0 1 3 2 -4 -4 

0 0 0 0 0 0 0 0 0 0 0 0 0 0 0 0 0 0 0 -1 0 0 0 0 2 2 0 0 0 0 0 -3 0 0 0 2 0 2 0 

0 0 0 0 0 0 0 0 0 0 0 0 0 -2 -4 -2 0 0 0 0 1 0 0 0 -2 -3 -3 0 0 0 2 1 0 0 0 -1 0 -3 0 

Detected: swipe_right
Channels: 6
Length: 13
Data:
0 0 -1 0 -1 -2 -2 0 0 0 0 -1 -1 

1 2 3 3 2 2 0 0 0 0 0 0 0 

0 1 2 2 2 1 0 0 0 0 0 0 0 

0 1 2 2 2 1 0 0 0 0 0 0 0 

0 0 -1 -1 0 -2 -2 -2 0 0 0 0 0 

0 0 0 0 0 0 0 0 0 0 0 0 0 

Keypress: M

Keypress: M

Detected: swipe_left
Channels: 6
Length: 4
Data:
0 0 0 0 

0 0 0 0 

-1 -1 -1 -1 

-1 -1 -1 -1 

0 0 0 0 

0 0 0 0 

Detected: swipe_left
Channels: 6
Length: 9
Data:
0 0 0 0 0 0 0 0 0 

0 0 0 0 1 0 0 0 0 

1 3 1 1 1 1 0 0 1 

1 3 1 1 1 1 0 0 1 

0 0 0 0 0 0 0 0 0 

0 0 0 1 0 0 0 0 0 

Detected: swipe_left
Channels: 6
Length: 35
Data:
0 0 0 0 0 0 0 1 2 0 0 0 0 0 0 0 0 0 0 0 -1 0 0 0 -1 -1 -1 0 0 -1 -1 -1 0 0 0 

0 0 0 0 1 2 1 0 0 0 2 0 1 1 1 -1 0 0 0 0 -1 0 0 0 0 0 0 0 0 -1 0 -1 0 0 0 

1 1 1 2 3 2 1 2 6 1 6 6 4 1 2 1 0 -1 -3 -5 -4 -3 -3 -1 0 -2 -1 -2 -2 -3 -4 -2 -2 -2 -1 

1 1 1 2 3 2 1 2 6 1 6 6 4 1 2 1 0 -1 -3 -5 -4 -3 -3 -1 0 -2 -1 -2 -2 -3 -4 -2 -2 -2 -1 

0 0 0 0 0 0 0 0 0 0 0 0 0 0 0 0 0 0 0 0 0 0 0 0 0 0 0 0 0 0 0 0 0 0 0 

0 0 0 0 0 0 0 0 0 0 0 0 0 0 0 0 0 0 0 0 0 0 0 0 0 0 0 0 0 0 0 0 0 0 0 

Detected: swipe_left
Channels: 6
Length: 3
Data:
0 0 0 

0 0 0 

1 1 1 

1 1 1 

0 0 0 

0 0 0 

Detected: swipe_left
Channels: 6
Length: 24
Data:
0 0 0 0 2 2 2 2 1 1 1 1 2 0 1 0 0 0 0 0 0 0 0 0 

0 0 0 0 0 1 0 0 0 2 0 4 0 2 2 1 1 2 1 0 0 0 0 0 

1 2 2 1 3 3 1 3 2 3 4 4 4 4 3 2 2 2 2 2 2 0 1 1 

1 2 2 1 3 3 1 3 2 3 4 4 4 4 3 2 2 2 2 2 2 0 1 1 

0 0 0 0 0 0 0 0 0 0 0 0 0 0 -2 0 0 0 0 0 0 0 0 0 

0 0 0 0 0 0 0 0 0 0 0 0 0 0 0 0 0 0 0 0 0 0 0 0 

