Started ActionVisualizer at 3:44:15 PM
Detected: swipe_right
Channels: 6
Length: 3
Data:
-5 -4 -4 

0 0 0 

0 0 0 

0 0 0 

0 0 0 

0 0 0 

Detected: swipe_front
Channels: 6
Length: 17
Data:
0 0 0 1 1 0 0 0 0 3 2 3 3 0 2 1 0 

0 0 1 1 2 0 0 0 1 0 0 0 4 4 3 1 1 

1 1 1 2 2 2 2 2 3 4 0 8 7 0 4 2 1 

1 1 1 2 2 2 2 2 3 4 0 8 7 0 4 2 1 

0 0 0 0 0 0 0 0 0 0 1 0 0 0 0 0 0 

0 0 0 0 0 0 0 0 0 0 0 0 0 0 0 0 0 

Detected: swipe_left
Channels: 6
Length: 5
Data:
-1 -2 -3 -3 -3 

-1 -2 -3 -3 0 

-3 -4 -3 -4 0 

-3 -4 -3 -4 0 

0 0 0 0 0 

0 0 0 0 0 

Detected: swipe_front
Channels: 6
Length: 11
Data:
0 0 3 4 3 4 4 1 0 -3 -1 

0 0 3 0 0 0 2 2 0 0 0 

-1 0 0 5 5 3 4 2 0 1 0 

-1 0 0 5 5 3 4 2 0 1 0 

0 -1 0 0 0 0 0 0 0 1 0 

0 0 0 0 0 0 0 0 0 0 0 

Detected: swipe_back
Channels: 6
Length: 4
Data:
-3 -4 -3 0 

0 0 0 0 

-2 -4 -4 -2 

-2 -4 -4 -2 

0 0 0 0 

0 0 0 0 

Detected: swipe_left
Channels: 6
Length: 20
Data:
4 4 5 3 3 1 0 0 0 0 0 0 -2 -3 -3 -5 0 0 0 0 

0 0 5 0 5 5 1 0 0 0 0 0 -4 -4 -5 -2 -3 0 0 -1 

5 7 9 0 6 3 1 0 0 0 0 -1 -3 -4 -5 -5 0 0 0 0 

5 7 9 0 6 3 1 0 0 0 0 -1 -3 -4 -5 -5 0 0 0 0 

0 0 5 0 0 0 0 0 0 0 0 0 0 0 -5 0 0 0 0 0 

0 0 0 0 0 0 0 0 0 0 0 0 0 0 0 0 0 0 0 0 

Detected: swipe_left
Channels: 6
Length: 8
Data:
0 0 1 0 7 0 2 3 

0 0 0 0 0 0 0 1 

0 4 2 0 5 0 2 0 

0 4 2 0 5 0 2 0 

1 0 0 0 0 0 0 0 

0 0 0 0 0 0 0 0 

Detected: swipe_back
Channels: 6
Length: 7
Data:
-2 -4 -4 0 0 -4 0 

0 0 0 0 0 -4 -2 

0 -2 -5 -5 -6 -5 -4 

0 -2 -5 -5 -6 -5 -4 

0 0 0 0 0 0 0 

0 0 0 0 0 0 0 

Detected: swipe_left
Channels: 6
Length: 13
Data:
4 4 3 3 1 0 0 0 -1 -2 -3 -3 -3 

0 4 0 1 1 0 0 0 0 0 0 0 0 

0 0 1 2 2 0 0 0 0 0 0 0 0 

0 0 1 2 2 0 0 0 0 0 0 0 0 

0 0 0 0 0 0 0 0 0 0 0 0 0 

0 0 0 0 0 0 0 0 0 0 0 0 0 

Detected: swipe_left
Channels: 6
Length: 19
Data:
0 -4 2 0 4 3 3 0 0 0 0 0 0 0 0 -3 -4 -4 -3 

0 0 0 0 0 0 4 3 1 0 0 0 0 -1 -2 -3 -3 0 0 

-1 0 0 0 0 5 4 2 1 0 0 0 0 -1 -3 -5 -5 -5 0 

-1 0 0 0 0 5 4 2 1 0 0 0 0 -1 -3 -5 -5 -5 0 

-3 -3 0 0 0 0 0 0 0 0 0 0 0 0 0 0 0 0 0 

0 0 0 0 0 0 0 0 0 0 0 0 0 0 0 0 0 0 0 

Detected: swipe_front
Channels: 6
Length: 4
Data:
2 1 0 0 

0 3 3 3 

4 0 2 0 

4 0 2 0 

0 0 0 0 

0 0 0 0 

Detected: swipe_left
Channels: 6
Length: 8
Data:
0 -1 -1 -2 -3 0 0 -1 

0 -2 -2 -2 0 0 0 0 

-1 -2 0 -4 -4 0 0 0 

-1 -2 0 -4 -4 0 0 0 

0 0 0 0 0 0 0 0 

0 0 0 0 0 0 0 0 

Detected: swipe_front
Channels: 6
Length: 5
Data:
0 2 1 0 0 

4 4 3 2 2 

3 5 3 0 1 

3 5 3 0 1 

0 0 0 0 0 

0 0 0 0 0 

Detected: swipe_left
Channels: 6
Length: 7
Data:
0 -1 0 0 0 0 -1 

0 0 0 0 0 0 0 

-1 -2 -4 -4 0 0 0 

-1 -2 -4 -4 0 0 0 

0 0 0 0 0 0 0 

0 0 0 0 0 0 0 

Detected: swipe_back
Channels: 6
Length: 17
Data:
1 0 0 0 0 0 0 0 0 0 0 -1 -2 -2 -3 -2 -1 

3 0 0 4 3 0 0 0 0 0 0 -1 0 0 0 0 0 

0 0 0 0 3 0 0 0 0 -1 -1 -2 -3 -4 -4 -4 0 

0 0 0 0 3 0 0 0 0 -1 -1 -2 -3 -4 -4 -4 0 

0 0 0 0 0 0 0 0 0 0 0 0 0 0 0 0 0 

0 0 0 0 0 0 0 0 0 0 0 0 0 0 0 0 0 

Detected: swipe_left
Channels: 6
Length: 3
Data:
0 0 0 

0 0 0 

4 3 3 

4 3 3 

0 0 0 

0 0 0 

Detected: swipe_back
Channels: 6
Length: 6
Data:
0 -2 0 -2 0 0 

0 0 0 0 0 0 

1 0 0 -4 -3 -3 

1 0 0 -4 -3 -3 

0 0 0 0 0 0 

0 0 0 0 0 0 

Detected: swipe_left
Channels: 6
Length: 3
Data:
0 0 0 

0 0 0 

0 0 0 

0 0 0 

3 2 1 

0 0 0 

Detected: swipe_left
Channels: 6
Length: 5
Data:
0 0 0 0 0 

1 0 0 0 0 

0 0 0 0 0 

0 0 0 0 0 

0 0 0 0 0 

0 0 0 0 1 

Detected: swipe_left
Channels: 6
Length: 9
Data:
0 0 3 2 2 1 0 0 0 

0 0 0 0 -2 -3 -2 -2 -2 

1 2 1 1 0 -1 0 0 -2 

1 2 1 1 0 -1 0 0 -2 

0 1 2 2 2 1 0 0 0 

0 0 0 -2 0 -2 0 0 0 

Detected: tap_right
Channels: 6
Length: 12
Data:
0 0 0 -2 -5 -8 -10 -9 -10 -8 0 -2 

1 3 6 6 6 4 0 0 0 0 0 0 

1 0 3 4 2 -1 -5 0 0 0 0 0 

1 0 3 4 2 -1 -5 0 0 0 0 0 

0 0 0 -2 0 0 0 0 0 0 0 0 

0 0 0 0 0 0 0 0 0 0 0 0 

Detected: swipe_front
Channels: 6
Length: 26
Data:
2 0 0 0 7 8 6 3 1 0 0 0 0 0 0 0 0 0 -5 -8 -8 0 -8 0 -3 -1 

0 0 0 0 0 0 5 -4 -5 -5 -4 -1 0 0 0 4 6 7 6 4 0 0 0 0 0 0 

0 0 0 5 6 5 1 -1 -1 -3 0 0 0 0 0 3 5 4 2 0 0 -6 0 0 0 -1 

0 0 0 5 6 5 1 -1 -1 -3 0 0 0 0 0 3 5 4 2 0 0 -6 0 0 0 -1 

0 0 0 0 0 0 5 3 2 1 0 0 0 0 0 0 -1 -3 -7 -8 0 0 0 0 0 0 

0 0 0 0 0 0 0 0 0 0 0 0 0 0 0 0 0 0 0 0 0 0 0 0 0 0 

Detected: swipe_left
Channels: 6
Length: 13
Data:
0 2 3 0 0 5 4 3 1 -1 0 0 0 

0 0 0 0 0 0 0 -1 -2 -3 -2 -1 0 

1 1 0 3 0 3 2 0 0 -1 0 -1 -1 

1 1 0 3 0 3 2 0 0 -1 0 -1 -1 

0 0 0 0 0 0 4 2 2 2 0 0 0 

0 0 0 0 0 0 -2 0 0 -1 0 0 0 

Detected: tap_right
Channels: 6
Length: 13
Data:
0 0 0 -1 -2 -5 -5 -4 0 0 -2 0 -1 

2 3 4 4 3 0 0 0 0 0 0 0 0 

1 2 2 0 0 0 -2 -2 -2 -1 0 0 0 

1 2 2 0 0 0 -2 -2 -2 -1 0 0 0 

0 0 0 -2 -4 -4 -3 0 0 0 0 0 0 

0 0 0 0 0 0 0 0 0 0 0 0 0 

Detected: swipe_left
Channels: 6
Length: 8
Data:
0 2 0 4 5 3 3 1 

0 0 0 0 0 0 0 0 

1 2 3 3 3 1 0 0 

1 2 3 3 3 1 0 0 

0 0 0 0 3 2 0 0 

0 0 0 0 0 0 0 0 

Detected: swipe_right
Channels: 6
Length: 5
Data:
-1 -2 -3 -4 0 

0 0 0 0 0 

0 0 0 0 0 

0 0 0 0 0 

0 0 0 0 -2 

0 0 0 0 0 

Detected: tap_right
Channels: 6
Length: 28
Data:
1 1 1 0 0 0 0 0 0 0 0 -3 -5 -7 -7 -4 -5 0 0 2 4 0 3 0 0 0 0 0 

0 0 -1 -2 0 0 0 0 1 2 4 4 5 2 0 0 0 0 0 0 0 0 0 0 0 0 0 -1 

0 0 0 0 0 0 0 0 0 0 2 2 2 -2 -4 -4 -3 0 0 0 3 2 0 0 0 0 -6 -2 

0 0 0 0 0 0 0 0 0 0 2 2 2 -2 -4 -4 -3 0 0 0 3 2 0 0 0 0 -6 -2 

0 0 0 0 0 0 0 0 0 0 0 -1 -4 -4 0 -4 -4 0 0 0 0 0 8 7 0 0 0 0 

-1 0 0 0 0 0 0 0 0 0 0 0 -3 0 0 0 0 0 0 0 0 0 -2 -4 -8 -7 -6 0 

Detected: tap_right
Channels: 6
Length: 33
Data:
0 0 0 0 0 0 0 0 0 0 0 0 0 0 0 -4 -6 -6 -8 -7 0 0 0 2 0 6 4 0 0 0 0 0 0 

0 0 0 0 0 -2 -1 0 0 0 0 0 3 4 5 4 3 2 0 0 0 0 0 0 0 0 0 0 0 0 0 0 0 

1 0 0 0 0 0 1 1 0 0 0 0 0 2 3 2 1 -4 -4 -6 -3 -1 0 3 4 4 5 -1 0 -11 -9 -2 -3 

1 0 0 0 0 0 1 1 0 0 0 0 0 2 3 2 1 -4 -4 -6 -3 -1 0 3 4 4 5 -1 0 -11 -9 -2 -3 

0 0 0 0 0 0 0 0 0 0 0 0 0 0 0 -3 -3 0 0 0 -2 0 0 0 0 0 0 8 4 -2 0 0 0 

0 0 0 0 0 0 0 0 0 0 0 0 0 0 0 0 0 0 0 0 0 0 0 0 0 0 -2 -4 -9 -8 -6 0 0 

Detected: swipe_right
Channels: 6
Length: 10
Data:
-5 0 0 0 0 0 0 0 0 0 

0 0 0 0 0 0 0 0 1 1 

0 0 0 0 0 0 0 0 2 1 

0 0 0 0 0 0 0 0 2 1 

0 0 0 0 0 0 0 0 0 0 

0 0 0 0 1 1 0 0 0 0 

Detected: tap_right
Channels: 6
Length: 37
Data:
0 0 0 0 0 0 0 0 0 0 0 -1 -6 -8 -9 -9 0 0 0 3 0 0 3 0 0 0 0 0 0 0 0 0 0 0 0 0 -1 

0 -1 -1 -1 -2 0 0 0 1 3 4 5 5 3 0 0 0 0 0 0 0 0 0 0 -13 -12 -1 -1 2 8 10 0 0 0 0 0 0 

0 0 0 -1 0 0 0 0 0 0 2 2 1 -3 -5 -5 -3 -1 2 2 4 4 0 -3 -11 -4 0 0 0 2 0 0 0 0 0 0 -1 

0 0 0 -1 0 0 0 0 0 0 2 2 1 -3 -5 -5 -3 -1 2 2 4 4 0 -3 -11 -4 0 0 0 2 0 0 0 0 0 0 -1 

0 0 0 0 0 0 0 0 0 0 0 0 -4 -3 -7 0 -2 0 0 0 0 0 0 6 0 2 0 0 0 0 0 0 0 0 0 0 0 

-1 -1 -1 0 0 0 0 0 0 0 0 0 -5 0 0 0 0 0 0 0 0 0 -3 -7 -8 -7 0 0 0 0 5 0 5 0 0 0 0 

Detected: tap_left
Channels: 6
Length: 27
Data:
5 5 1 0 0 0 0 0 0 0 -2 -5 -10 -11 -10 -5 -1 0 0 8 7 0 0 0 0 0 0 

0 0 0 0 0 0 0 1 2 4 5 4 0 0 0 0 0 0 0 0 0 0 0 -15 -11 -7 -3 

0 2 1 0 0 0 0 0 1 2 3 3 -4 -6 -8 -6 -5 1 5 3 0 0 0 -11 0 -8 -16 

0 2 1 0 0 0 0 0 1 2 3 3 -4 -6 -8 -6 -5 1 5 3 0 0 0 -11 0 -8 -16 

1 0 0 0 0 0 0 0 0 0 -1 -3 -4 0 -5 -5 0 0 3 0 0 12 8 0 0 0 0 

0 0 0 0 0 0 0 0 0 0 -2 -2 0 0 0 0 0 0 0 0 0 -4 -9 -9 -7 0 0 

Detected: swipe_front
Channels: 6
Length: 9
Data:
0 0 0 0 0 0 0 0 0 

1 2 5 6 7 6 5 4 1 

1 0 0 4 0 5 4 3 0 

1 0 0 4 0 5 4 3 0 

0 0 0 0 0 0 0 0 0 

0 0 1 2 1 0 0 0 0 

Detected: tap_right
Channels: 6
Length: 33
Data:
0 -1 -1 0 0 0 0 0 0 -1 -5 -8 -10 0 -7 0 0 2 7 0 0 0 0 0 0 0 0 0 0 0 -4 0 -2 

-1 -2 -2 0 0 0 0 2 3 5 5 5 0 0 0 0 0 0 0 0 0 0 0 0 0 0 0 0 0 0 0 0 0 

0 -1 -1 0 0 0 0 0 1 2 2 -1 -4 -4 0 0 0 4 4 0 0 0 -10 0 -2 -2 2 0 6 0 0 0 0 

0 -1 -1 0 0 0 0 0 1 2 2 -1 -4 -4 0 0 0 4 4 0 0 0 -10 0 -2 -2 2 0 6 0 0 0 0 

0 0 0 0 0 0 0 0 0 0 -3 -3 0 0 -3 -2 0 0 0 0 0 0 0 0 0 0 0 0 0 0 0 0 0 

0 -1 0 0 0 0 0 0 0 0 0 0 0 0 0 0 0 0 0 0 -2 0 -9 -7 -4 0 0 0 0 0 0 0 0 

Detected: swipe_left
Channels: 6
Length: 7
Data:
0 0 0 0 0 0 0 

0 0 0 0 1 0 1 

1 1 1 1 1 0 0 

1 1 1 1 1 0 0 

0 0 0 0 0 0 0 

0 0 0 0 0 0 0 

Detected: swipe_right
Channels: 6
Length: 8
Data:
0 -1 0 -2 -2 0 -2 -1 

0 0 0 0 -1 0 0 0 

-1 -2 -2 -1 -2 0 -1 0 

-1 -2 -2 -1 -2 0 -1 0 

0 0 0 0 0 0 0 0 

0 0 0 0 0 0 0 0 

Detected: tap_right
Channels: 6
Length: 25
Data:
1 0 0 0 0 0 -1 -5 -8 -10 -12 0 0 0 0 3 0 0 0 0 0 0 0 0 0 

0 0 0 0 0 1 2 4 4 2 2 0 0 0 0 0 0 0 0 0 0 0 0 -3 -1 

0 0 0 0 0 0 0 0 0 0 -5 -8 0 0 0 0 0 4 0 0 0 -10 -8 -6 0 

0 0 0 0 0 0 0 0 0 0 -5 -8 0 0 0 0 0 4 0 0 0 -10 -8 -6 0 

0 0 0 0 0 0 0 -3 -4 0 -7 0 0 0 0 0 0 0 0 8 0 0 0 0 0 

0 0 0 0 0 0 0 0 0 0 0 0 0 0 0 0 0 0 0 -4 -5 -7 0 -3 0 

Detected: swipe_right
Channels: 6
Length: 5
Data:
0 0 0 0 0 

0 0 3 0 2 

1 3 3 0 0 

1 3 3 0 0 

0 0 0 0 0 

0 0 0 0 0 

Detected: swipe_right
Channels: 6
Length: 4
Data:
0 0 0 0 

0 0 0 3 

1 0 5 6 

1 0 5 6 

0 0 0 0 

0 3 2 0 

Detected: swipe_left
Channels: 6
Length: 29
Data:
0 0 0 0 0 0 0 0 0 0 0 0 -2 -7 -9 -9 -11 -9 0 0 0 5 8 0 0 0 0 0 0 

0 -1 -2 -3 -2 -1 0 0 0 2 3 4 4 4 3 0 0 0 0 0 0 2 0 0 0 0 -12 -7 -8 

0 0 0 0 0 0 0 0 0 0 0 2 2 -1 0 -6 0 0 0 0 0 6 8 6 0 0 0 0 0 

0 0 0 0 0 0 0 0 0 0 0 2 2 -1 0 -6 0 0 0 0 0 6 8 6 0 0 0 0 0 

0 0 0 1 0 0 0 0 0 0 0 0 -4 -5 -5 0 0 0 0 0 0 0 0 0 0 11 8 0 0 

-1 -1 0 0 0 0 0 0 0 0 0 0 0 -4 0 0 0 0 0 0 0 0 0 0 0 -5 -10 -9 0 

Detected: swipe_left
Channels: 6
Length: 3
Data:
0 0 0 

0 0 0 

1 2 2 

1 2 2 

0 0 0 

0 0 0 

Detected: swipe_front
Channels: 6
Length: 15
Data:
0 -8 -8 -9 -8 0 0 3 6 8 10 9 6 3 2 

0 0 -6 -5 -5 0 0 4 7 9 10 10 6 0 0 

0 -7 -6 0 0 0 0 0 0 0 13 12 10 6 0 

0 -7 -6 0 0 0 0 0 0 0 13 12 10 6 0 

-4 0 0 0 0 0 0 0 0 0 0 0 0 0 0 

-3 0 -1 0 0 0 0 0 0 0 0 0 0 0 0 

Detected: tap_front
Channels: 6
Length: 18
Data:
0 -10 0 0 0 -12 -9 -3 -1 4 8 10 10 10 9 7 3 2 

-1 0 0 -9 -8 -9 -9 0 0 3 4 11 14 12 11 6 4 0 

-4 -7 -10 -12 0 0 -10 -5 0 0 0 0 15 14 12 10 8 4 

-4 -7 -10 -12 0 0 -10 -5 0 0 0 0 15 14 12 10 8 4 

0 0 -4 0 0 0 0 0 0 0 1 0 0 0 0 0 2 1 

0 -3 -4 0 0 0 0 0 0 0 0 0 0 0 0 0 0 0 

Detected: swipe_left
Channels: 6
Length: 6
Data:
0 0 0 0 0 0 

0 0 0 0 0 0 

-1 0 -3 -2 -3 -2 

-1 0 -3 -2 -3 -2 

0 0 0 0 0 0 

0 0 0 0 0 0 

Detected: tap_left
Channels: 6
Length: 10
Data:
2 4 1 3 1 0 0 0 -3 -1 

0 0 0 -5 -8 -9 -8 0 0 0 

0 1 0 -1 -4 -4 -8 0 0 0 

0 1 0 -1 -4 -4 -8 0 0 0 

0 1 0 3 1 0 0 0 0 0 

0 0 0 -4 -8 -6 0 0 0 0 

Detected: swipe_left
Channels: 6
Length: 12
Data:
0 0 0 0 0 0 0 1 0 0 1 0 

0 0 0 0 0 0 0 0 0 0 0 0 

1 0 3 2 1 0 0 0 0 2 0 1 

1 0 3 2 1 0 0 0 0 2 0 1 

0 0 0 0 0 0 0 0 0 0 0 0 

2 0 0 0 0 0 0 0 0 0 0 0 

Detected: swipe_left
Channels: 6
Length: 6
Data:
0 0 0 0 0 0 

-3 -6 -8 -8 -3 -2 

-1 -3 -5 -6 -6 -5 

-1 -3 -5 -6 -6 -5 

0 1 0 0 0 1 

-2 -3 -1 0 0 0 

Detected: swipe_right
Channels: 6
Length: 11
Data:
0 0 0 0 0 0 0 0 0 0 0 

1 1 2 2 1 2 3 3 2 2 1 

0 1 1 1 0 1 1 0 1 1 0 

0 1 1 1 0 1 1 0 1 1 0 

0 0 0 0 0 0 0 0 0 0 0 

0 0 0 0 0 0 0 0 0 0 0 

Detected: swipe_right
Channels: 6
Length: 6
Data:
-2 -6 -6 -6 -6 -3 

0 0 0 0 0 0 

0 0 0 0 -2 0 

0 0 0 0 -2 0 

-1 0 0 0 0 0 

0 0 0 0 0 0 

Detected: swipe_left
Channels: 6
Length: 7
Data:
0 2 1 2 3 2 0 

0 0 0 0 0 0 0 

1 2 2 0 1 1 0 

1 2 2 0 1 1 0 

0 0 0 0 0 1 1 

0 0 0 0 0 0 0 

Detected: swipe_back
Channels: 6
Length: 9
Data:
-3 -4 -5 -5 -7 -5 -6 -3 -1 

0 0 -2 -2 -4 -4 -3 -2 0 

0 -3 -3 -3 -5 -4 0 0 0 

0 -3 -3 -3 -5 -4 0 0 0 

0 0 -5 -1 -1 -1 0 0 0 

0 0 0 0 0 0 0 0 0 

Detected: swipe_front
Channels: 6
Length: 9
Data:
1 2 4 5 5 5 4 4 2 

1 2 3 3 5 4 3 2 2 

0 0 5 6 6 6 6 5 4 

0 0 5 6 6 6 6 5 4 

0 0 0 1 1 0 1 5 1 

0 0 0 0 0 0 4 3 0 

Detected: tap_front
Channels: 6
Length: 15
Data:
0 -1 0 -7 -5 -7 -9 -8 -5 4 6 9 10 9 3 

0 0 -1 -3 -6 -7 -7 -3 0 3 7 9 11 7 4 

0 -2 -3 -6 -8 -7 -6 0 1 6 9 12 14 12 4 

0 -2 -3 -6 -8 -7 -6 0 1 6 9 12 14 12 4 

-1 -3 0 0 -2 -2 0 0 0 3 4 2 2 3 0 

0 -3 0 -1 0 0 0 0 0 0 0 0 0 0 0 

Detected: tap_right
Channels: 6
Length: 11
Data:
1 0 0 0 -2 0 2 2 0 -1 0 

-4 -8 -9 -4 0 0 0 6 10 7 1 

-2 -6 -9 -8 -2 0 5 10 12 0 0 

-2 -6 -9 -8 -2 0 5 10 12 0 0 

0 3 0 0 0 0 0 -1 -4 -5 0 

0 0 0 0 0 0 0 0 0 0 0 

Detected: tap_left
Channels: 6
Length: 5
Data:
0 0 0 -5 -3 

-6 -14 -14 0 0 

0 -5 -1 -8 0 

0 -5 -1 -8 0 

1 2 0 0 0 

-2 -5 -5 0 0 

Detected: swipe_front
Channels: 6
Length: 7
Data:
0 0 0 0 0 -1 0 

0 0 0 5 9 9 1 

1 2 3 9 10 8 0 

1 2 3 9 10 8 0 

0 0 0 0 -2 -2 0 

0 0 0 0 0 0 0 

Detected: swipe_left
Channels: 6
Length: 5
Data:
0 0 0 0 0 

-4 -10 -13 0 -1 

0 0 -10 -7 -7 

0 0 -10 -7 -7 

1 1 0 0 0 

0 0 -8 0 0 

Detected: swipe_front
Channels: 6
Length: 6
Data:
0 0 0 0 0 0 

2 0 10 12 11 6 

0 8 12 14 13 0 

0 8 12 14 13 0 

0 0 0 0 -2 -1 

0 0 0 0 1 0 

Detected: swipe_left
Channels: 6
Length: 6
Data:
-1 0 0 0 0 0 

0 0 0 0 0 0 

0 0 0 -1 -1 -1 

0 0 0 -1 -1 -1 

0 0 0 0 0 0 

0 0 0 0 0 0 

Detected: swipe_right
Channels: 6
Length: 16
Data:
0 1 0 0 0 -2 -2 -2 -1 -1 -2 0 0 0 0 0 

1 2 2 4 4 4 3 0 0 0 0 0 0 0 0 0 

3 3 4 4 2 0 0 0 -1 0 0 0 0 0 0 0 

3 3 4 4 2 0 0 0 -1 0 0 0 0 0 0 0 

0 0 0 -1 0 -1 0 0 0 0 0 0 0 0 0 2 

0 0 0 0 0 0 0 0 0 0 0 0 0 0 0 0 

Detected: swipe_right
Channels: 6
Length: 11
Data:
-1 -2 0 0 0 2 2 1 -3 -3 -2 

0 -1 0 0 0 0 5 4 3 1 0 

0 -2 0 0 2 4 3 2 1 0 0 

0 -2 0 0 2 4 3 2 1 0 0 

0 0 0 0 -1 0 -1 0 -1 0 0 

-1 0 0 0 0 0 0 0 0 0 0 

Detected: swipe_front
Channels: 6
Length: 11
Data:
0 0 0 0 1 1 0 0 2 0 0 

0 0 0 0 0 3 3 5 4 3 2 

0 0 0 1 3 4 4 4 4 2 0 

0 0 0 1 3 4 4 4 4 2 0 

1 0 0 0 0 0 0 0 -1 0 0 

0 0 0 0 0 0 0 0 1 0 0 

Detected: swipe_left
Channels: 6
Length: 6
Data:
0 0 0 0 0 0 

-1 -1 -2 -3 -1 -1 

0 0 -1 -2 -2 -2 

0 0 -1 -2 -2 -2 

0 0 0 0 0 0 

0 0 0 0 0 0 

Detected: swipe_left
Channels: 6
Length: 8
Data:
3 4 4 2 -1 -1 -1 0 

0 -2 -3 -4 -4 -3 -1 0 

2 2 -3 -4 -4 -3 -2 -1 

2 2 -3 -4 -4 -3 -2 -1 

2 2 2 2 1 0 0 0 

0 0 0 -2 0 0 0 0 

Detected: swipe_left
Channels: 6
Length: 21
Data:
0 0 0 0 0 0 0 2 5 6 5 1 -2 -3 -3 -1 0 0 0 0 0 

0 0 0 0 0 0 0 0 0 -1 -5 -6 -4 -3 -1 0 1 1 0 3 3 

0 0 0 0 0 0 0 0 4 3 -5 -6 -6 -4 -2 0 0 0 3 3 2 

0 0 0 0 0 0 0 0 4 3 -5 -6 -6 -4 -2 0 0 0 3 3 2 

0 0 0 0 0 0 2 3 2 4 4 2 2 0 0 0 0 0 0 0 0 

2 1 0 0 0 0 0 0 0 0 -4 -5 0 0 0 0 0 0 0 0 0 

Detected: swipe_left
Channels: 6
Length: 18
Data:
0 0 0 0 0 0 0 4 2 -3 0 -2 -2 -2 0 0 0 0 

0 2 0 2 0 0 0 -2 -4 -5 -5 -4 -1 0 0 0 5 0 

1 1 0 0 0 0 0 1 -1 -4 -4 -4 -2 0 0 1 0 0 

1 1 0 0 0 0 0 1 -1 -4 -4 -4 -2 0 0 1 0 0 

0 0 0 0 0 0 0 1 1 2 1 1 0 0 0 0 0 0 

0 0 0 0 0 0 0 0 -1 -3 0 0 0 0 0 0 1 1 

Detected: swipe_left
Channels: 6
Length: 7
Data:
0 0 0 0 0 0 0 

1 -3 -5 0 0 0 0 

1 -4 -4 0 0 -2 -1 

1 -4 -4 0 0 -2 -1 

0 2 0 0 0 0 0 

0 0 0 0 0 0 0 

Detected: swipe_front
Channels: 6
Length: 9
Data:
0 0 0 0 -7 -11 -9 -4 -2 

0 4 7 11 12 7 0 0 0 

2 0 8 11 11 -2 -5 0 0 

2 0 8 11 11 -2 -5 0 0 

0 0 0 -3 -10 -8 -7 0 0 

0 0 0 0 0 0 0 0 0 

Detected: tap_back
Channels: 6
Length: 102
Data:
0 0 0 0 -3 4 3 0 -6 -6 4 3 0 -8 -8 6 4 0 -10 -5 6 0 0 -1 -14 6 0 3 0 -9 -9 8 8 0 -8 -10 9 6 -2 -10 -10 -1 5 0 -7 -8 -8 4 1 0 -11 -10 8 3 0 -9 -9 -2 0 0 0 -2 -10 3 -1 -4 4 -11 -6 -3 -1 2 1 -5 8 -4 -1 0 -8 -8 3 0 0 3 1 1 1 4 0 5 1 -1 -1 0 -7 -9 0 0 0 0 0 0 

-11 -11 0 12 11 4 -6 -1 7 4 -3 -4 7 8 1 -4 -5 6 7 1 0 -7 5 9 8 0 -6 -5 3 9 0 -6 -12 -9 11 6 -1 -10 -10 9 8 -2 -9 -9 -2 7 0 -10 -12 10 10 4 -4 -10 -9 12 11 0 -9 -14 0 14 12 -5 -10 -11 12 9 -2 -11 -11 10 12 9 8 -12 -9 11 10 1 -4 -8 -7 -1 6 2 -9 -10 -1 10 8 8 -2 6 12 9 -1 0 0 0 0 0 

-1 -11 0 8 10 3 -4 0 5 2 -3 -3 -2 -4 -2 -4 -6 6 3 -3 0 -8 -7 6 2 2 -2 -9 6 7 -4 -2 -10 -5 6 0 0 -11 -6 9 3 1 -9 -7 10 2 0 -8 -10 9 9 -2 -2 -12 -10 10 10 0 -10 -16 -1 14 7 -2 -10 -12 13 6 -1 -6 -13 -1 -3 1 -5 -11 -8 11 11 0 -3 -9 -7 7 5 2 -7 -10 -5 8 9 6 -4 -2 10 2 0 0 0 0 0 4 

-1 -11 0 8 10 3 -4 0 5 2 -3 -3 -2 -4 -2 -4 -6 6 3 -3 0 -8 -7 6 2 2 -2 -9 6 7 -4 -2 -10 -5 6 0 0 -11 -6 9 3 1 -9 -7 10 2 0 -8 -10 9 9 -2 -2 -12 -10 10 10 0 -10 -16 -1 14 7 -2 -10 -12 13 6 -1 -6 -13 -1 -3 1 -5 -11 -8 11 11 0 -3 -9 -7 7 5 2 -7 -10 -5 8 9 6 -4 -2 10 2 0 0 0 0 0 4 

15 12 0 -2 -6 3 1 0 -1 0 0 6 -7 -9 -2 7 7 -6 -9 0 4 7 6 -10 -11 0 8 9 -4 -8 0 7 10 7 -13 0 5 7 7 -8 -7 4 7 7 -6 -7 0 8 9 -6 -9 0 4 10 8 -8 -9 0 9 10 0 -11 -11 4 8 8 -8 -9 0 7 6 -7 -8 -1 6 8 0 -11 -10 0 0 6 0 -6 -5 0 0 4 0 -1 0 0 0 0 -9 0 0 0 0 0 0 -10 

0 0 0 0 0 0 0 0 0 0 0 0 0 0 0 0 0 0 0 0 0 0 0 0 0 0 0 0 0 0 0 0 0 0 0 0 0 0 0 0 0 0 0 0 0 0 0 0 0 0 0 0 0 0 0 0 0 0 0 0 0 0 0 0 0 0 0 0 0 0 0 0 0 0 0 0 0 0 0 0 0 0 0 0 1 0 0 0 0 0 0 0 0 0 0 0 0 0 0 0 0 0 

Detected: swipe_left
Channels: 6
Length: 8
Data:
0 0 0 0 0 0 0 0 

0 0 0 0 0 0 0 0 

1 0 0 0 0 -1 0 0 

1 0 0 0 0 -1 0 0 

0 0 0 0 0 0 0 0 

0 0 0 0 0 0 0 -4 

Detected: tap_front
Channels: 6
Length: 19
Data:
0 1 -2 0 3 2 1 1 0 0 4 -3 4 2 0 -2 -5 -4 1 

0 0 0 -2 5 13 0 -9 0 6 12 4 -1 -8 -8 7 8 4 0 

-3 -4 -7 0 8 8 0 -8 -1 12 13 1 0 -6 -7 8 10 2 0 

-3 -4 -7 0 8 8 0 -8 -1 12 13 1 0 -6 -7 8 10 2 0 

0 7 7 0 -1 -7 0 5 0 0 -11 0 0 8 6 -5 -6 -3 0 

0 0 0 0 0 0 0 0 0 0 0 0 0 0 0 0 0 0 0 

Detected: scratchout
Channels: 6
Length: 45
Data:
-1 -1 4 4 0 0 -7 -7 -2 0 0 3 0 0 -1 0 5 -7 -3 -3 0 3 -7 -4 -3 0 3 -6 -1 -3 0 2 -2 -1 -6 0 2 -3 5 5 1 0 -4 0 0 

0 -1 -10 -13 0 7 10 9 -10 -10 4 9 1 -7 -8 9 9 6 -8 -12 -2 9 12 -4 -8 -6 10 10 -10 -12 7 10 9 -2 -10 0 10 10 -3 -9 -6 8 8 0 0 

0 0 -4 -13 -4 0 13 2 -4 -12 9 12 6 -3 -9 8 12 0 -10 -14 -9 15 12 2 -13 -15 -4 -1 -9 -11 -1 12 8 -8 -12 -3 13 7 0 -9 -9 11 10 1 1 

0 0 -4 -13 -4 0 13 2 -4 -12 9 12 6 -3 -9 8 12 0 -10 -14 -9 15 12 2 -13 -15 -4 -1 -9 -11 -1 12 8 -8 -12 -3 13 7 0 -9 -9 11 10 1 1 

0 0 6 8 0 -1 -9 -1 -1 5 0 -10 0 4 8 0 -11 -1 9 10 0 -12 -11 7 9 8 -11 -10 7 9 -1 -10 -8 8 10 0 -10 -9 1 9 9 -7 -7 0 1 

0 0 0 0 0 0 0 0 0 0 0 0 0 0 0 0 0 0 -1 0 0 0 0 -3 0 0 0 0 -1 0 0 0 0 0 0 0 0 0 0 0 0 0 0 0 0 

Detected: scratchout
Channels: 6
Length: 43
Data:
-2 -3 7 6 0 0 -8 -11 4 4 2 1 2 -9 4 4 0 0 -8 3 4 0 0 0 -5 0 -7 -7 -3 -5 -8 5 7 0 0 -5 -7 4 8 -2 -4 -6 -3 

0 -1 -5 -11 -6 0 12 8 2 -4 -6 9 9 7 -1 -6 -7 4 9 4 9 -8 7 10 8 1 -10 -12 11 12 7 -5 -11 -10 8 13 7 2 -8 -7 8 7 4 

0 -1 -6 -12 -11 10 13 5 1 -9 -10 9 8 5 3 -10 -11 -4 8 0 -11 -12 -2 12 6 1 -14 -16 9 16 3 1 -8 -12 10 15 2 -1 -10 -9 7 7 1 

0 -1 -6 -12 -11 10 13 5 1 -9 -10 9 8 5 3 -10 -11 -4 8 0 -11 -12 -2 12 6 1 -14 -16 9 16 3 1 -8 -12 10 15 2 -1 -10 -9 7 7 1 

0 0 8 11 -1 1 -13 -12 6 10 10 -9 -12 -11 0 10 9 -9 -11 -1 10 10 -6 -10 -7 0 13 10 -8 -16 -6 0 9 8 -8 -13 0 7 9 6 -8 -8 0 

0 0 0 0 0 0 0 0 1 0 0 0 0 0 0 0 0 0 0 0 0 0 0 0 0 0 0 0 0 -2 0 0 0 0 0 0 0 0 0 0 0 0 0 

Detected: swipe_left
Channels: 6
Length: 6
Data:
0 0 0 0 0 0 

0 0 0 0 0 0 

0 0 0 -2 -1 -1 

0 0 0 -2 -1 -1 

2 0 0 0 0 0 

0 0 0 0 0 0 

Detected: swipe_left
Channels: 6
Length: 4
Data:
0 0 0 -1 

-7 0 0 0 

0 0 0 0 

0 0 0 0 

0 0 0 0 

0 0 0 0 

