Started MediaCenter at 5:17:23 PM
Keypress: OemPeriod

Detected: swipe_left
Channels: 6
Length: 5
Data:
0 0 0 0 0 

0 0 0 0 0 

3 3 0 1 3 

3 3 0 1 3 

0 0 0 0 0 

0 0 0 0 0 

Keypress: NumPad2

Detected: swipe_left
Channels: 6
Length: 5
Data:
0 0 0 0 0 

0 0 0 0 0 

2 0 0 0 2 

2 0 0 0 2 

0 0 0 0 0 

0 0 0 0 0 

Detected: tap_down
Channels: 6
Length: 28
Data:
0 0 0 0 -2 -1 -2 -4 -3 -2 0 3 6 6 5 6 4 0 0 0 -1 -4 0 0 0 0 0 0 

0 0 3 1 0 0 -1 -2 -3 0 0 3 6 9 8 5 5 0 0 0 0 0 0 0 0 0 0 0 

1 3 4 2 0 -8 -9 -8 -4 -4 1 6 8 14 14 14 7 0 -1 -1 0 -1 -5 0 0 0 0 -2 

1 3 4 2 0 -8 -9 -8 -4 -4 1 6 8 14 14 14 7 0 -1 -1 0 -1 -5 0 0 0 0 -2 

0 0 0 0 0 0 0 0 0 0 0 0 0 3 2 1 1 0 0 0 -2 0 0 0 0 0 0 0 

0 0 0 0 0 -2 0 -2 -2 0 0 0 0 0 0 0 0 0 0 0 0 0 0 0 0 0 0 0 

Detected: swipe_left
Channels: 6
Length: 17
Data:
0 0 0 0 0 0 0 0 0 0 0 0 0 0 1 0 0 

0 0 0 0 0 0 0 0 0 0 0 0 0 1 1 1 0 

1 0 0 -1 -2 -2 -2 -1 0 0 0 1 1 2 2 2 1 

1 0 0 -1 -2 -2 -2 -1 0 0 0 1 1 2 2 2 1 

0 0 0 0 0 0 0 0 0 0 0 0 0 0 0 0 0 

0 0 0 0 0 0 0 0 0 0 0 0 0 0 0 0 0 

Detected: tap_down
Channels: 6
Length: 24
Data:
-1 -1 -3 -4 -5 -8 -8 -4 -2 1 4 7 11 13 11 3 2 0 -2 -2 0 0 0 0 

0 0 0 -3 -5 -7 -6 -3 -1 0 0 3 9 9 8 5 1 0 0 0 0 0 0 0 

-2 -3 -5 -10 -10 -11 -9 -8 -3 1 6 8 9 19 17 9 5 -2 -3 -3 -1 0 0 1 

-2 -3 -5 -10 -10 -11 -9 -8 -3 1 6 8 9 19 17 9 5 -2 -3 -3 -1 0 0 1 

0 0 -7 -1 0 0 0 0 0 0 0 0 0 2 4 1 0 0 0 -2 -1 0 0 0 

-2 0 -1 -1 0 0 0 0 0 0 0 0 0 0 0 0 3 -1 -2 -2 0 0 0 0 

Detected: swipe_right
Channels: 6
Length: 15
Data:
0 0 -1 -3 1 2 5 0 0 0 0 0 0 0 0 

0 0 0 0 0 0 -4 -10 -3 0 0 0 0 0 0 

-1 -2 -2 -1 2 2 -1 -6 -5 -3 -2 0 1 1 1 

-1 -2 -2 -1 2 2 -1 -6 -5 -3 -2 0 1 1 1 

0 0 0 0 0 0 0 0 0 0 0 0 0 0 0 

0 0 0 0 0 -3 -6 0 0 0 0 0 0 0 0 

Detected: swipe_left
Channels: 6
Length: 9
Data:
0 0 0 0 0 0 0 0 0 

0 0 0 0 0 0 0 0 0 

3 6 0 2 3 0 0 0 1 

3 6 0 2 3 0 0 0 1 

0 0 0 0 0 0 0 0 0 

0 0 0 0 0 0 0 0 0 

Detected: tap_down
Channels: 6
Length: 38
Data:
0 0 0 0 0 0 0 -2 -8 -2 -5 -2 -2 0 1 2 4 5 9 9 7 3 1 0 -3 -2 -6 -3 -7 -6 -5 -2 0 1 3 2 2 0 

0 0 0 0 0 0 0 0 -1 -1 -2 0 0 0 0 2 3 5 6 9 8 3 0 0 0 0 -2 0 -4 -5 -4 -2 0 1 2 2 2 1 

2 2 2 1 0 -3 -4 -7 -5 -3 -4 0 0 0 2 3 5 9 12 15 14 9 1 -1 -4 -6 -8 -10 -9 -10 -8 -4 -1 2 3 4 3 2 

2 2 2 1 0 -3 -4 -7 -5 -3 -4 0 0 0 2 3 5 9 12 15 14 9 1 -1 -4 -6 -8 -10 -9 -10 -8 -4 -1 2 3 4 3 2 

0 0 0 0 0 0 0 0 0 0 0 0 0 0 0 0 0 0 0 1 0 0 0 0 0 0 -2 -1 -1 0 0 0 0 0 0 0 0 0 

0 0 0 0 0 0 -1 -2 -2 0 0 0 0 0 0 0 0 0 0 0 0 0 0 0 0 -7 0 0 0 0 0 0 0 0 0 0 0 0 

Detected: swipe_front
Channels: 6
Length: 6
Data:
2 2 2 0 0 0 

0 1 3 6 10 3 

1 4 5 7 7 0 

1 4 5 7 7 0 

0 0 0 0 0 0 

0 0 0 0 0 0 

Detected: swipe_left
Channels: 6
Length: 3
Data:
0 0 0 

0 0 0 

-4 -6 -5 

-4 -6 -5 

0 0 0 

0 0 0 

Detected: tap_down
Channels: 6
Length: 34
Data:
0 0 -1 -3 -1 -2 -3 -4 -4 -4 -3 -1 1 4 7 9 5 4 3 0 -2 -3 -4 -6 -6 -6 -2 -1 2 7 8 7 4 1 

0 0 0 0 0 0 -1 0 -3 -3 -2 0 0 3 7 9 10 3 0 0 0 0 -4 -4 -4 -3 -2 0 2 4 6 6 3 1 

1 2 1 0 -5 -5 -7 -6 -7 -4 -4 -1 2 0 11 13 12 7 2 0 0 -8 -10 -10 -10 -6 -4 1 3 9 12 11 7 2 

1 2 1 0 -5 -5 -7 -6 -7 -4 -4 -1 2 0 11 13 12 7 2 0 0 -8 -10 -10 -10 -6 -4 1 3 9 12 11 7 2 

0 0 0 -1 -1 -1 -1 0 0 0 0 0 0 0 0 0 0 2 0 0 0 0 -1 0 0 0 0 0 0 0 0 1 0 0 

0 0 0 -1 -1 0 0 0 0 0 0 0 0 0 0 0 0 0 0 0 0 0 0 0 0 0 0 0 0 0 0 0 0 0 

Detected: swipe_front
Channels: 6
Length: 5
Data:
0 0 0 0 0 

0 1 3 2 2 

1 1 4 4 0 

1 1 4 4 0 

0 0 0 0 0 

0 0 0 0 0 

Detected: swipe_left
Channels: 6
Length: 5
Data:
0 0 0 0 1 

0 0 0 0 0 

1 0 0 4 2 

1 0 0 4 2 

0 0 0 0 1 

0 0 0 0 0 

Detected: swipe_left
Channels: 6
Length: 16
Data:
0 -1 0 0 0 0 0 0 0 0 0 0 0 0 0 0 

2 2 0 0 0 0 0 0 0 0 0 0 0 0 0 0 

2 0 0 0 0 0 -3 0 0 0 0 3 4 2 1 2 

2 0 0 0 0 0 -3 0 0 0 0 3 4 2 1 2 

0 0 0 0 0 0 0 0 0 0 0 0 0 0 0 0 

0 0 0 0 0 0 0 0 0 0 0 0 0 0 0 0 

Detected: tap_down
Channels: 6
Length: 37
Data:
0 0 0 0 0 0 0 0 0 -2 -9 -8 -8 -4 -3 -1 3 6 10 5 3 2 0 -1 -1 -1 -3 -1 -2 0 0 0 0 0 0 0 0 

0 0 0 0 0 0 3 4 0 0 -2 -3 -4 -3 -3 0 3 6 8 8 5 1 0 0 0 -1 -1 -1 -1 0 0 0 0 1 1 1 0 

1 0 0 0 1 3 5 4 2 2 -3 -3 -9 -8 -8 -2 6 11 12 16 5 5 0 -2 0 -3 -2 -5 -3 -1 0 1 1 1 1 1 1 

1 0 0 0 1 3 5 4 2 2 -3 -3 -9 -8 -8 -2 6 11 12 16 5 5 0 -2 0 -3 -2 -5 -3 -1 0 1 1 1 1 1 1 

0 0 0 0 0 0 0 0 0 0 0 -4 0 0 0 0 0 0 0 0 0 0 0 0 0 0 0 0 0 0 0 0 0 0 0 0 0 

0 0 0 0 0 0 0 0 0 -2 -3 -4 0 0 0 0 0 0 0 0 0 0 0 0 0 0 0 0 0 0 0 0 0 0 0 0 0 

Detected: horizontal_circle
Channels: 6
Length: 9
Data:
1 2 3 1 -1 0 0 -3 0 

0 1 0 0 -3 -4 -4 -3 -1 

2 2 4 4 3 -2 -15 -6 -3 

2 2 4 4 3 -2 -15 -6 -3 

0 1 1 1 1 0 0 0 0 

0 0 0 0 0 0 0 0 0 

Detected: swipe_left
Channels: 6
Length: 13
Data:
12 0 0 0 0 0 0 -2 -1 -4 0 0 0 

0 0 0 1 0 0 0 0 0 -1 0 0 0 

0 0 0 1 2 1 0 -2 -1 -4 -2 -1 1 

0 0 0 1 2 1 0 -2 -1 -4 -2 -1 1 

0 0 0 0 0 0 0 0 0 0 -2 0 0 

0 0 0 0 0 0 0 0 0 0 0 0 0 

Keypress: M

Keypress: M

Keypress: P

Detected: tap_down
Channels: 6
Length: 31
Data:
0 0 0 0 0 0 0 0 0 0 1 0 0 0 -1 -2 -1 -3 -6 -6 -6 -4 -1 3 7 10 11 6 3 0 0 

0 0 0 0 2 0 0 0 0 0 0 1 1 1 0 0 -1 -3 -5 -4 -5 -3 0 3 5 9 7 8 4 0 0 

1 3 3 3 0 2 2 1 1 1 4 4 3 2 -3 -5 -6 -8 -9 -7 -8 -7 -1 5 10 16 13 13 6 4 1 

1 3 3 3 0 2 2 1 1 1 4 4 3 2 -3 -5 -6 -8 -9 -7 -8 -7 -1 5 10 16 13 13 6 4 1 

0 0 0 0 0 0 0 0 0 0 0 0 0 0 0 -1 0 -2 0 0 0 0 0 0 0 6 0 0 1 0 0 

0 0 0 0 0 0 0 0 0 0 0 0 0 0 0 0 0 0 0 0 0 0 0 0 0 0 0 0 0 0 0 

Detected: swipe_up
Channels: 6
Length: 7
Data:
0 -3 -6 0 0 0 0 

0 0 0 0 0 0 0 

-1 -2 -3 -6 -20 -19 -13 

-1 -2 -3 -6 -20 -19 -13 

0 -3 -3 0 0 0 0 

0 0 0 0 0 0 0 

Detected: tap_down
Channels: 6
Length: 5
Data:
0 0 0 0 0 

0 0 0 0 0 

-7 -9 0 0 1 

-7 -9 0 0 1 

0 0 0 0 0 

0 0 0 0 0 

Detected: swipe_left
Channels: 6
Length: 9
Data:
0 0 0 0 0 0 0 0 0 

0 0 0 0 0 0 0 0 0 

1 1 0 1 -1 -1 -2 0 -2 

1 1 0 1 -1 -1 -2 0 -2 

0 0 0 0 0 0 0 0 0 

0 0 0 0 0 0 0 0 0 

Detected: tap_up
Channels: 6
Length: 31
Data:
0 0 0 0 -5 -9 -9 -10 -3 -1 2 7 10 11 9 2 2 0 -4 -4 -6 -6 -6 -5 -2 0 0 0 1 0 0 

0 0 0 0 -2 -2 -2 -3 -3 -1 1 1 8 8 7 3 1 0 0 0 -4 -6 -4 0 -1 0 0 1 1 1 0 

4 5 3 2 -13 -12 -14 -8 -7 -2 4 9 9 12 12 7 5 -1 -5 -8 -10 -10 -10 -6 -4 0 1 1 2 2 1 

4 5 3 2 -13 -12 -14 -8 -7 -2 4 9 9 12 12 7 5 -1 -5 -8 -10 -10 -10 -6 -4 0 1 1 2 2 1 

0 0 0 0 0 0 -1 0 0 0 0 0 0 0 2 0 1 0 -4 -1 -2 -1 0 0 0 0 0 0 0 0 0 

0 0 0 0 -4 -4 -5 0 0 0 0 0 0 0 0 0 0 0 0 -1 -1 0 0 0 0 0 0 0 0 0 0 

Detected: swipe_left
Channels: 6
Length: 7
Data:
0 0 -2 -5 0 0 0 

1 1 1 0 0 0 0 

1 1 0 0 0 0 -8 

1 1 0 0 0 0 -8 

0 0 -1 0 0 0 0 

0 0 0 0 0 0 0 

Detected: swipe_left
Channels: 6
Length: 5
Data:
0 0 0 0 0 

0 0 0 0 0 

4 5 0 0 4 

4 5 0 0 4 

0 0 0 0 0 

0 0 0 0 0 

Detected: swipe_left
Channels: 6
Length: 8
Data:
0 4 10 6 0 0 0 0 

0 0 0 0 0 0 0 0 

4 4 10 9 8 2 -3 -3 

4 4 10 9 8 2 -3 -3 

0 0 0 0 0 0 0 0 

0 0 0 0 0 0 0 0 

Detected: tap_down
Channels: 6
Length: 31
Data:
0 0 0 0 2 2 -12 -13 -6 -8 -5 -2 7 9 8 11 4 1 -2 -3 -3 -4 -4 -4 -2 0 0 1 1 1 0 

2 0 6 0 4 2 -2 -4 -5 -3 0 1 2 7 7 9 5 0 0 0 -3 -3 -3 -3 0 0 0 0 1 1 0 

3 2 7 9 8 7 -12 -14 -13 -7 -7 2 5 9 14 14 11 6 -4 -5 -8 -9 -8 -7 -3 0 1 2 4 2 1 

3 2 7 9 8 7 -12 -14 -13 -7 -7 2 5 9 14 14 11 6 -4 -5 -8 -9 -8 -7 -3 0 1 2 4 2 1 

1 0 0 2 2 0 0 0 0 0 0 0 0 0 3 2 2 0 0 0 -1 -1 0 0 0 0 0 0 0 0 0 

0 0 0 0 0 -2 -3 -2 -5 0 0 0 0 0 0 0 0 0 0 -6 -1 0 0 0 0 0 0 0 0 0 0 

Detected: swipe_up
Channels: 6
Length: 7
Data:
-1 -6 -9 -8 0 0 -2 

1 2 2 0 0 0 0 

0 0 -5 -6 -8 -7 0 

0 0 -5 -6 -8 -7 0 

0 0 -2 0 0 0 0 

0 0 0 0 0 0 0 

Detected: swipe_left
Channels: 6
Length: 6
Data:
0 0 0 0 0 0 

0 0 0 0 0 0 

-3 -3 0 0 2 -1 

-3 -3 0 0 2 -1 

0 0 0 0 0 0 

0 0 0 0 0 0 

Detected: tap_down
Channels: 6
Length: 32
Data:
0 0 0 3 0 0 -5 -5 -7 -5 -2 2 5 8 11 11 6 1 0 0 -4 -9 -7 -8 -5 -2 0 1 1 0 0 0 

0 0 0 0 2 0 -3 -5 -4 -2 0 0 1 7 8 10 3 3 0 0 -2 -4 -6 -6 -2 -1 0 1 1 1 0 0 

4 5 6 5 6 -4 -12 -12 -7 -4 -2 0 3 9 14 18 9 7 4 -6 -10 -10 -11 -10 -8 -3 0 2 2 2 1 1 

4 5 6 5 6 -4 -12 -12 -7 -4 -2 0 3 9 14 18 9 7 4 -6 -10 -10 -11 -10 -8 -3 0 2 2 2 1 1 

0 0 0 0 0 0 0 0 0 0 0 0 0 0 0 2 1 0 0 0 0 -2 0 0 0 0 0 0 0 0 0 0 

0 0 0 0 0 0 0 0 0 0 0 0 0 0 0 0 0 0 0 0 -1 -2 0 0 0 0 0 0 0 0 0 0 

Detected: swipe_right
Channels: 6
Length: 7
Data:
0 0 0 0 0 0 -12 

1 2 2 2 0 0 0 

0 0 0 0 -2 0 -13 

0 0 0 0 -2 0 -13 

0 0 0 0 0 0 0 

0 0 0 0 0 0 0 

Detected: swipe_left
Channels: 6
Length: 7
Data:
0 0 0 0 0 0 0 

0 0 0 0 0 0 0 

-4 -9 0 0 3 1 -2 

-4 -9 0 0 3 1 -2 

0 0 0 0 0 0 0 

0 0 0 0 0 0 0 

Detected: swipe_right
Channels: 6
Length: 42
Data:
0 0 0 0 0 -1 -3 -4 -3 -2 0 2 6 8 8 6 5 0 0 -6 -8 -8 -9 -7 -4 -1 3 4 4 4 4 3 2 0 -1 -5 -15 0 0 0 -2 0 

0 0 0 0 0 0 0 0 0 0 0 4 5 6 6 9 3 2 0 -3 -3 -5 -6 -7 -4 0 2 3 4 3 3 3 3 4 1 3 0 0 0 0 0 0 

2 3 3 4 4 0 -2 -1 -7 -1 2 6 8 10 11 11 10 5 2 1 -9 -9 -13 -10 -4 -1 3 5 5 6 6 5 5 2 1 -7 -5 -2 -13 -13 -1 -1 

2 3 3 4 4 0 -2 -1 -7 -1 2 6 8 10 11 11 10 5 2 1 -9 -9 -13 -10 -4 -1 3 5 5 6 6 5 5 2 1 -7 -5 -2 -13 -13 -1 -1 

0 0 0 0 0 0 0 0 0 0 0 0 0 0 0 1 0 0 -2 -7 -10 -1 -2 -1 0 0 0 0 0 1 1 0 0 0 -2 -8 0 0 0 0 0 0 

0 0 0 0 0 0 0 0 0 0 0 0 0 0 0 0 0 0 -2 -8 -12 -2 0 0 0 0 0 0 0 0 0 0 0 0 0 0 0 0 0 0 0 0 

Detected: swipe_left
Channels: 6
Length: 6
Data:
0 0 0 0 0 0 

0 0 0 0 0 0 

1 0 4 -3 -7 -2 

1 0 4 -3 -7 -2 

0 0 0 0 0 0 

0 0 0 0 0 0 

Detected: tap_down
Channels: 6
Length: 47
Data:
0 0 0 0 0 0 0 -1 -5 -5 -5 -3 -1 2 6 7 7 9 5 2 0 0 -5 -5 -6 -7 -6 -4 0 1 1 2 2 1 2 1 0 0 0 0 0 0 -3 0 0 0 0 

0 0 0 0 0 0 4 -1 -3 -4 -3 -2 0 1 4 6 8 6 4 6 0 0 -3 -2 -4 -4 -4 -2 0 1 2 2 2 1 1 1 0 0 0 0 0 0 0 0 0 0 0 

1 3 5 7 9 11 8 -1 -11 -10 -7 -5 0 3 5 13 15 12 11 7 3 0 -8 -10 -9 -10 -9 -5 -3 3 4 4 4 4 5 6 3 2 0 0 0 0 -1 -5 -4 -20 -12 

1 3 5 7 9 11 8 -1 -11 -10 -7 -5 0 3 5 13 15 12 11 7 3 0 -8 -10 -9 -10 -9 -5 -3 3 4 4 4 4 5 6 3 2 0 0 0 0 -1 -5 -4 -20 -12 

0 0 0 0 0 0 0 0 0 0 0 0 0 0 0 1 2 2 8 4 0 0 -7 -1 -2 0 0 0 0 0 0 0 0 0 0 0 0 0 0 0 0 -1 0 0 0 0 0 

0 0 0 0 0 0 0 0 0 0 0 0 0 0 0 0 0 0 0 4 0 0 0 -1 0 0 0 0 0 0 0 0 0 0 0 1 0 0 0 0 0 0 0 0 0 0 0 

Detected: swipe_left
Channels: 6
Length: 12
Data:
0 0 0 3 4 0 0 0 0 0 0 0 

0 0 0 0 0 0 0 0 0 0 0 0 

1 0 5 6 0 9 4 3 -9 -12 -3 -2 

1 0 5 6 0 9 4 3 -9 -12 -3 -2 

0 0 0 0 0 0 0 0 0 0 0 0 

0 0 0 0 0 0 0 0 0 -3 0 0 

Detected: swipe_left
Channels: 6
Length: 6
Data:
0 0 0 0 0 0 

0 0 0 0 0 0 

-7 1 0 0 3 1 

-7 1 0 0 3 1 

0 0 0 0 0 0 

0 0 0 0 0 0 

Detected: swipe_left
Channels: 6
Length: 16
Data:
0 0 0 0 0 0 0 0 0 0 0 0 0 0 0 0 

0 0 0 0 0 0 0 0 0 0 0 0 0 0 0 0 

-1 2 -4 2 0 -4 -2 0 0 2 0 0 -6 -8 -4 -1 

-1 2 -4 2 0 -4 -2 0 0 2 0 0 -6 -8 -4 -1 

0 0 0 0 0 0 0 0 0 0 0 0 0 0 0 0 

0 0 0 0 0 0 0 0 0 0 0 0 0 0 0 0 

Detected: scratchout
Channels: 6
Length: 62
Data:
6 8 9 8 0 0 0 0 0 0 0 0 0 0 0 0 0 0 0 0 0 0 -1 -4 -4 -3 -4 1 4 6 9 10 10 7 5 0 -1 -3 -4 -7 -8 -6 -4 0 0 0 0 0 0 0 0 0 1 1 2 3 1 -1 -8 0 0 0 

0 7 7 6 6 0 0 0 0 0 0 0 0 0 0 0 4 0 0 0 0 0 -1 -1 -4 -2 -1 0 3 6 7 7 7 7 5 0 0 0 -3 -3 -4 -4 0 0 0 0 0 0 0 0 0 0 0 0 2 2 3 5 6 0 0 0 

7 12 16 15 13 0 0 0 0 -3 0 0 0 1 2 4 20 2 0 7 7 1 -4 -4 -10 -4 -4 1 5 10 14 16 14 9 7 2 -6 -10 -12 -11 -11 -8 -6 0 0 0 1 1 1 1 1 1 1 2 2 3 3 3 3 -6 0 -15 

7 12 16 15 13 0 0 0 0 -3 0 0 0 1 2 4 20 2 0 7 7 1 -4 -4 -10 -4 -4 1 5 10 14 16 14 9 7 2 -6 -10 -12 -11 -11 -8 -6 0 0 0 1 1 1 1 1 1 1 2 2 3 3 3 3 -6 0 -15 

0 0 2 0 0 0 0 0 0 0 0 0 0 0 0 0 0 0 0 0 0 0 0 0 0 0 0 0 0 0 0 2 2 0 0 0 0 -1 -2 -2 0 0 0 0 0 0 0 0 0 0 0 0 0 0 0 1 0 0 0 0 0 0 

0 0 0 0 0 0 0 0 0 0 0 0 0 0 0 0 0 0 0 0 0 0 0 -3 -4 -3 0 0 0 0 0 0 2 0 0 0 0 0 0 0 0 0 0 0 0 0 0 0 0 0 0 0 0 0 0 0 0 0 0 0 0 0 

Detected: swipe_left
Channels: 6
Length: 14
Data:
0 0 0 1 0 0 0 0 0 0 0 0 0 0 

0 0 0 0 0 0 0 0 0 0 0 0 0 0 

2 2 3 7 8 7 7 4 3 1 0 -6 -4 -3 

2 2 3 7 8 7 7 4 3 1 0 -6 -4 -3 

0 0 0 0 0 0 0 0 0 0 0 0 0 0 

0 0 0 0 0 0 0 0 0 0 0 0 0 0 

Detected: tap_back
Channels: 6
Length: 107
Data:
0 0 0 0 -2 -10 -9 -5 -5 -5 -4 -1 0 2 5 6 7 8 7 5 1 0 0 0 -3 -5 -3 -3 -5 -5 -3 -1 0 0 0 0 0 0 0 0 0 0 0 0 0 0 0 0 -1 -5 -9 0 0 0 0 0 0 0 0 0 0 0 0 0 0 0 0 0 0 0 -7 -4 -6 -6 -3 -3 -2 0 0 0 0 0 2 4 9 11 11 6 2 0 0 0 0 0 0 -6 -6 -8 -6 -6 -4 -2 0 0 0 0 0 

0 0 0 0 0 -3 -3 -4 -3 -3 -2 0 0 1 3 7 6 6 4 4 2 0 0 0 0 0 -2 -3 -3 -3 -2 -1 0 0 1 1 1 1 0 0 0 0 0 0 0 0 1 2 0 0 1 0 0 0 0 0 0 0 0 0 0 0 3 0 0 0 0 0 0 0 -4 -5 -5 -5 -2 -2 0 0 0 0 0 0 0 1 7 9 12 7 1 0 0 0 0 0 0 -3 -3 -3 -6 -4 -2 -1 0 0 1 1 1 

4 0 7 5 -3 -6 -9 -9 -10 -7 -1 0 0 4 7 9 12 13 11 8 5 1 0 -1 -4 -6 -8 -6 -8 -7 -4 -1 0 1 2 1 2 1 1 0 0 0 1 1 0 0 0 1 0 -1 -4 -13 -19 -10 -7 0 0 0 0 2 3 4 9 0 0 0 2 1 2 -3 -5 -6 -8 -7 -6 -4 -2 -1 0 0 0 0 2 6 11 15 16 13 5 0 0 0 0 -3 -2 -10 -10 -11 -9 -9 -6 -3 0 0 1 1 1 

4 0 7 5 -3 -6 -9 -9 -10 -7 -1 0 0 4 7 9 12 13 11 8 5 1 0 -1 -4 -6 -8 -6 -8 -7 -4 -1 0 1 2 1 2 1 1 0 0 0 1 1 0 0 0 1 0 -1 -4 -13 -19 -10 -7 0 0 0 0 2 3 4 9 0 0 0 2 1 2 -3 -5 -6 -8 -7 -6 -4 -2 -1 0 0 0 0 2 6 11 15 16 13 5 0 0 0 0 -3 -2 -10 -10 -11 -9 -9 -6 -3 0 0 1 1 1 

0 0 0 0 0 0 0 0 0 0 0 0 0 0 0 0 0 0 2 1 0 0 0 0 0 0 -1 0 0 0 0 0 0 0 0 0 0 0 0 0 0 0 0 0 0 0 0 0 -1 -2 0 0 0 0 0 0 0 0 0 0 0 0 0 0 0 0 0 0 0 0 0 0 -1 0 0 0 0 0 0 0 0 0 0 0 0 0 3 0 0 0 0 0 0 0 -1 -2 0 0 0 0 0 0 0 0 0 0 0 

0 0 0 0 0 0 -3 -3 0 0 0 0 0 0 0 0 0 0 0 0 4 0 0 0 0 0 0 0 0 0 0 0 0 0 0 0 0 0 0 0 0 0 0 0 0 0 0 0 0 0 0 0 0 0 0 0 0 0 0 0 0 0 0 0 0 0 0 0 0 0 -3 -3 -3 0 0 0 0 0 0 0 0 0 0 0 0 0 0 0 0 0 0 0 0 0 0 0 0 0 0 0 0 0 0 0 0 0 0 

Detected: swipe_left
Channels: 6
Length: 11
Data:
0 1 3 5 7 9 8 0 0 0 0 

0 2 3 5 6 1 -3 -13 -5 -4 0 

1 2 3 6 6 5 5 -7 -10 -7 -3 

1 2 3 6 6 5 5 -7 -10 -7 -3 

0 0 0 0 0 0 0 0 0 0 0 

0 0 0 0 0 0 0 0 0 0 0 

Detected: swipe_left
Channels: 6
Length: 8
Data:
0 0 0 0 0 0 0 0 

0 0 0 0 0 0 0 0 

1 1 3 4 3 3 0 1 

1 1 3 4 3 3 0 1 

0 0 0 -1 0 0 0 0 

0 0 0 0 0 0 0 0 

Detected: tap_down
Channels: 6
Length: 24
Data:
0 0 0 0 0 0 0 -1 -7 -5 -8 -7 -7 -5 -2 1 5 10 13 14 6 1 0 0 

1 1 0 0 0 0 0 0 -1 -2 -4 -4 -2 0 0 0 4 6 9 9 8 5 3 1 

1 1 1 2 2 1 0 0 -6 -8 -8 -9 -6 -4 0 0 0 0 20 20 12 5 5 1 

1 1 1 2 2 1 0 0 -6 -8 -8 -9 -6 -4 0 0 0 0 20 20 12 5 5 1 

0 0 0 0 0 0 0 0 -2 0 0 -2 0 0 0 0 0 0 0 1 2 0 1 0 

0 0 0 0 0 0 0 0 0 0 0 0 0 0 0 0 0 0 0 0 0 0 0 0 

Detected: swipe_left
Channels: 6
Length: 4
Data:
-4 -4 -1 0 

-1 0 -1 0 

-3 -5 -3 -1 

-3 -5 -3 -1 

-2 0 0 0 

-3 -2 -3 -1 

Detected: swipe_up
Channels: 6
Length: 7
Data:
-1 -2 -4 -8 0 0 -3 

0 0 0 0 0 0 0 

0 0 -1 -6 0 -16 0 

0 0 -1 -6 0 -16 0 

0 -2 -3 0 0 0 0 

0 0 0 0 0 0 0 

Detected: swipe_left
Channels: 6
Length: 4
Data:
0 0 0 0 

0 0 0 0 

1 2 1 1 

1 2 1 1 

0 0 0 0 

0 0 0 0 

Detected: swipe_left
Channels: 6
Length: 3
Data:
0 0 0 

0 0 0 

2 3 3 

2 3 3 

0 0 0 

0 0 0 

Detected: swipe_right
Channels: 6
Length: 14
Data:
0 0 0 0 -1 -1 -6 -8 -8 -6 -3 -1 -1 -4 

1 0 3 3 0 0 -3 -3 -1 -2 0 0 0 0 

0 2 4 2 4 -5 -7 -8 -7 -4 -3 -1 -1 0 

0 2 4 2 4 -5 -7 -8 -7 -4 -3 -1 -1 0 

0 0 0 0 0 0 0 0 0 0 0 0 0 0 

0 0 0 0 0 0 -4 -3 0 0 0 0 0 0 

Detected: swipe_left
Channels: 6
Length: 7
Data:
0 0 2 2 1 0 0 

0 0 1 2 0 1 0 

1 3 2 3 3 2 1 

1 3 2 3 3 2 1 

0 0 0 0 0 0 0 

0 0 0 0 0 0 0 

Detected: tap_right
Channels: 6
Length: 52
Data:
1 1 0 0 0 0 -6 -4 -2 0 4 2 4 0 0 0 -1 -8 -7 0 0 0 0 1 0 0 0 0 0 -5 0 0 0 0 0 0 0 0 0 -6 -7 -6 -6 -1 0 0 0 0 0 0 0 0 

-2 -2 -1 0 0 5 5 0 0 0 0 0 -5 -4 0 3 7 5 0 0 0 0 0 -4 -7 0 0 0 6 0 0 0 0 0 -4 -6 0 0 5 5 2 0 0 0 0 0 0 0 0 0 0 0 

-1 -4 -5 0 3 5 4 -4 -6 3 6 5 -7 -7 -1 4 8 5 -10 -3 0 5 10 8 -8 -7 0 6 7 -1 -11 -1 1 10 8 -9 -3 2 8 5 -4 -7 -7 -5 -5 -2 -3 -2 -3 -3 -3 -3 

-1 -4 -5 0 3 5 4 -4 -6 3 6 5 -7 -7 -1 4 8 5 -10 -3 0 5 10 8 -8 -7 0 6 7 -1 -11 -1 1 10 8 -9 -3 2 8 5 -4 -7 -7 -5 -5 -2 -3 -2 -3 -3 -3 -3 

0 0 0 0 0 -1 -3 0 0 0 0 0 0 0 0 0 0 -4 0 0 0 0 3 0 0 0 0 0 0 0 -1 0 0 0 3 2 0 0 -1 -4 -4 -4 0 0 0 0 0 0 0 0 0 0 

0 0 0 0 0 0 -1 0 0 0 0 -1 0 0 0 0 0 0 0 0 0 0 0 0 -2 0 0 0 0 0 0 0 0 0 0 0 0 0 0 0 0 0 0 0 0 0 0 0 0 0 0 0 

Detected: scratchout
Channels: 6
Length: 48
Data:
0 0 0 0 0 0 0 0 0 0 0 0 0 0 0 0 0 -1 0 -2 0 0 0 0 4 0 0 0 -5 -4 0 0 0 4 0 0 0 -6 0 0 0 0 4 1 -10 0 0 0 

0 0 0 0 7 5 1 0 0 0 0 0 0 0 0 1 2 2 3 0 0 0 0 0 -5 -1 1 5 5 0 0 0 0 -7 -2 0 4 6 0 0 0 0 0 -9 0 0 0 0 

1 6 5 9 9 8 4 2 1 0 0 2 2 0 0 0 1 1 0 -4 0 0 4 8 1 -4 0 6 8 -9 -7 0 10 2 -6 0 5 6 -8 -8 0 0 0 -12 -14 -11 -1 -1 

1 6 5 9 9 8 4 2 1 0 0 2 2 0 0 0 1 1 0 -4 0 0 4 8 1 -4 0 6 8 -9 -7 0 10 2 -6 0 5 6 -8 -8 0 0 0 -12 -14 -11 -1 -1 

0 0 0 0 3 0 0 -1 0 0 0 0 0 0 0 0 0 0 -1 0 0 0 0 2 2 0 0 0 -2 -2 0 0 2 2 0 0 0 -2 0 0 0 0 0 9 0 0 0 0 

0 0 0 0 0 0 0 0 0 0 0 0 0 0 0 0 0 0 0 0 0 0 0 0 0 0 0 0 0 0 0 0 0 0 0 0 0 0 0 0 0 0 0 0 0 0 0 0 

Detected: swipe_right
Channels: 6
Length: 6
Data:
0 0 0 0 0 -7 

0 0 0 0 9 10 

3 8 0 11 13 13 

3 8 0 11 13 13 

0 0 0 0 0 -9 

0 0 0 0 0 0 

Detected: swipe_left
Channels: 6
Length: 9
Data:
0 0 2 2 0 0 0 0 0 

0 0 0 0 0 0 0 0 0 

1 0 3 0 4 10 5 -11 -10 

1 0 3 0 4 10 5 -11 -10 

0 0 0 0 0 0 0 0 0 

0 0 0 0 0 0 0 0 0 

Detected: tap_right
Channels: 6
Length: 103
Data:
0 0 0 0 0 0 -1 -4 -2 -3 0 0 0 0 0 0 0 -1 -5 0 0 0 0 0 0 0 0 0 -2 -6 0 0 0 0 0 0 2 0 0 0 0 0 0 -3 -4 0 0 0 0 0 0 0 4 0 0 0 -1 -5 -7 0 0 0 8 1 0 0 0 0 0 0 -4 -7 0 0 0 0 0 5 4 0 0 0 0 0 -7 -7 0 0 0 0 2 1 0 0 0 -1 -2 0 0 0 0 0 0 

0 0 4 0 1 3 3 2 1 0 0 0 0 -6 -6 -1 4 5 5 0 0 0 0 -1 0 -3 -1 3 5 3 0 0 0 0 0 -4 -6 -5 -3 0 1 3 4 5 4 0 0 0 0 0 0 0 -3 -3 0 2 4 0 2 0 0 0 -1 0 -7 -4 0 0 0 7 6 2 0 0 0 0 0 0 -4 -7 0 0 5 7 7 0 0 0 0 0 0 0 0 0 0 0 -4 -6 -8 0 0 0 0 

2 7 6 6 6 2 3 1 -2 -2 -2 0 7 4 -6 0 3 5 4 -6 -3 1 4 9 0 -5 -2 4 6 -1 -8 -9 -3 7 11 10 3 -9 -3 0 0 2 4 5 3 -7 -7 0 0 4 5 7 1 -5 -2 3 4 -2 -6 -6 0 7 7 5 -8 -7 -4 3 6 7 5 -7 -9 -5 1 4 8 7 2 -7 -6 1 4 6 5 -7 -4 -1 2 2 3 2 0 0 -3 -5 -8 -11 -13 -11 -5 -5 -1 

2 7 6 6 6 2 3 1 -2 -2 -2 0 7 4 -6 0 3 5 4 -6 -3 1 4 9 0 -5 -2 4 6 -1 -8 -9 -3 7 11 10 3 -9 -3 0 0 2 4 5 3 -7 -7 0 0 4 5 7 1 -5 -2 3 4 -2 -6 -6 0 7 7 5 -8 -7 -4 3 6 7 5 -7 -9 -5 1 4 8 7 2 -7 -6 1 4 6 5 -7 -4 -1 2 2 3 2 0 0 -3 -5 -8 -11 -13 -11 -5 -5 -1 

0 0 0 0 0 0 -2 -3 -3 0 0 0 2 1 1 0 0 0 0 0 0 0 0 0 0 0 0 0 -2 -4 0 0 0 0 0 5 4 0 0 0 0 0 0 -1 -4 0 0 0 0 0 0 0 3 0 0 0 -1 -4 -3 0 0 0 0 5 4 0 0 0 0 0 -4 -4 0 0 0 0 0 0 4 0 0 0 0 -3 -4 -4 0 0 0 0 0 0 0 0 0 1 2 0 0 0 0 0 0 

1 0 0 0 0 0 0 0 0 0 0 0 0 0 0 0 0 0 0 0 0 0 0 0 0 0 0 0 0 0 0 0 0 0 0 0 0 0 0 0 0 0 0 1 0 0 0 0 0 0 0 0 0 0 0 0 0 0 0 0 0 0 0 0 -1 0 0 0 0 0 0 0 0 0 0 0 0 0 0 0 0 0 0 0 0 0 0 0 0 0 0 0 0 0 0 0 0 0 0 0 0 0 0 

Detected: tap_right
Channels: 6
Length: 39
Data:
0 0 0 0 0 0 0 0 0 0 0 0 -2 -5 -4 0 0 0 0 0 3 4 0 0 -3 -6 -7 0 0 0 0 7 4 0 0 0 0 -3 -4 

0 0 0 6 0 6 2 2 1 0 0 1 1 0 0 0 0 0 0 0 -5 -5 -1 2 5 6 0 0 0 0 0 -4 -7 -4 0 3 4 5 3 

3 5 5 6 6 8 6 4 2 0 0 0 1 -2 0 -6 -2 0 0 0 0 -3 0 2 3 -2 -5 -3 0 3 6 5 3 -6 -2 2 3 3 -1 

3 5 5 6 6 8 6 4 2 0 0 0 1 -2 0 -6 -2 0 0 0 0 -3 0 2 3 -2 -5 -3 0 3 6 5 3 -6 -2 2 3 3 -1 

0 0 0 0 0 0 0 0 0 0 0 0 0 -1 0 0 0 0 0 0 2 0 0 0 0 -2 0 0 0 0 0 0 3 0 0 0 0 -1 -1 

0 0 0 0 0 0 0 0 0 0 0 0 0 0 0 0 0 0 0 0 0 -1 0 0 1 0 0 0 0 0 0 -1 -1 0 0 0 0 0 0 

Detected: swipe_up
Channels: 6
Length: 14
Data:
2 2 0 0 0 0 -6 -4 -2 -1 0 0 0 0 

0 -2 0 -7 -3 -1 0 0 0 0 0 0 0 0 

0 -3 -10 -14 -10 -10 -6 -3 -2 -2 1 1 1 2 

0 -3 -10 -14 -10 -10 -6 -3 -2 -2 1 1 1 2 

0 1 0 0 0 0 0 0 -1 0 0 0 0 0 

0 0 0 0 0 0 0 0 0 0 0 0 0 0 

Detected: tap_right
Channels: 6
Length: 61
Data:
0 0 0 0 0 0 0 0 0 -3 -5 -2 0 0 0 0 1 0 0 -1 -5 -5 0 0 0 3 1 0 0 0 0 -5 -5 0 0 0 0 2 2 0 0 -2 -2 0 0 0 0 0 0 0 3 0 0 0 -3 -3 0 0 0 0 0 

0 0 0 0 6 5 3 4 1 0 0 0 0 0 -3 -4 -2 0 4 6 5 0 0 0 0 -3 -3 -1 0 3 5 0 0 0 0 0 0 -4 -5 -1 2 4 7 0 0 0 0 0 0 -4 -3 -3 0 2 4 5 0 0 0 0 0 

1 2 4 7 9 8 8 6 3 1 1 0 0 0 0 0 0 0 2 2 -3 -3 0 0 0 2 0 0 0 0 0 -1 0 0 0 2 3 3 -3 -1 0 1 -1 -4 -3 0 1 4 3 3 0 -3 0 0 2 1 -2 0 0 0 1 

1 2 4 7 9 8 8 6 3 1 1 0 0 0 0 0 0 0 2 2 -3 -3 0 0 0 2 0 0 0 0 0 -1 0 0 0 2 3 3 -3 -1 0 1 -1 -4 -3 0 1 4 3 3 0 -3 0 0 2 1 -2 0 0 0 1 

0 0 0 0 0 0 0 0 -1 -3 -2 0 0 0 0 0 0 0 0 0 0 0 0 0 0 0 0 0 0 0 0 0 0 0 0 0 0 2 0 0 0 0 0 0 0 0 0 0 0 2 1 0 0 0 -1 -1 0 0 0 0 0 

0 0 0 0 1 0 0 0 0 0 0 0 0 0 0 0 0 0 0 0 0 0 0 0 0 0 0 0 0 0 0 0 0 0 0 0 0 0 0 0 0 0 0 0 0 0 0 0 0 0 0 0 0 0 0 0 0 0 0 0 0 

Detected: tap_back
Channels: 6
Length: 6
Data:
1 1 0 2 0 0 

0 0 -3 -16 -5 -2 

0 1 1 -11 -11 -8 

0 1 1 -11 -11 -8 

0 1 2 0 0 0 

0 0 0 0 0 0 

Detected: swipe_left
Channels: 6
Length: 5
Data:
0 0 0 0 0 

0 0 0 0 0 

2 2 -2 -2 -2 

2 2 -2 -2 -2 

0 0 0 0 0 

0 0 0 0 0 

Detected: swipe_left
Channels: 6
Length: 64
Data:
0 0 0 0 0 0 2 1 0 0 0 0 0 0 0 0 0 2 0 1 0 0 0 0 0 -3 -2 0 0 0 3 0 0 0 0 0 0 0 0 0 0 0 2 0 0 0 0 0 -2 -2 0 0 0 0 0 0 3 0 0 0 0 0 0 0 

0 0 0 5 3 0 2 2 0 0 0 0 0 0 0 0 0 -1 -5 -4 -1 0 3 6 6 0 0 0 0 0 -2 -5 -3 0 2 5 6 0 0 0 0 -1 -2 -3 -2 0 2 4 5 4 0 0 0 0 0 -2 0 -4 -2 0 1 2 3 4 

4 4 1 6 6 6 6 5 4 2 2 0 1 0 0 0 0 1 0 0 0 0 2 0 0 0 0 0 3 3 2 -3 -4 0 0 5 3 0 0 0 0 1 1 -2 -1 0 1 2 0 0 0 -2 0 2 3 2 1 -5 -3 0 0 1 3 3 

4 4 1 6 6 6 6 5 4 2 2 0 1 0 0 0 0 1 0 0 0 0 2 0 0 0 0 0 3 3 2 -3 -4 0 0 5 3 0 0 0 0 1 1 -2 -1 0 1 2 0 0 0 -2 0 2 3 2 1 -5 -3 0 0 1 3 3 

0 0 0 0 0 0 0 0 0 0 0 0 0 0 0 0 0 0 2 0 0 0 0 0 0 0 0 0 0 0 0 0 0 0 0 0 0 0 0 0 0 0 1 0 0 0 0 0 0 -1 0 0 0 0 0 1 1 0 0 0 0 0 0 0 

0 0 0 0 0 0 0 0 0 0 0 0 0 0 0 0 0 0 -1 0 0 0 0 0 0 0 0 0 0 0 0 0 0 0 0 0 0 0 0 0 0 0 0 0 0 0 0 0 0 0 0 0 0 0 0 0 0 0 0 0 0 0 0 0 

Detected: swipe_left
Channels: 6
Length: 8
Data:
-1 -2 -5 0 0 -5 0 0 

0 0 0 0 0 0 0 0 

0 0 -2 -3 0 -5 -3 -1 

0 0 -2 -3 0 -5 -3 -1 

0 0 0 0 0 0 0 0 

0 0 0 0 0 0 0 0 

Detected: swipe_left
Channels: 6
Length: 9
Data:
0 0 0 0 0 0 0 0 0 

0 0 0 0 0 0 0 0 0 

1 3 3 3 0 -10 0 0 -1 

1 3 3 3 0 -10 0 0 -1 

0 0 0 0 0 0 0 0 0 

0 0 0 0 0 0 0 0 0 

Detected: tap_up
Channels: 6
Length: 31
Data:
3 3 2 1 1 0 0 0 0 0 -1 -1 -4 -1 1 0 0 0 0 2 0 1 -1 -1 -2 0 3 -1 2 -2 -2 

0 0 0 0 0 0 0 0 -1 -5 -4 9 10 0 0 -7 -4 7 2 0 -6 -5 6 5 1 -1 -4 -1 8 5 0 

0 0 0 1 1 0 0 0 0 -9 -8 -2 -2 0 0 -9 -7 -6 1 1 -8 -10 -3 7 0 -6 -11 -6 -3 -8 0 

0 0 0 1 1 0 0 0 0 -9 -8 -2 -2 0 0 -9 -7 -6 1 1 -8 -10 -3 7 0 -6 -11 -6 -3 -8 0 

0 0 0 0 0 0 0 0 3 5 0 0 -6 0 0 9 0 0 0 0 6 0 -2 -8 -1 6 7 0 -4 0 0 

0 0 0 0 0 0 0 0 0 0 0 0 0 0 0 0 0 0 0 0 0 0 0 0 0 0 0 0 0 0 0 

Detected: swipe_left
Channels: 6
Length: 5
Data:
0 -2 -3 0 0 

0 0 0 0 0 

-2 -4 -4 -7 -8 

-2 -4 -4 -7 -8 

0 0 0 0 0 

0 0 0 0 0 

Detected: swipe_up
Channels: 6
Length: 6
Data:
0 0 0 0 0 0 

0 0 0 0 0 0 

-8 -8 0 -2 -12 -12 

-8 -8 0 -2 -12 -12 

0 0 0 0 0 0 

0 0 0 0 0 0 

Keypress: OemPeriod

Detected: swipe_front
Channels: 6
Length: 6
Data:
0 0 0 0 0 0 

0 0 0 0 0 0 

7 6 0 0 2 3 

7 6 0 0 2 3 

0 0 0 0 0 0 

0 0 0 0 0 0 

Detected: tap_down
Channels: 6
Length: 44
Data:
0 0 0 0 0 0 -3 -3 0 3 6 3 0 0 0 -3 -4 -4 0 4 5 5 0 0 0 -3 -4 -4 1 5 4 0 0 0 0 0 0 -3 0 3 1 0 0 0 

0 4 6 8 0 4 4 0 0 0 -2 0 -3 0 3 5 5 1 0 0 -1 -6 -5 0 5 6 0 0 0 0 0 -7 -7 0 3 6 7 1 0 0 -2 -5 -2 0 

2 8 9 11 8 4 3 0 1 3 5 0 -4 0 3 4 0 -3 -2 4 6 -6 -5 0 3 5 -1 -5 -1 -1 3 -12 -10 -1 3 5 6 0 -2 2 -4 -4 -3 -1 

2 8 9 11 8 4 3 0 1 3 5 0 -4 0 3 4 0 -3 -2 4 6 -6 -5 0 3 5 -1 -5 -1 -1 3 -12 -10 -1 3 5 6 0 -2 2 -4 -4 -3 -1 

0 0 0 0 0 0 0 0 0 1 0 3 0 0 0 0 0 0 0 2 5 4 0 0 0 -3 0 0 0 0 5 1 0 0 0 0 -3 -2 0 3 2 0 0 0 

0 0 0 0 0 0 0 0 0 0 0 0 0 0 0 0 0 0 0 0 0 0 0 0 0 0 0 0 0 0 0 -1 0 0 0 0 0 0 0 0 0 0 0 0 

Detected: tap_right
Channels: 6
Length: 19
Data:
0 0 -2 -6 -11 0 0 -4 0 0 0 0 0 0 1 3 0 0 0 

1 2 2 3 5 0 0 0 0 0 0 0 0 0 0 0 0 0 0 

0 1 1 2 1 -20 -9 -6 -3 0 0 0 1 1 3 4 2 9 8 

0 1 1 2 1 -20 -9 -6 -3 0 0 0 1 1 3 4 2 9 8 

0 0 -2 -6 -6 0 0 0 0 0 0 0 0 0 0 0 0 0 0 

0 0 0 0 0 0 0 0 0 0 0 0 0 0 0 0 0 0 0 

Detected: tap_down
Channels: 6
Length: 18
Data:
0 0 0 0 0 0 0 -7 -7 -3 -1 3 6 14 16 12 2 1 

0 0 0 0 0 0 0 0 0 0 0 0 0 9 11 10 4 2 

-1 3 2 5 5 0 -3 -9 -6 -5 -1 3 11 19 20 16 9 3 

-1 3 2 5 5 0 -3 -9 -6 -5 -1 3 11 19 20 16 9 3 

0 0 0 0 0 0 0 0 0 0 0 0 0 0 0 2 1 0 

0 0 0 0 0 0 0 0 0 0 0 0 0 0 0 0 0 0 

Detected: tap_back
Channels: 6
Length: 33
Data:
-2 -1 -1 0 0 0 0 0 -5 0 -19 -8 0 -3 0 0 0 0 0 0 0 0 0 0 0 0 0 0 0 0 0 0 0 

0 0 0 0 0 0 0 0 0 0 0 0 0 0 0 0 0 0 0 0 0 0 0 0 0 0 0 0 0 0 0 0 0 

0 0 -1 0 0 0 0 0 -2 -5 -20 -2 0 -2 -1 0 0 1 2 2 0 0 0 3 3 2 0 1 0 0 0 -1 -1 

0 0 -1 0 0 0 0 0 -2 -5 -20 -2 0 -2 -1 0 0 1 2 2 0 0 0 3 3 2 0 1 0 0 0 -1 -1 

-1 0 0 0 0 0 0 -1 0 0 0 0 0 0 0 0 0 0 0 0 0 0 0 0 0 0 0 0 0 0 0 0 0 

0 0 0 0 0 0 0 0 0 0 0 0 0 0 0 0 0 0 0 0 0 0 0 0 0 0 0 0 0 0 0 0 0 

Detected: swipe_left
Channels: 6
Length: 5
Data:
0 0 0 0 0 

0 0 0 0 0 

-1 0 -5 -2 -1 

-1 0 -5 -2 -1 

0 0 0 0 0 

0 0 0 0 0 

Detected: swipe_left
Channels: 6
Length: 4
Data:
0 0 0 0 

1 0 0 0 

1 0 0 1 

1 0 0 1 

0 0 0 0 

0 0 0 0 

Detected: swipe_left
Channels: 6
Length: 11
Data:
0 0 0 0 0 0 0 0 0 0 0 

0 0 0 0 0 0 0 0 0 0 0 

1 1 3 5 7 2 0 -2 -1 0 -1 

1 1 3 5 7 2 0 -2 -1 0 -1 

0 0 0 0 0 0 0 0 0 0 0 

0 0 0 0 0 0 0 0 0 0 0 

Detected: swipe_left
Channels: 6
Length: 6
Data:
0 0 0 0 0 0 

0 0 0 0 0 0 

1 0 0 0 1 1 

1 0 0 0 1 1 

0 0 0 0 0 0 

0 0 0 0 0 0 

Detected: swipe_left
Channels: 6
Length: 11
Data:
0 0 0 0 0 0 0 0 0 0 0 

0 0 0 0 0 0 0 0 0 0 0 

1 2 3 4 3 1 0 0 -3 0 -4 

1 2 3 4 3 1 0 0 -3 0 -4 

0 0 0 0 0 0 0 0 0 0 0 

0 0 0 0 0 0 0 0 0 0 0 

Detected: swipe_left
Channels: 6
Length: 3
Data:
0 0 0 

0 0 1 

1 0 0 

1 0 0 

0 0 0 

0 0 0 

Detected: tap_front
Channels: 6
Length: 3
Data:
0 -1 -1 

0 -1 0 

-2 -1 0 

-2 -1 0 

0 0 0 

0 0 0 

