Started MediaCenter at 1:14:58 PM
Keypress: NumPad2

Detected: tap_up
Channels: 6
Length: 26
Data:
-1 0 -17 -10 -2 3 8 15 6 0 0 -6 -5 -18 -14 -5 3 5 4 3 1 1 0 0 0 0 

0 0 -6 -4 0 1 8 12 6 2 0 0 -5 -5 -4 0 0 1 6 4 2 2 1 0 0 0 

-1 -17 -20 -14 -5 4 17 19 13 4 0 -7 -20 -20 -19 -5 1 7 8 5 2 2 2 1 1 1 

-1 -17 -20 -14 -5 4 17 19 13 4 0 -7 -20 -20 -19 -5 1 7 8 5 2 2 2 1 1 1 

0 0 -2 0 0 0 0 1 0 1 0 -1 0 0 0 0 0 0 0 0 0 0 0 0 0 0 

0 0 0 0 0 0 0 0 0 0 0 0 0 0 0 0 0 0 0 0 0 0 0 0 0 0 

Detected: tap_up
Channels: 6
Length: 65
Data:
-1 0 -16 -13 -3 4 9 8 2 2 0 0 -1 -5 -11 -6 -2 0 0 0 1 2 4 4 3 1 0 0 0 0 -3 -13 -20 -20 -16 0 2 12 16 11 8 0 0 0 0 0 -7 -15 -20 -16 -7 0 0 4 3 6 5 5 4 3 2 1 0 1 0 

0 -3 -8 -2 0 1 5 5 4 3 0 0 0 -1 -1 -1 0 0 0 0 1 4 4 3 4 0 0 0 0 0 -4 -12 -18 -18 -1 0 2 4 10 14 13 5 1 0 0 0 -6 -10 -10 -2 0 0 0 1 2 2 4 5 6 4 3 1 2 0 0 

-3 -11 -20 -15 -2 6 12 13 9 5 1 0 -8 -15 -12 -7 -4 -2 0 0 1 4 6 7 6 2 1 1 0 -1 -5 -17 -20 -16 -2 1 3 6 19 15 16 7 5 0 0 -5 -12 -19 -20 -11 -2 0 1 2 5 5 5 6 7 5 4 4 3 0 2 

-3 -11 -20 -15 -2 6 12 13 9 5 1 0 -8 -15 -12 -7 -4 -2 0 0 1 4 6 7 6 2 1 1 0 -1 -5 -17 -20 -16 -2 1 3 6 19 15 16 7 5 0 0 -5 -12 -19 -20 -11 -2 0 1 2 5 5 5 6 7 5 4 4 3 0 2 

0 0 -2 0 0 0 0 0 0 0 0 0 0 0 0 -3 0 0 0 0 0 0 0 0 0 0 0 0 0 0 -1 -1 0 0 0 0 0 0 0 0 1 0 0 0 0 0 0 0 0 0 0 0 0 0 0 0 0 0 0 0 0 0 0 0 0 

0 0 0 0 0 0 0 0 0 1 0 0 0 0 0 0 0 0 0 0 0 0 0 0 0 0 0 0 0 0 -2 0 0 0 0 0 0 0 0 0 0 0 0 0 0 0 0 0 0 0 0 0 0 0 0 0 0 0 0 0 0 0 0 0 0 

Detected: swipe_right
Channels: 6
Length: 28
Data:
0 -7 -8 -16 -6 -2 2 8 14 5 0 0 0 0 -8 0 -20 -17 -3 0 7 9 8 7 4 1 1 0 

0 -3 -7 -15 0 0 2 5 13 12 4 1 0 0 0 0 -17 -3 0 0 1 8 8 7 5 4 1 1 

-1 -8 -15 -18 -8 -1 4 11 17 18 9 3 0 -2 -10 -18 -20 -10 -3 0 2 6 7 7 7 4 3 1 

-1 -8 -15 -18 -8 -1 4 11 17 18 9 3 0 -2 -10 -18 -20 -10 -3 0 2 6 7 7 7 4 3 1 

0 -1 0 0 0 0 0 0 0 0 1 0 0 0 -2 0 0 0 0 0 0 0 0 0 0 0 0 0 

-2 0 0 0 0 0 0 0 0 0 0 0 0 -2 0 0 0 0 0 0 0 0 0 0 0 0 0 0 

Detected: swipe_left
Channels: 6
Length: 5
Data:
0 0 0 0 1 

0 0 0 0 0 

-1 -3 0 0 -2 

-1 -3 0 0 -2 

0 0 0 0 -1 

0 0 0 0 0 

Detected: swipe_up
Channels: 6
Length: 7
Data:
0 0 1 0 0 0 0 

0 0 0 0 0 -2 0 

1 3 2 0 -11 -11 -1 

1 3 2 0 -11 -11 -1 

0 1 0 0 0 0 0 

0 0 -1 0 0 0 0 

Detected: swipe_left
Channels: 6
Length: 4
Data:
0 0 0 0 

0 0 0 0 

1 2 1 1 

1 2 1 1 

0 0 0 0 

0 0 0 0 

Detected: swipe_left
Channels: 6
Length: 4
Data:
0 0 0 0 

0 0 2 1 

2 3 3 1 

2 3 3 1 

0 0 0 0 

0 0 0 0 

Detected: tap_up
Channels: 6
Length: 32
Data:
0 0 0 -1 -3 -15 -20 -16 -3 0 0 0 0 0 0 0 1 1 1 1 1 1 0 0 0 0 0 0 0 0 0 0 

0 0 1 0 0 -15 -16 -4 0 0 0 1 1 0 0 1 1 1 1 2 2 1 1 2 1 1 1 0 0 0 0 0 

1 1 1 -4 -6 -14 -20 -13 -3 0 0 0 0 0 0 0 0 2 1 1 1 2 2 2 2 1 1 1 1 1 1 1 

1 1 1 -4 -6 -14 -20 -13 -3 0 0 0 0 0 0 0 0 2 1 1 1 2 2 2 2 1 1 1 1 1 1 1 

0 0 0 0 0 -1 0 0 0 0 0 0 0 0 0 0 0 0 0 0 0 0 0 0 0 0 0 0 0 0 0 0 

0 0 0 0 0 0 0 0 0 0 0 0 0 0 0 0 0 0 0 0 0 0 0 0 0 0 0 0 0 0 0 0 

Detected: swipe_up
Channels: 6
Length: 7
Data:
-1 0 -13 -19 -19 -16 -6 

0 0 -6 -17 -12 -2 0 

-2 0 -16 -20 -19 -7 -1 

-2 0 -16 -20 -19 -7 -1 

0 0 -5 0 0 0 0 

0 0 0 0 0 0 0 

Detected: swipe_front
Channels: 6
Length: 9
Data:
0 1 3 3 4 4 3 0 0 

0 1 3 3 4 3 2 1 0 

1 2 4 6 5 3 4 1 1 

1 2 4 6 5 3 4 1 1 

0 0 0 0 0 0 0 0 0 

0 0 0 0 0 0 0 0 0 

Detected: swipe_left
Channels: 6
Length: 20
Data:
-1 -4 -5 -5 -5 -2 0 0 0 0 0 0 0 0 0 0 0 0 0 0 

0 -3 -3 -3 -3 -1 0 0 0 0 0 1 1 2 2 0 1 1 0 0 

-4 -11 -9 -9 -7 -4 -2 1 2 2 1 1 2 1 3 2 2 1 1 1 

-4 -11 -9 -9 -7 -4 -2 1 2 2 1 1 2 1 3 2 2 1 1 1 

0 0 0 0 0 0 0 0 0 0 0 0 0 0 0 0 0 0 0 0 

0 -6 0 0 0 0 0 0 0 0 0 0 0 0 0 0 0 0 0 0 

Detected: tap_down
Channels: 6
Length: 24
Data:
-1 -1 -2 -4 -3 0 0 1 2 5 6 4 0 0 0 0 -1 0 0 7 0 0 0 0 

0 0 -1 -2 -1 0 0 0 1 4 5 3 0 0 0 0 0 1 4 -5 -11 -5 -3 0 

0 -2 -4 -5 -4 -2 0 1 4 11 11 11 2 -1 -2 0 0 1 3 2 -15 -10 -9 -3 

0 -2 -4 -5 -4 -2 0 1 4 11 11 11 2 -1 -2 0 0 1 3 2 -15 -10 -9 -3 

0 0 0 0 0 0 0 0 0 -1 0 0 0 0 0 0 0 0 0 0 0 0 0 0 

0 0 -1 0 0 0 0 0 0 0 0 0 0 0 0 0 0 0 0 -1 0 0 0 0 

Detected: swipe_right
Channels: 6
Length: 10
Data:
0 0 0 -2 -4 -4 12 16 4 0 

0 2 2 1 2 4 10 15 8 0 

2 1 1 1 2 3 12 20 15 -1 

2 1 1 1 2 3 12 20 15 -1 

0 0 0 0 0 0 0 -20 2 0 

0 0 0 0 0 0 0 0 0 0 

Detected: swipe_left
Channels: 6
Length: 11
Data:
0 0 0 -1 -4 0 0 0 0 0 0 

0 0 0 2 3 3 0 0 0 0 0 

-1 -1 0 1 1 0 0 0 0 -4 -2 

-1 -1 0 1 1 0 0 0 0 -4 -2 

0 0 0 0 -2 0 0 0 0 0 0 

0 0 0 0 0 0 0 0 0 0 0 

Detected: swipe_left
Channels: 6
Length: 16
Data:
0 0 0 0 0 0 0 0 0 -1 0 0 1 2 0 0 

0 0 0 0 -1 0 0 -1 0 0 0 2 2 0 6 0 

5 2 0 0 0 -1 -2 -2 -1 -1 0 2 3 7 7 7 

5 2 0 0 0 -1 -2 -2 -1 -1 0 2 3 7 7 7 

0 0 0 0 0 0 0 0 0 0 0 0 0 0 0 0 

0 0 0 0 0 0 0 0 0 0 0 0 0 0 0 0 

Detected: swipe_left
Channels: 6
Length: 11
Data:
0 0 -2 0 0 0 0 0 0 0 0 

0 0 0 0 0 0 0 0 0 0 0 

1 0 0 0 1 1 0 1 0 1 1 

1 0 0 0 1 1 0 1 0 1 1 

0 0 0 0 0 0 0 0 0 0 0 

0 0 0 0 0 0 0 0 0 0 0 

Detected: swipe_left
Channels: 6
Length: 4
Data:
0 0 -4 -4 

2 4 4 0 

0 5 5 -6 

0 5 5 -6 

0 0 0 0 

0 0 0 0 

Detected: swipe_left
Channels: 6
Length: 8
Data:
0 -1 -6 0 0 0 0 -1 

2 7 9 0 0 0 0 0 

2 4 5 0 0 0 0 0 

2 4 5 0 0 0 0 0 

0 -4 0 0 0 0 0 0 

0 0 0 0 0 0 0 0 

Detected: swipe_up
Channels: 6
Length: 5
Data:
-19 -15 -10 -4 -1 

-17 -12 -3 0 0 

-20 -12 -9 -4 0 

-20 -12 -9 -4 0 

0 0 0 0 0 

0 0 0 0 0 

Detected: swipe_front
Channels: 6
Length: 10
Data:
0 1 2 3 3 4 5 3 3 3 

0 2 3 4 6 6 6 6 3 0 

1 1 3 5 6 7 6 7 4 0 

1 1 3 5 6 7 6 7 4 0 

0 0 0 0 0 0 0 0 0 0 

0 0 0 0 0 0 0 0 0 0 

Detected: swipe_up
Channels: 6
Length: 7
Data:
-1 -8 -19 -18 -12 -3 -1 

-1 -6 -16 -15 -6 0 0 

-3 -14 -20 -20 -10 -3 0 

-3 -14 -20 -20 -10 -3 0 

0 -6 0 0 0 0 0 

0 0 0 0 0 0 0 

Detected: swipe_down
Channels: 6
Length: 7
Data:
0 0 4 6 6 8 4 

1 1 3 10 9 6 5 

0 3 4 9 12 11 5 

0 3 4 9 12 11 5 

0 0 0 0 0 0 0 

0 0 0 0 0 0 0 

Detected: tap_back
Channels: 6
Length: 8
Data:
0 0 3 3 0 0 0 -1 

0 0 0 0 -11 -10 -2 0 

1 1 2 3 -12 -12 -7 -3 

1 1 2 3 -12 -12 -7 -3 

0 0 0 0 0 0 0 0 

0 0 0 -3 -3 0 0 0 

Detected: tap_right
Channels: 6
Length: 69
Data:
0 0 0 0 0 0 0 0 0 -1 -5 -15 -20 -18 -18 0 1 11 12 13 11 6 5 3 0 0 0 0 -2 -2 -7 -20 -20 -11 0 3 7 7 8 8 7 3 0 1 1 0 0 0 0 0 -1 -9 -17 -17 -9 -3 0 0 2 2 2 2 2 2 2 1 2 2 0 

0 0 1 6 5 5 3 2 0 0 -3 -7 -17 -17 0 0 0 8 7 17 12 9 3 2 0 0 0 0 0 -2 -7 -17 -11 -2 -1 3 2 2 11 10 8 6 4 0 0 0 0 0 0 0 -2 -5 -12 -7 -5 0 0 0 0 1 3 1 1 2 2 1 1 0 0 

1 2 4 6 5 5 3 1 1 -3 -8 -18 -20 -15 -4 0 1 4 17 20 18 11 5 4 1 0 0 0 -2 -7 -13 -20 -20 -6 0 3 5 9 12 11 9 8 5 3 2 0 0 0 0 -2 -7 -13 -20 -19 -13 -4 0 2 4 4 4 3 2 4 4 4 4 3 1 

1 2 4 6 5 5 3 1 1 -3 -8 -18 -20 -15 -4 0 1 4 17 20 18 11 5 4 1 0 0 0 -2 -7 -13 -20 -20 -6 0 3 5 9 12 11 9 8 5 3 2 0 0 0 0 -2 -7 -13 -20 -19 -13 -4 0 2 4 4 4 3 2 4 4 4 4 3 1 

0 0 0 0 0 0 0 0 0 0 0 -4 -4 0 0 0 0 0 0 0 2 0 0 0 0 0 0 0 0 0 -1 -4 0 0 0 0 0 0 0 0 1 0 0 0 0 0 0 0 0 0 0 -2 -3 0 0 0 0 0 0 0 0 0 0 0 0 0 0 0 0 

0 0 0 0 0 0 0 0 0 0 0 0 0 0 0 0 0 0 0 0 0 0 0 0 0 0 0 0 -1 -4 0 0 0 0 0 0 0 0 0 0 0 0 0 0 0 0 0 0 0 0 -4 0 0 0 0 0 0 0 0 0 0 0 0 0 0 0 0 0 0 

Detected: tap_up
Channels: 6
Length: 20
Data:
-1 -2 -8 -13 -13 -9 -3 0 0 1 1 3 5 5 4 4 1 3 1 1 

0 -2 -5 -13 -9 -3 0 0 0 2 1 2 2 0 0 3 1 0 0 0 

-5 -8 -12 -16 -15 -10 -3 0 1 2 3 5 5 9 5 7 5 3 0 1 

-5 -8 -12 -16 -15 -10 -3 0 1 2 3 5 5 9 5 7 5 3 0 1 

0 -2 -2 -1 0 0 0 0 0 0 0 0 0 0 0 0 0 0 0 0 

0 0 0 0 0 0 0 0 0 0 0 0 0 0 0 0 0 0 0 0 

Detected: tap_up
Channels: 6
Length: 18
Data:
0 -1 -1 -8 -10 -14 -11 -4 -1 0 0 1 1 2 3 4 3 2 

0 0 -1 -7 -13 -10 -4 -3 0 0 0 0 1 2 5 6 4 0 

0 -1 -6 -13 -20 -18 -12 -3 0 0 1 1 2 2 7 6 8 6 

0 -1 -6 -13 -20 -18 -12 -3 0 0 1 1 2 2 7 6 8 6 

0 0 0 -3 0 0 0 0 0 0 0 0 0 0 0 0 0 0 

-1 -1 0 0 0 0 0 0 0 0 0 0 0 0 0 0 0 0 

Detected: swipe_left
Channels: 6
Length: 4
Data:
0 0 0 0 

0 0 0 0 

3 3 0 1 

3 3 0 1 

0 0 0 0 

0 0 0 0 

Detected: swipe_left
Channels: 6
Length: 6
Data:
0 0 0 0 0 0 

1 2 2 1 0 0 

1 1 3 3 1 1 

1 1 3 3 1 1 

0 0 0 0 0 0 

0 0 0 0 0 0 

Detected: swipe_up
Channels: 6
Length: 9
Data:
0 0 0 0 0 0 0 0 0 

0 0 0 0 0 -6 0 -2 -1 

0 0 0 -11 -12 -9 0 -1 0 

0 0 0 -11 -12 -9 0 -1 0 

0 0 0 0 0 0 0 0 0 

-2 0 0 0 0 0 0 0 0 

Detected: swipe_left
Channels: 6
Length: 9
Data:
0 1 0 1 0 0 0 0 0 

2 2 0 0 0 0 0 0 2 

0 3 0 0 0 0 2 2 2 

0 3 0 0 0 0 2 2 2 

0 0 0 0 0 0 0 0 0 

0 0 0 0 0 0 0 0 0 

Detected: swipe_up
Channels: 6
Length: 12
Data:
0 0 0 0 0 0 0 -12 -13 -5 -4 0 

0 0 2 0 0 0 3 2 -5 -8 0 0 

1 3 2 0 0 0 4 3 -18 -13 -3 -1 

1 3 2 0 0 0 4 3 -18 -13 -3 -1 

0 0 0 0 0 0 0 0 0 0 0 0 

0 0 1 0 0 0 0 3 1 1 0 0 

Detected: swipe_left
Channels: 6
Length: 10
Data:
1 2 3 3 0 0 0 0 0 0 

0 0 0 0 0 -4 0 0 0 0 

2 4 0 0 -3 -5 -4 0 2 2 

2 4 0 0 -3 -5 -4 0 2 2 

0 0 0 0 0 0 0 0 0 0 

0 0 0 0 0 -2 -2 -2 0 0 

Detected: swipe_left
Channels: 6
Length: 5
Data:
0 0 -1 0 -6 

1 0 3 2 0 

0 0 1 -1 -2 

0 0 1 -1 -2 

0 0 -2 0 0 

0 0 0 0 0 

Detected: swipe_left
Channels: 6
Length: 7
Data:
3 3 2 2 3 2 0 

0 0 0 1 1 1 0 

1 0 2 3 4 5 4 

1 0 2 3 4 5 4 

0 0 2 0 0 0 0 

0 0 0 0 0 0 0 

Detected: tap_down
Channels: 6
Length: 16
Data:
-1 -4 -5 -6 -8 -9 -7 -2 1 4 7 10 4 5 0 0 

0 -1 -3 -7 -4 -10 -2 0 0 3 8 11 11 7 1 0 

-2 -5 -7 -13 -11 -7 -2 -1 3 5 7 9 12 9 6 1 

-2 -5 -7 -13 -11 -7 -2 -1 3 5 7 9 12 9 6 1 

0 0 0 -4 0 0 0 0 0 0 4 0 0 0 0 0 

0 0 0 0 0 0 0 0 0 0 0 0 0 0 0 0 

Detected: tap_down
Channels: 6
Length: 12
Data:
0 -4 -4 -9 -9 -5 2 8 11 10 6 0 

-1 -1 -5 -5 -3 -1 0 2 9 11 6 2 

-2 -3 -7 -14 -11 -4 2 5 12 13 10 5 

-2 -3 -7 -14 -11 -4 2 5 12 13 10 5 

0 0 0 0 0 0 0 0 0 0 0 0 

0 0 0 0 0 0 0 0 0 0 0 1 

Detected: swipe_left
Channels: 6
Length: 7
Data:
0 -2 0 -9 0 -7 -4 

0 2 0 0 0 0 0 

1 0 0 0 0 0 0 

1 0 0 0 0 0 0 

0 -2 0 0 0 0 0 

0 0 0 0 0 0 0 

Detected: swipe_left
Channels: 6
Length: 8
Data:
0 0 0 0 0 0 0 0 

0 0 0 0 0 0 0 0 

1 1 1 -1 0 3 4 1 

1 1 1 -1 0 3 4 1 

0 0 0 0 0 0 0 0 

0 0 0 0 0 0 0 0 

Detected: swipe_left
Channels: 6
Length: 7
Data:
0 0 -13 -7 -4 -4 -1 

1 0 0 0 0 0 0 

1 -1 0 0 0 0 0 

1 -1 0 0 0 0 0 

0 0 0 0 0 0 0 

0 0 0 0 0 0 0 

Detected: swipe_left
Channels: 6
Length: 10
Data:
0 0 0 0 0 -4 -2 0 -2 0 

0 0 0 0 0 -3 -3 0 -1 0 

5 3 2 -7 -5 -4 -5 -3 -1 -1 

5 3 2 -7 -5 -4 -5 -3 -1 -1 

0 0 0 0 0 0 -1 0 0 0 

0 0 0 0 0 0 0 0 0 0 

Detected: swipe_left
Channels: 6
Length: 8
Data:
0 5 4 5 0 0 0 0 

0 4 3 4 0 0 0 0 

1 3 11 11 1 -1 0 -1 

1 3 11 11 1 -1 0 -1 

0 0 0 0 0 0 0 0 

0 0 0 0 0 0 0 0 

Detected: swipe_left
Channels: 6
Length: 7
Data:
-1 -3 0 0 -6 -3 -1 

1 1 0 0 0 0 0 

0 0 0 0 0 0 -1 

0 0 0 0 0 0 -1 

-1 -2 0 0 0 0 0 

0 0 0 0 0 0 0 

Detected: swipe_left
Channels: 6
Length: 8
Data:
1 2 0 0 0 -1 0 0 

2 0 0 0 0 0 0 0 

6 11 5 -2 -3 -3 -2 -1 

6 11 5 -2 -3 -3 -2 -1 

0 0 0 0 0 0 0 0 

0 0 0 0 0 0 0 0 

Detected: swipe_left
Channels: 6
Length: 13
Data:
0 0 -1 -1 -1 -1 0 0 0 0 0 0 0 

0 0 0 0 0 0 0 0 0 0 0 0 0 

-1 -1 -5 -2 -2 -1 0 0 0 -1 0 0 1 

-1 -1 -5 -2 -2 -1 0 0 0 -1 0 0 1 

0 0 0 0 0 0 0 0 0 0 0 0 0 

0 0 0 0 0 0 0 0 0 0 0 0 0 

Detected: swipe_left
Channels: 6
Length: 8
Data:
0 0 0 1 1 1 0 0 

0 1 1 1 1 0 0 0 

2 2 3 2 3 3 2 1 

2 2 3 2 3 3 2 1 

0 0 0 0 0 0 0 0 

0 0 0 0 0 0 0 0 

Detected: swipe_left
Channels: 6
Length: 8
Data:
0 3 2 0 -2 -1 -1 -1 

0 3 2 0 0 -1 0 0 

1 6 8 2 -5 -5 -4 0 

1 6 8 2 -5 -5 -4 0 

0 0 0 0 0 0 0 0 

0 0 0 0 0 0 0 0 

Detected: swipe_up
Channels: 6
Length: 8
Data:
0 0 -1 -1 -1 -1 0 0 

0 0 0 0 0 0 0 0 

-1 -5 -7 -4 -4 -3 0 -2 

-1 -5 -7 -4 -4 -3 0 -2 

0 0 0 0 0 0 0 0 

0 0 0 0 0 0 0 0 

Detected: swipe_left
Channels: 6
Length: 9
Data:
0 0 0 0 1 0 0 0 0 

0 0 1 1 0 0 0 0 0 

1 3 4 3 3 5 0 3 3 

1 3 4 3 3 5 0 3 3 

0 0 0 0 0 0 0 0 0 

0 0 0 0 0 0 0 0 0 

Detected: swipe_left
Channels: 6
Length: 8
Data:
0 -3 -6 0 0 -6 0 0 

1 1 0 0 0 0 0 0 

-2 -2 -3 0 0 0 0 -2 

-2 -2 -3 0 0 0 0 -2 

-2 -1 0 0 0 0 0 0 

0 0 0 0 0 0 0 0 

Detected: tap_down
Channels: 6
Length: 29
Data:
0 0 3 2 1 1 0 0 0 0 0 0 0 -3 -4 -4 -2 1 6 9 11 12 6 0 0 -2 -8 -6 -3 

0 0 0 0 0 0 0 0 0 0 0 0 -2 -3 -2 -2 -1 1 5 9 10 11 2 0 0 -3 -4 -4 -3 

4 4 4 0 0 2 0 1 0 0 0 0 -5 -7 -5 -4 0 0 6 10 13 16 15 3 -2 -7 -9 -7 -5 

4 4 4 0 0 2 0 1 0 0 0 0 -5 -7 -5 -4 0 0 6 10 13 16 15 3 -2 -7 -9 -7 -5 

0 0 0 0 0 0 0 0 0 0 0 0 0 0 0 0 0 0 0 0 0 0 0 0 0 0 -2 0 0 

0 0 0 0 0 0 0 0 0 0 0 0 0 0 0 0 0 0 0 0 0 0 0 0 0 0 0 0 0 

Detected: swipe_left
Channels: 6
Length: 5
Data:
0 0 0 -2 -2 

1 2 3 3 2 

1 1 1 -1 0 

1 1 1 -1 0 

0 0 0 0 0 

0 0 0 0 0 

Detected: tap_down
Channels: 6
Length: 17
Data:
-1 -1 -1 0 4 7 9 10 9 1 0 0 -2 -6 -6 -5 -2 

-4 0 -3 0 2 4 6 9 7 4 0 0 -1 -4 -4 -3 0 

-5 -4 -1 0 4 8 12 12 10 8 1 0 -4 -12 -9 -6 -2 

-5 -4 -1 0 4 8 12 12 10 8 1 0 -4 -12 -9 -6 -2 

0 0 0 0 0 0 0 0 3 0 0 0 0 0 0 0 0 

0 0 0 0 0 0 0 0 7 4 0 0 0 -5 0 0 0 

Detected: swipe_front
Channels: 6
Length: 5
Data:
0 0 0 0 0 

0 3 4 6 5 

2 2 4 4 2 

2 2 4 4 2 

0 0 0 0 0 

0 0 0 0 0 

Detected: swipe_left
Channels: 6
Length: 6
Data:
0 0 0 -1 0 -2 

1 0 0 0 0 0 

0 0 0 0 0 -2 

0 0 0 0 0 -2 

0 0 0 0 0 0 

0 0 0 0 0 0 

Detected: swipe_left
Channels: 6
Length: 5
Data:
0 0 0 0 -1 

0 0 0 0 0 

1 0 0 0 0 

1 0 0 0 0 

0 0 0 0 0 

0 0 0 0 0 

Detected: tap_down
Channels: 6
Length: 19
Data:
1 2 3 7 14 9 0 0 0 -5 -4 -5 -4 -2 0 0 0 0 0 

0 0 1 5 10 13 3 0 0 -2 -2 -3 -1 0 0 0 0 1 0 

1 2 5 11 12 20 6 -1 -2 -6 -7 -10 -5 -3 0 0 0 0 1 

1 2 5 11 12 20 6 -1 -2 -6 -7 -10 -5 -3 0 0 0 0 1 

0 0 0 0 0 0 2 0 0 0 0 0 0 0 0 0 0 0 0 

0 0 0 0 0 0 0 0 0 0 0 0 0 0 0 0 0 0 0 

Detected: swipe_left
Channels: 6
Length: 11
Data:
0 0 0 0 0 -5 0 0 0 0 -1 

0 0 1 2 5 3 0 0 0 0 0 

1 1 3 4 4 3 0 0 0 0 0 

1 1 3 4 4 3 0 0 0 0 0 

0 0 0 0 0 0 0 0 0 0 0 

0 0 0 0 0 0 0 0 0 0 0 

Detected: swipe_left
Channels: 6
Length: 5
Data:
0 0 0 0 0 

0 0 0 0 0 

4 1 0 0 1 

4 1 0 0 1 

0 0 0 0 0 

0 0 0 0 0 

Detected: swipe_left
Channels: 6
Length: 6
Data:
0 0 -1 -1 0 0 

0 0 0 0 0 0 

-1 0 -2 -2 -2 -1 

-1 0 -2 -2 -2 -1 

0 0 0 0 0 0 

0 0 0 0 0 0 

Detected: swipe_left
Channels: 6
Length: 17
Data:
0 1 2 2 4 3 0 0 0 -3 -4 -2 -3 0 0 0 0 

0 1 1 4 7 2 0 0 0 -2 -2 0 0 0 0 0 0 

1 2 3 6 14 15 3 0 0 -3 -5 -5 -6 -2 0 1 1 

1 2 3 6 14 15 3 0 0 -3 -5 -5 -6 -2 0 1 1 

0 0 0 0 0 0 0 0 0 0 0 0 0 0 0 0 0 

0 0 0 0 0 0 0 0 0 0 0 0 0 0 0 0 0 

Detected: swipe_left
Channels: 6
Length: 16
Data:
-1 -1 0 0 -1 -1 -1 0 0 0 0 1 1 2 1 0 

0 0 0 0 0 0 0 0 0 0 0 0 2 2 0 0 

-1 -1 -1 -1 -1 -2 -2 0 0 0 0 2 3 3 2 1 

-1 -1 -1 -1 -1 -2 -2 0 0 0 0 2 3 3 2 1 

0 0 0 0 0 0 0 0 0 0 0 0 0 0 0 0 

0 0 0 0 0 0 0 0 0 0 0 0 0 0 0 0 

Detected: tap_down
Channels: 6
Length: 21
Data:
-1 -1 0 1 3 5 7 0 0 0 -2 -2 -4 -3 -7 -2 0 1 1 1 0 

0 0 0 1 2 5 7 2 0 0 0 0 -2 0 -4 -1 0 0 1 1 0 

0 0 1 2 6 9 20 20 0 0 -1 -2 -4 -7 -8 -1 0 1 3 3 1 

0 0 1 2 6 9 20 20 0 0 -1 -2 -4 -7 -8 -1 0 1 3 3 1 

0 0 0 0 0 0 0 0 0 0 0 0 0 0 0 0 0 0 0 0 0 

0 0 0 0 0 0 0 0 0 0 0 0 0 0 0 0 0 0 0 0 0 

Detected: swipe_left
Channels: 6
Length: 8
Data:
0 0 -1 0 0 0 0 -5 

0 1 2 3 3 0 0 0 

1 2 2 1 -4 0 0 0 

1 2 2 1 -4 0 0 0 

0 0 0 -3 0 0 0 0 

0 0 0 0 0 0 0 0 

Detected: swipe_left
Channels: 6
Length: 5
Data:
0 0 0 0 0 

0 0 0 0 0 

1 -1 0 0 1 

1 -1 0 0 1 

0 0 0 0 0 

0 0 0 0 0 

Detected: tap_down
Channels: 6
Length: 19
Data:
0 0 -2 -4 -4 0 0 3 2 0 3 0 0 0 0 0 -2 0 0 

0 -2 -2 -4 0 0 0 1 3 0 3 0 0 0 0 0 0 0 0 

-1 -3 -5 -8 -7 -1 2 4 13 13 8 0 0 0 -1 -4 -3 -3 -1 

-1 -3 -5 -8 -7 -1 2 4 13 13 8 0 0 0 -1 -4 -3 -3 -1 

0 0 0 0 0 0 0 0 0 0 0 0 0 0 0 0 0 0 0 

0 0 0 0 0 0 0 0 0 0 0 0 0 0 0 0 0 0 0 

Detected: swipe_left
Channels: 6
Length: 4
Data:
0 0 0 0 

0 1 0 0 

1 1 1 1 

1 1 1 1 

0 0 0 0 

0 0 0 0 

Detected: swipe_left
Channels: 6
Length: 15
Data:
3 2 6 5 3 1 1 0 0 0 0 0 0 0 0 

0 0 4 4 4 2 2 1 0 0 0 0 0 0 0 

3 5 7 6 6 5 5 1 0 1 1 0 1 -2 -2 

3 5 7 6 6 5 5 1 0 1 1 0 1 -2 -2 

0 0 0 0 1 0 0 0 0 0 0 0 0 0 0 

0 0 0 0 0 0 0 0 0 0 0 0 0 0 0 

Detected: swipe_left
Channels: 6
Length: 11
Data:
1 1 1 0 0 0 0 -2 -2 -2 0 

1 2 1 1 0 0 0 0 0 0 0 

5 12 8 2 0 0 -1 3 2 -3 -2 

5 12 8 2 0 0 -1 3 2 -3 -2 

0 0 0 0 0 0 0 0 0 0 0 

0 0 0 0 0 0 0 0 0 0 0 

Detected: swipe_left
Channels: 6
Length: 9
Data:
0 -1 -2 -1 -1 0 0 0 0 

0 1 -1 -1 -1 0 0 0 0 

3 2 1 -4 -3 -2 1 0 1 

3 2 1 -4 -3 -2 1 0 1 

0 0 0 0 0 0 0 0 0 

0 0 0 0 0 0 0 0 0 

Detected: swipe_left
Channels: 6
Length: 5
Data:
0 0 2 1 2 

0 0 0 0 0 

3 0 0 0 2 

3 0 0 0 2 

0 0 0 0 0 

0 0 0 0 0 

Detected: swipe_left
Channels: 6
Length: 35
Data:
2 2 3 3 3 3 0 0 0 0 0 0 0 -4 -2 -1 2 5 4 0 0 0 0 -3 -3 0 2 6 0 0 0 0 -1 -4 -4 

0 0 0 0 0 -1 -1 -2 0 0 1 5 1 0 0 0 0 0 0 0 0 0 0 0 0 0 0 0 0 0 0 0 0 3 0 

0 0 3 3 2 1 0 -2 0 0 0 3 0 -1 -1 0 0 4 3 0 -1 0 0 0 -2 0 2 3 1 -6 0 1 4 1 0 

0 0 3 3 2 1 0 -2 0 0 0 3 0 -1 -1 0 0 4 3 0 -1 0 0 0 -2 0 2 3 1 -6 0 1 4 1 0 

0 0 0 0 1 0 0 0 0 0 0 -1 0 0 0 0 0 0 3 0 0 0 0 0 0 0 0 0 0 0 0 0 0 -1 0 

0 0 0 0 0 0 0 0 0 0 0 0 0 0 0 0 0 0 0 0 0 0 0 0 0 0 0 0 0 0 0 0 0 0 0 

Detected: tap_right
Channels: 6
Length: 24
Data:
1 4 6 4 0 -1 -10 -10 0 4 3 0 -6 -9 -5 9 0 0 0 0 -2 -5 -5 -1 

0 0 -4 -2 -1 2 4 7 0 -5 -3 -3 3 5 1 -1 0 -1 0 2 3 0 3 0 

0 4 7 5 -3 -1 -4 -4 0 9 3 -6 -5 -6 -6 8 2 -2 -1 0 3 -3 -2 0 

0 4 7 5 -3 -1 -4 -4 0 9 3 -6 -5 -6 -6 8 2 -2 -1 0 3 -3 -2 0 

0 0 2 1 0 0 -6 -6 0 9 0 0 0 -5 0 6 0 0 0 0 -3 -2 -2 0 

0 0 0 0 0 0 0 0 0 0 0 0 0 0 0 0 0 0 0 0 0 0 0 0 

Detected: swipe_left
Channels: 6
Length: 29
Data:
2 3 3 2 1 0 0 0 0 0 -2 -3 0 0 0 0 0 0 4 4 2 0 0 0 0 -1 0 -2 -1 

0 0 0 2 0 0 0 0 2 2 4 3 0 0 0 0 0 0 0 -1 -1 0 0 0 0 0 2 1 0 

0 3 2 2 -1 -2 -1 0 1 5 6 1 0 -2 0 0 0 0 3 1 1 -2 -1 0 2 2 2 -1 0 

0 3 2 2 -1 -2 -1 0 1 5 6 1 0 -2 0 0 0 0 3 1 1 -2 -1 0 2 2 2 -1 0 

0 0 0 1 0 0 0 0 0 0 -1 0 0 0 0 0 0 0 0 1 1 0 0 0 0 0 -2 -1 0 

0 0 0 0 0 0 0 0 0 0 0 0 0 0 0 0 0 0 0 0 0 0 0 0 0 0 0 0 0 

Detected: tap_down
Channels: 6
Length: 12
Data:
10 10 5 -1 -3 -10 -11 0 0 0 -4 0 

0 9 -4 -3 -1 5 5 1 0 -2 -9 -3 

9 8 2 4 12 17 15 4 7 9 3 -7 

9 8 2 4 12 17 15 4 7 9 3 -7 

3 2 0 -2 -3 -6 0 0 0 10 0 0 

0 0 0 0 0 0 0 0 0 0 0 0 

Detected: tap_down
Channels: 6
Length: 21
Data:
0 0 -1 0 0 0 8 8 0 -4 -3 -2 -3 -3 -5 0 5 0 -6 -4 0 

1 1 0 0 0 0 -1 -3 -4 -5 0 2 1 4 2 0 0 0 -10 0 0 

0 0 -1 0 0 3 9 7 -6 -1 -4 -4 11 17 4 7 5 6 2 -9 -1 

0 0 -1 0 0 3 9 7 -6 -1 -4 -4 11 17 4 7 5 6 2 -9 -1 

0 0 0 0 0 0 4 6 0 0 -3 -3 -2 0 0 0 0 0 0 0 0 

0 0 0 0 0 0 0 0 0 0 0 0 0 0 0 0 0 0 0 0 0 

Detected: tap_down
Channels: 6
Length: 23
Data:
0 -2 -2 -1 2 5 6 5 3 0 0 0 0 0 0 -3 -4 -4 0 0 -3 -2 0 

1 1 0 0 0 0 1 -1 -7 1 0 0 1 2 4 3 0 1 0 0 -12 -2 0 

0 -1 -1 -1 2 8 8 7 4 -3 0 3 2 1 10 10 -7 -2 7 3 -17 -8 -3 

0 -1 -1 -1 2 8 8 7 4 -3 0 3 2 1 10 10 -7 -2 7 3 -17 -8 -3 

0 0 0 0 0 0 0 0 0 0 0 0 -1 0 0 0 0 0 0 0 0 0 0 

0 0 0 0 0 0 0 0 0 0 0 0 0 0 0 0 0 0 0 0 0 0 0 

Detected: tap_down
Channels: 6
Length: 28
Data:
-1 -2 -2 -2 0 9 13 0 0 -3 -7 -2 -2 1 -5 -9 -4 16 0 -6 -7 16 0 0 0 0 0 0 

0 0 0 0 0 1 1 1 3 5 2 -12 -5 7 14 0 -5 -2 8 -1 -9 -4 2 2 0 0 0 0 

0 0 -1 -1 0 6 13 10 19 9 -19 -13 -9 12 7 -16 -11 20 8 -9 -11 -5 10 5 -9 4 3 -1 

0 0 -1 -1 0 6 13 10 19 9 -19 -13 -9 12 7 -16 -11 20 8 -9 -11 -5 10 5 -9 4 3 -1 

0 0 0 0 0 0 0 0 0 0 0 3 0 0 0 0 0 0 0 2 0 0 0 0 0 0 0 0 

0 0 0 0 0 0 0 0 0 0 0 0 0 0 0 0 0 0 0 0 0 0 0 0 0 0 0 0 

Detected: tap_down
Channels: 6
Length: 21
Data:
-1 0 0 -1 0 0 0 0 0 0 3 0 0 0 1 0 0 0 0 0 0 

0 0 0 0 0 0 0 0 -2 7 0 0 0 1 4 0 0 0 0 0 0 

-2 0 9 1 0 -1 -5 -1 -5 14 13 -13 0 0 7 4 -1 -1 4 4 1 

-2 0 9 1 0 -1 -5 -1 -5 14 13 -13 0 0 7 4 -1 -1 4 4 1 

0 0 0 0 0 0 0 0 0 0 0 0 0 0 0 0 0 0 0 0 0 

0 0 0 0 0 0 0 0 0 0 0 0 0 0 0 0 0 0 0 0 0 

Detected: swipe_left
Channels: 6
Length: 7
Data:
0 0 0 0 0 0 0 

0 0 0 0 0 0 1 

2 2 2 1 0 1 1 

2 2 2 1 0 1 1 

0 0 0 0 0 0 0 

0 0 0 0 0 0 0 

Detected: swipe_left
Channels: 6
Length: 20
Data:
0 0 3 1 1 6 2 -1 -4 -2 1 1 -3 -3 1 1 0 0 -3 2 

0 1 4 3 6 -3 -4 2 2 0 0 0 1 -1 0 0 0 0 1 0 

-1 2 8 8 4 5 3 4 7 2 2 -2 -1 -1 -1 -5 1 1 1 1 

-1 2 8 8 4 5 3 4 7 2 2 -2 -1 -1 -1 -5 1 1 1 1 

0 0 0 0 0 3 0 0 0 0 1 0 0 0 0 1 0 0 -1 0 

0 0 0 0 0 0 0 0 0 0 0 0 0 0 0 0 0 0 0 0 

Detected: swipe_left
Channels: 6
Length: 3
Data:
0 -1 0 

0 0 0 

-1 -2 -3 

-1 -2 -3 

0 0 0 

0 0 0 

Detected: x
Channels: 6
Length: 45
Data:
0 0 -2 -2 0 0 0 4 1 0 0 -3 -3 2 1 1 0 -1 -4 -2 0 0 1 0 0 0 0 0 0 2 0 0 -1 -1 0 0 0 0 2 0 0 0 -2 0 -3 

1 1 2 2 0 0 0 4 -3 3 4 3 0 0 2 -2 0 3 2 0 0 -1 -2 -1 3 3 1 0 0 4 -1 1 3 2 0 0 0 -1 -3 -1 2 5 6 3 0 

0 3 5 6 0 0 4 3 -8 -1 7 7 0 0 -7 -5 -2 -2 -4 0 0 2 1 -2 5 6 6 0 0 -3 -2 -1 14 3 0 0 4 3 -4 -2 -1 6 12 6 0 

0 3 5 6 0 0 4 3 -8 -1 7 7 0 0 -7 -5 -2 -2 -4 0 0 2 1 -2 5 6 6 0 0 -3 -2 -1 14 3 0 0 4 3 -4 -2 -1 6 12 6 0 

0 0 0 -3 0 0 0 0 2 0 -2 -1 0 0 1 3 0 -2 -2 0 0 0 4 0 0 -2 -2 0 0 2 2 0 -2 -5 0 0 0 0 0 0 0 0 -4 -4 0 

0 0 0 0 0 0 0 0 0 0 0 0 0 0 0 0 0 0 0 0 0 0 0 0 0 0 0 0 0 0 0 0 0 0 0 0 0 0 0 0 0 0 0 0 0 

Detected: tap_back
Channels: 6
Length: 25
Data:
-1 0 -3 -2 -4 -6 -5 -9 -5 -4 0 0 0 1 0 0 0 0 0 0 1 1 1 0 0 

0 0 0 0 -3 -5 -6 -6 -3 -2 0 0 1 1 1 1 1 0 1 0 1 2 1 0 1 

0 0 -2 -3 -6 -6 -10 -10 -8 -5 0 0 0 0 0 0 0 0 0 0 1 0 1 1 0 

0 0 -2 -3 -6 -6 -10 -10 -8 -5 0 0 0 0 0 0 0 0 0 0 1 0 1 1 0 

0 0 0 0 0 0 0 0 0 0 0 0 0 0 0 0 0 0 0 0 0 0 0 0 0 

0 0 0 0 0 0 0 0 0 0 0 0 0 0 0 0 0 0 0 0 0 0 0 0 0 

Detected: tap_front
Channels: 6
Length: 77
Data:
0 0 1 4 5 3 0 -2 0 2 2 -4 -2 0 0 1 0 0 0 0 1 -1 0 0 0 0 0 0 0 0 0 0 0 0 0 0 0 0 0 0 0 -1 0 0 0 0 -4 0 0 0 0 0 0 3 2 0 -4 -5 2 4 0 0 -1 0 0 0 0 0 0 2 2 0 0 0 0 1 0 

0 1 0 0 -1 3 4 7 0 -2 0 1 2 0 0 0 1 0 0 0 0 0 0 0 0 0 0 0 0 0 0 0 0 0 0 0 0 0 0 0 2 0 0 0 0 0 0 0 2 0 0 2 3 1 0 0 0 0 0 0 0 0 0 0 0 0 0 0 1 -1 0 0 0 0 0 0 0 

1 1 2 2 4 3 7 7 0 5 3 6 4 0 -2 -5 -3 -2 -1 -2 -1 -5 -1 0 -5 -1 -1 1 1 -1 -3 -1 1 3 0 0 0 0 2 0 -2 -3 0 5 -2 -1 -1 0 5 4 0 3 -1 4 3 -1 -1 -1 3 3 3 -2 -1 1 4 1 1 -1 0 3 2 0 0 -2 0 4 2 

1 1 2 2 4 3 7 7 0 5 3 6 4 0 -2 -5 -3 -2 -1 -2 -1 -5 -1 0 -5 -1 -1 1 1 -1 -3 -1 1 3 0 0 0 0 2 0 -2 -3 0 5 -2 -1 -1 0 5 4 0 3 -1 4 3 -1 -1 -1 3 3 3 -2 -1 1 4 1 1 -1 0 3 2 0 0 -2 0 4 2 

0 0 0 0 0 0 0 -5 0 3 0 -4 0 0 0 0 0 0 2 4 0 0 0 0 0 0 0 0 2 0 0 0 0 0 0 0 0 0 2 0 0 0 0 4 0 0 0 0 4 2 0 0 0 1 0 0 0 0 0 2 1 0 -2 0 2 0 0 0 0 1 0 0 0 0 0 0 0 

0 0 0 0 0 0 0 0 0 0 0 0 0 0 0 0 0 0 0 0 0 0 0 0 0 0 0 0 0 0 0 0 0 0 0 0 0 0 0 0 0 0 0 0 0 0 0 0 0 0 0 0 0 0 0 0 0 0 0 0 0 0 0 0 0 0 0 0 0 0 0 0 0 0 0 0 0 

Detected: tap_down
Channels: 6
Length: 25
Data:
0 -1 0 0 1 2 1 3 3 -4 2 4 -1 -5 -4 2 -3 -2 -8 -1 7 0 1 1 -2 

0 0 0 0 -1 -4 -3 5 5 7 -4 -4 1 6 0 -4 0 1 9 0 -3 0 5 7 3 

-1 0 0 0 1 1 -8 8 13 8 3 1 3 4 2 -4 -10 -5 -2 3 2 1 8 8 4 

-1 0 0 0 1 1 -8 8 13 8 3 1 3 4 2 -4 -10 -5 -2 3 2 1 8 8 4 

0 0 0 0 1 0 0 -1 0 -2 0 0 0 0 0 0 0 -1 -3 0 0 0 0 0 0 

0 0 0 0 0 0 0 0 0 0 0 0 0 0 0 0 0 0 0 0 0 0 0 0 0 

Detected: swipe_left
Channels: 6
Length: 7
Data:
0 0 0 0 0 0 0 

0 0 0 0 0 0 0 

-1 -2 -1 -1 -2 -2 -2 

-1 -2 -1 -1 -2 -2 -2 

0 0 0 0 0 0 0 

0 0 0 0 0 0 0 

Detected: swipe_left
Channels: 6
Length: 29
Data:
0 0 0 0 0 0 0 0 0 0 3 0 0 0 1 0 0 -5 -1 3 0 -4 -4 0 2 3 2 2 2 

0 0 0 0 0 0 0 0 0 0 4 5 0 0 0 0 0 0 -2 -1 0 0 0 0 0 1 1 1 2 

1 3 5 3 2 0 0 0 0 1 6 11 5 0 -2 -7 -3 -4 -3 -9 -2 -4 -5 -2 -3 4 6 4 1 

1 3 5 3 2 0 0 0 0 1 6 11 5 0 -2 -7 -3 -4 -3 -9 -2 -4 -5 -2 -3 4 6 4 1 

0 0 0 0 0 0 0 0 0 0 0 0 0 0 4 0 0 -1 2 2 0 0 0 0 0 0 0 0 0 

0 0 0 0 0 0 0 0 0 0 0 0 0 0 0 0 0 0 0 0 0 0 0 0 0 0 0 0 0 

Detected: swipe_left
Channels: 6
Length: 5
Data:
0 0 0 0 0 

0 0 0 0 0 

-1 -1 -1 -1 -1 

-1 -1 -1 -1 -1 

0 0 0 0 0 

0 0 0 0 0 

Detected: swipe_front
Channels: 6
Length: 8
Data:
0 0 0 0 0 -4 -1 -1 

0 0 2 2 1 0 0 0 

3 4 3 2 4 3 5 3 

3 4 3 2 4 3 5 3 

0 0 0 0 0 -1 0 0 

0 0 0 0 0 0 0 0 

Keypress: A

Detected: swipe_left
Channels: 6
Length: 8
Data:
0 0 0 0 0 -1 0 -1 

0 0 0 0 0 -1 -1 0 

2 3 3 3 1 -1 -3 -3 

2 3 3 3 1 -1 -3 -3 

0 0 0 0 0 0 0 0 

0 0 0 0 0 0 0 0 

Detected: swipe_left
Channels: 6
Length: 9
Data:
0 0 0 0 0 0 0 -1 0 

0 0 0 0 -1 -2 -2 -1 0 

1 0 0 0 0 -3 -2 -6 -2 

1 0 0 0 0 -3 -2 -6 -2 

0 0 0 0 0 0 0 0 0 

0 0 0 0 0 0 0 0 0 

Detected: swipe_left
Channels: 6
Length: 9
Data:
0 0 -1 0 0 0 0 0 0 

1 0 0 0 2 2 2 2 1 

0 0 0 1 1 2 2 0 1 

0 0 0 1 1 2 2 0 1 

0 0 0 0 0 0 0 0 0 

0 0 0 0 0 0 0 0 0 

Detected: swipe_left
Channels: 6
Length: 5
Data:
0 1 1 -4 0 

1 1 5 6 0 

2 5 6 5 -4 

2 5 6 5 -4 

0 0 -1 0 0 

0 0 0 0 0 

Detected: swipe_left
Channels: 6
Length: 7
Data:
3 3 2 2 4 0 0 

0 0 0 1 0 0 0 

1 1 2 6 5 3 2 

1 1 2 6 5 3 2 

0 0 0 3 0 0 0 

0 0 0 0 0 0 0 

Keypress: A

Detected: swipe_front
Channels: 6
Length: 6
Data:
0 0 -3 0 0 -1 

0 2 4 6 0 0 

1 3 5 5 0 0 

1 3 5 5 0 0 

0 0 -3 0 0 0 

0 0 0 0 0 0 

Detected: swipe_left
Channels: 6
Length: 9
Data:
0 0 0 0 0 0 1 0 0 

0 0 0 0 0 0 0 0 0 

1 1 0 0 0 0 0 0 1 

1 1 0 0 0 0 0 0 1 

0 0 0 0 0 0 0 0 0 

0 0 0 0 0 0 0 0 0 

Keypress: A

Detected: swipe_front
Channels: 6
Length: 6
Data:
0 2 0 0 1 -1 

0 6 6 0 0 0 

3 7 8 0 0 0 

3 7 8 0 0 0 

0 -1 0 0 0 0 

0 0 0 0 0 0 

Detected: swipe_left
Channels: 6
Length: 6
Data:
4 3 2 0 0 0 

0 0 0 0 0 -1 

3 3 6 0 0 -2 

3 3 6 0 0 -2 

0 0 0 0 0 0 

0 0 0 0 0 0 

Keypress: A

Detected: swipe_front
Channels: 6
Length: 5
Data:
0 0 1 -2 -2 

0 1 3 2 4 

1 2 4 5 3 

1 2 4 5 3 

0 0 -1 -1 0 

0 0 1 0 0 

Detected: swipe_left
Channels: 6
Length: 7
Data:
0 1 5 3 0 0 0 

0 0 0 0 0 0 0 

2 1 6 3 0 0 -1 

2 1 6 3 0 0 -1 

0 0 0 0 0 0 0 

0 0 0 0 0 0 0 

Keypress: A

Detected: swipe_left
Channels: 6
Length: 5
Data:
0 0 0 0 0 

0 1 1 0 0 

1 4 3 2 -1 

1 4 3 2 -1 

0 0 0 0 0 

0 0 0 0 0 

Detected: swipe_left
Channels: 6
Length: 3
Data:
0 -1 0 

0 0 0 

3 -3 -1 

3 -3 -1 

0 0 0 

0 0 0 

Keypress: A

Detected: swipe_front
Channels: 6
Length: 12
Data:
0 0 0 0 0 1 1 5 0 0 0 -1 

0 0 0 0 0 2 3 2 0 0 0 0 

1 1 0 0 0 6 11 16 5 0 0 0 

1 1 0 0 0 6 11 16 5 0 0 0 

0 0 0 0 0 0 0 -10 0 0 0 0 

0 0 0 0 0 0 0 0 0 0 0 0 

Detected: swipe_left
Channels: 6
Length: 8
Data:
3 2 2 1 1 3 0 0 

0 0 0 0 6 1 0 0 

1 1 2 1 5 6 4 -1 

1 1 2 1 5 6 4 -1 

0 0 0 0 0 0 0 0 

0 0 0 0 0 0 0 0 

Detected: swipe_left
Channels: 6
Length: 5
Data:
0 0 0 0 0 

0 0 0 0 0 

-1 0 0 -1 -1 

-1 0 0 -1 -1 

0 0 0 0 0 

0 0 0 0 0 

Detected: swipe_right
Channels: 6
Length: 32
Data:
0 0 7 -2 0 -1 -6 0 10 -1 0 0 0 3 -6 -8 -1 5 0 -3 -3 4 4 0 2 -7 -7 8 8 0 0 0 

0 0 -10 -9 10 14 7 0 -2 2 1 0 -1 -4 3 2 -2 -6 0 0 6 1 -4 0 10 10 0 0 -10 -6 0 0 

3 4 3 -9 -2 -1 -2 -1 -6 -5 6 0 8 7 4 4 2 2 2 7 6 3 5 8 15 13 -5 3 5 -15 -2 2 

3 4 3 -9 -2 -1 -2 -1 -6 -5 6 0 8 7 4 4 2 2 2 7 6 3 5 8 15 13 -5 3 5 -15 -2 2 

0 0 8 0 0 -8 -9 0 7 -5 -7 0 7 5 -3 -6 0 0 0 -6 -2 0 0 0 -7 0 0 0 0 0 0 0 

0 0 0 0 0 0 0 0 0 0 0 0 0 0 0 0 0 0 0 0 0 0 0 0 0 0 0 0 0 0 0 0 

Detected: swipe_left
Channels: 6
Length: 13
Data:
0 0 0 0 0 0 0 0 0 -3 -2 0 0 

1 1 0 0 1 1 0 0 0 0 0 0 0 

0 1 1 1 0 2 1 1 2 -1 0 0 -1 

0 1 1 1 0 2 1 1 2 -1 0 0 -1 

0 0 0 0 0 0 0 0 0 0 0 0 0 

0 0 0 0 0 0 0 0 0 0 0 0 0 

Detected: scratchout
Channels: 6
Length: 27
Data:
0 0 0 -2 -9 0 0 0 5 1 -1 1 1 -1 -2 0 3 0 4 -1 0 1 -4 -2 -1 1 1 

1 1 1 1 1 0 0 0 0 2 0 3 3 1 0 0 0 -1 -1 -1 2 4 3 0 0 0 0 

0 1 2 4 3 0 0 0 4 3 3 4 5 5 0 0 3 3 2 -2 -1 -5 -6 -2 0 1 1 

0 1 2 4 3 0 0 0 4 3 3 4 5 5 0 0 3 3 2 -2 -1 -5 -6 -2 0 1 1 

0 0 0 0 -7 0 0 0 0 0 0 0 0 0 0 0 0 5 0 0 0 0 0 0 0 0 0 

0 0 0 0 0 0 0 0 0 0 0 0 0 0 0 0 0 0 0 0 0 0 0 0 0 0 0 

Detected: swipe_left
Channels: 6
Length: 6
Data:
-1 0 0 0 -2 -1 

0 0 0 0 0 0 

0 0 0 0 0 -3 

0 0 0 0 0 -3 

0 0 0 0 0 0 

0 0 0 0 0 0 

Detected: swipe_left
Channels: 6
Length: 9
Data:
1 4 4 3 2 1 1 0 0 

-1 0 0 0 0 0 0 0 0 

0 0 0 2 2 1 0 0 1 

0 0 0 2 2 1 0 0 1 

0 0 0 0 0 1 0 0 0 

0 0 0 0 0 0 0 0 0 

Detected: scratchout
Channels: 6
Length: 25
Data:
0 1 0 1 3 -3 -2 0 0 0 -1 1 3 -3 0 0 0 0 3 1 0 1 3 0 0 

0 0 0 2 4 4 2 0 -1 -2 -2 2 3 5 0 0 0 -1 -2 -2 0 3 5 3 0 

1 1 3 2 8 8 1 0 1 4 3 4 6 7 2 0 0 3 4 4 1 5 8 6 -1 

1 1 3 2 8 8 1 0 1 4 3 4 6 7 2 0 0 3 4 4 1 5 8 6 -1 

0 0 0 0 0 -6 -4 0 0 3 0 0 0 0 0 0 0 0 6 0 0 0 0 0 0 

0 0 0 0 0 0 0 0 0 0 0 0 0 0 0 0 0 0 0 0 0 0 0 0 0 

Detected: swipe_left
Channels: 6
Length: 11
Data:
0 0 0 0 0 0 0 0 0 0 -4 

0 0 0 0 0 1 1 2 0 0 -1 

-1 -1 -2 -1 0 2 5 4 0 0 0 

-1 -1 -2 -1 0 2 5 4 0 0 0 

0 0 0 0 0 0 0 0 0 0 0 

0 0 0 0 0 0 0 0 0 0 0 

Detected: swipe_left
Channels: 6
Length: 6
Data:
0 0 0 0 0 0 

0 0 0 0 0 0 

1 2 2 2 0 1 

1 2 2 2 0 1 

0 0 0 0 0 0 

0 0 0 0 0 0 

Detected: swipe_right
Channels: 6
Length: 31
Data:
0 -2 -1 0 1 0 0 0 0 0 -1 0 0 0 0 0 0 0 0 0 0 0 0 0 0 0 0 6 0 0 0 

0 0 0 0 3 3 0 0 0 2 4 2 2 2 0 0 0 0 3 0 0 0 0 0 0 0 -1 7 0 0 0 

-1 -5 -10 -4 -1 -1 -1 -2 0 2 4 3 6 7 6 -8 0 2 -3 -5 -3 7 2 2 3 5 5 10 10 2 3 

-1 -5 -10 -4 -1 -1 -1 -2 0 2 4 3 6 7 6 -8 0 2 -3 -5 -3 7 2 2 3 5 5 10 10 2 3 

0 0 0 0 0 0 0 0 0 0 0 0 0 0 0 0 0 0 0 0 0 0 0 0 0 0 0 0 0 0 0 

0 2 4 2 -5 -5 0 0 0 0 5 7 0 -3 0 0 0 0 0 8 0 0 0 0 0 0 0 -9 0 0 0 

Detected: swipe_front
Channels: 6
Length: 4
Data:
2 3 0 0 

0 0 0 0 

2 4 4 1 

2 4 4 1 

0 0 0 0 

-1 -2 -1 0 

Detected: swipe_right
Channels: 6
Length: 41
Data:
0 -2 -1 -1 0 0 0 -2 0 0 4 13 0 0 0 0 -5 -6 -1 8 11 0 0 0 -5 -10 0 3 7 1 0 0 0 -4 0 0 0 0 0 0 0 

0 0 0 0 0 0 0 -1 -1 3 11 10 0 0 0 0 0 -2 1 6 4 0 0 0 3 -3 -6 6 7 0 0 0 0 6 1 5 0 0 0 0 4 

-1 -2 -2 -1 0 0 -2 -9 -8 4 18 17 10 0 0 4 1 -10 -7 -1 -4 -8 0 2 3 2 -10 -1 -4 -6 0 0 9 2 2 9 10 -10 0 3 1 

-1 -2 -2 -1 0 0 -2 -9 -8 4 18 17 10 0 0 4 1 -10 -7 -1 -4 -8 0 2 3 2 -10 -1 -4 -6 0 0 9 2 2 9 10 -10 0 3 1 

0 0 0 0 0 0 0 0 0 0 0 0 0 0 0 0 0 0 0 0 0 0 0 0 0 0 0 0 0 0 0 0 0 0 0 0 0 0 0 0 0 

1 0 0 0 0 0 0 0 0 0 0 -3 0 0 0 0 6 6 0 -9 -8 0 0 0 0 6 0 0 -9 0 0 0 0 0 0 -7 0 -4 0 0 0 

Detected: swipe_left
Channels: 6
Length: 6
Data:
0 0 0 0 0 0 

0 0 0 0 0 0 

-2 0 0 0 3 5 

-2 0 0 0 3 5 

0 0 0 0 0 0 

0 0 0 0 0 0 

Detected: swipe_left
Channels: 6
Length: 3
Data:
0 0 0 

0 0 0 

1 1 1 

1 1 1 

0 0 0 

0 0 0 

Detected: x
Channels: 6
Length: 33
Data:
-1 -3 -5 -1 3 5 5 0 0 0 -4 -2 0 2 11 0 0 0 -6 -9 -6 2 3 1 0 0 -2 -7 -2 0 5 4 0 

0 0 0 -2 2 10 6 0 0 0 5 3 1 4 9 0 0 0 0 4 -3 9 9 0 0 0 0 8 0 2 8 1 0 

-3 -3 -6 -7 13 20 17 -5 -1 0 -6 -9 -4 13 16 10 -5 3 -6 -12 -11 -3 -7 -10 -7 2 6 9 -9 -4 -3 -5 -1 

-3 -3 -6 -7 13 20 17 -5 -1 0 -6 -9 -4 13 16 10 -5 3 -6 -12 -11 -3 -7 -10 -7 2 6 9 -9 -4 -3 -5 -1 

0 0 0 0 0 0 0 0 0 0 0 0 0 0 0 0 0 0 0 0 0 0 0 0 0 0 0 0 0 0 0 0 0 

0 0 1 0 0 -8 0 0 0 0 0 6 0 0 -10 0 -3 0 0 9 6 0 -13 0 -1 3 0 8 0 0 0 -13 0 

Detected: horizontal_circle
Channels: 6
Length: 11
Data:
0 0 0 0 0 0 0 0 0 0 0 

0 0 0 0 0 0 0 0 0 0 0 

-1 -1 -1 0 0 0 1 1 0 0 -10 

-1 -1 -1 0 0 0 1 1 0 0 -10 

0 0 0 0 0 0 0 0 0 0 0 

0 0 0 0 0 0 0 0 0 0 0 

Detected: swipe_left
Channels: 6
Length: 3
Data:
-3 -3 -4 

0 0 0 

0 0 0 

0 0 0 

0 0 0 

0 0 0 

Detected: swipe_left
Channels: 6
Length: 5
Data:
-1 -4 -3 0 0 

0 -1 0 0 0 

-2 -4 -5 -2 -1 

-2 -4 -5 -2 -1 

0 0 0 0 0 

0 0 0 0 0 

Keypress: P

Detected: swipe_left
Channels: 6
Length: 6
Data:
0 0 0 0 0 0 

0 0 0 0 0 -2 

1 2 1 -1 -1 0 

1 2 1 -1 -1 0 

0 0 0 0 0 0 

0 0 0 0 0 0 

Keypress: P

Keypress: P

Detected: swipe_left
Channels: 6
Length: 10
Data:
0 0 -2 -3 0 0 0 1 1 0 

0 0 0 0 0 0 0 -1 -4 -3 

1 1 -1 -2 0 1 3 3 -1 -1 

1 1 -1 -2 0 1 3 3 -1 -1 

0 0 0 0 0 0 0 0 0 0 

0 0 0 0 0 0 0 -8 0 0 

Detected: swipe_left
Channels: 6
Length: 3
Data:
0 0 -1 

0 0 0 

-3 -2 0 

-3 -2 0 

0 0 0 

0 0 0 

Detected: swipe_left
Channels: 6
Length: 9
Data:
0 0 0 0 0 0 0 0 0 

0 0 0 0 0 0 0 0 0 

4 0 0 1 0 0 -1 -1 -1 

4 0 0 1 0 0 -1 -1 -1 

0 0 0 0 0 0 0 0 0 

0 0 0 0 0 0 0 0 0 

Detected: swipe_left
Channels: 6
Length: 3
Data:
0 0 0 

0 0 0 

1 1 1 

1 1 1 

0 0 0 

0 0 0 

Detected: swipe_right
Channels: 6
Length: 22
Data:
0 1 -2 -6 0 0 0 1 1 -1 2 4 2 0 0 1 0 -1 0 2 3 1 

0 2 5 3 0 0 0 -2 -3 -1 3 6 5 0 -2 -1 -2 -2 0 3 11 8 

1 5 8 7 -3 0 0 -4 -5 -4 -3 -2 -5 -3 -2 -3 -4 -5 -4 4 14 13 

1 5 8 7 -3 0 0 -4 -5 -4 -3 -2 -5 -3 -2 -3 -4 -5 -4 4 14 13 

0 0 -1 -5 0 0 2 0 0 0 0 0 -7 0 0 2 0 0 0 0 -7 -6 

0 0 2 0 0 0 0 0 0 0 0 0 -2 0 0 0 0 0 0 0 0 0 

Detected: tap_down
Channels: 6
Length: 22
Data:
0 1 0 0 0 0 0 -1 -1 -4 0 0 2 2 0 -2 0 0 3 0 -1 -1 

-2 -2 -6 -2 0 0 3 5 4 2 0 0 0 -4 -5 -4 0 0 3 6 4 1 

-2 -4 -4 -3 -2 1 4 9 14 5 -2 0 0 -6 -7 -5 -3 2 4 8 8 0 

-2 -4 -4 -3 -2 1 4 9 14 5 -2 0 0 -6 -7 -5 -3 2 4 8 8 0 

0 0 0 0 0 0 0 0 -6 0 0 0 0 0 1 0 0 0 0 0 -4 -1 

0 0 0 0 0 0 0 0 0 0 0 0 0 0 0 0 0 0 0 0 0 0 

Detected: swipe_left
Channels: 6
Length: 7
Data:
0 0 0 0 0 -4 -2 

0 0 0 0 0 0 0 

0 0 0 0 0 -6 0 

0 0 0 0 0 -6 0 

-1 0 0 0 0 0 0 

0 0 0 0 0 0 0 

Detected: swipe_left
Channels: 6
Length: 5
Data:
0 0 0 0 0 

0 0 0 0 0 

-3 -1 0 0 1 

-3 -1 0 0 1 

0 0 0 0 0 

0 0 0 0 0 

Detected: swipe_right
Channels: 6
Length: 34
Data:
0 0 -1 -3 0 1 0 0 0 0 0 -3 -2 0 0 0 0 0 0 0 -1 0 0 0 0 0 1 0 0 0 0 1 0 -1 

1 3 3 0 0 0 1 0 0 1 3 1 0 0 -1 0 -2 0 0 3 3 1 1 0 0 0 -1 0 0 0 2 5 2 0 

3 5 5 2 0 0 1 2 0 3 4 9 1 -2 -2 -3 -5 -2 -4 4 7 4 -3 0 0 0 -4 -4 -1 0 4 13 6 -2 

3 5 5 2 0 0 1 2 0 3 4 9 1 -2 -2 -3 -5 -2 -4 4 7 4 -3 0 0 0 -4 -4 -1 0 4 13 6 -2 

0 -1 -4 0 0 0 2 0 0 0 0 -1 0 0 0 2 1 0 0 0 0 -2 0 0 0 1 1 0 0 0 0 0 -3 -1 

0 0 0 0 0 0 0 0 0 0 0 0 0 0 0 0 0 0 0 0 0 0 0 0 0 0 0 0 0 0 0 0 0 0 

Detected: tap_back
Channels: 6
Length: 22
Data:
1 -4 -3 -1 -3 -2 2 1 2 -2 0 1 3 3 2 3 -3 0 0 0 1 0 

-8 -8 -2 6 6 -1 -5 -3 5 5 2 0 -5 -3 2 6 3 0 0 0 0 0 

-8 -12 -12 -1 -1 -5 -4 -5 -2 -5 3 -1 -7 -8 -3 -2 -2 -1 0 0 1 1 

-8 -12 -12 -1 -1 -5 -4 -5 -2 -5 3 -1 -7 -8 -3 -2 -2 -1 0 0 1 1 

5 4 0 0 -3 0 3 0 0 0 0 0 5 0 0 0 -4 0 0 0 0 0 

0 0 0 0 0 0 0 0 0 0 0 0 0 0 0 0 0 0 0 0 0 0 

Detected: tap_down
Channels: 6
Length: 20
Data:
0 1 4 0 0 2 2 0 0 5 6 -1 0 0 0 -2 -3 4 5 0 

0 5 5 5 0 -2 -4 -3 2 7 7 4 0 2 -3 -3 -1 6 6 0 

1 5 9 10 -2 -5 -6 -9 -2 11 13 7 1 1 1 1 2 9 12 4 

1 5 9 10 -2 -5 -6 -9 -2 11 13 7 1 1 1 1 2 9 12 4 

0 0 0 0 0 2 4 0 0 0 0 -2 0 2 0 0 0 0 0 0 

0 0 0 0 0 0 0 0 0 0 0 0 0 0 0 0 0 0 0 0 

Detected: tap_down
Channels: 6
Length: 31
Data:
0 0 0 0 0 0 2 0 0 0 0 5 1 4 4 -1 -1 0 1 -2 4 3 -3 -4 0 0 2 -2 7 0 0 

0 0 0 0 0 1 4 5 2 0 0 -4 -3 4 10 2 0 -4 -2 -2 5 6 3 0 0 -4 -2 -2 7 4 0 

-2 -2 -1 -2 -1 2 11 14 -5 0 0 -7 -9 -3 -4 -4 -2 -4 -6 -6 -2 -6 -8 0 0 6 4 4 12 9 -4 

-2 -2 -1 -2 -1 2 11 14 -5 0 0 -7 -9 -3 -4 -4 -2 -4 -6 -6 -2 -6 -8 0 0 6 4 4 12 9 -4 

0 0 0 0 0 0 0 0 0 0 0 0 0 0 0 -3 0 4 0 0 0 0 -4 0 0 5 0 0 0 0 0 

0 0 0 0 0 0 0 0 0 0 0 0 0 0 0 0 0 0 0 0 0 0 0 0 0 0 0 0 0 0 0 

Detected: swipe_left
Channels: 6
Length: 5
Data:
0 0 0 0 0 

-3 -3 -4 -1 -2 

-2 -4 -6 -4 -3 

-2 -4 -6 -4 -3 

0 0 0 0 0 

0 0 0 0 0 

Keypress: OemPeriod

Detected: swipe_left
Channels: 6
Length: 5
Data:
0 0 0 0 0 

0 0 0 0 1 

2 0 0 0 0 

2 0 0 0 0 

0 0 0 0 0 

0 0 0 0 0 

Keypress: OemPeriod

Detected: swipe_left
Channels: 6
Length: 6
Data:
0 0 0 0 0 0 

0 0 0 0 0 0 

3 1 0 0 0 1 

3 1 0 0 0 1 

0 0 0 0 0 0 

0 0 0 0 0 0 

Detected: swipe_right
Channels: 6
Length: 22
Data:
0 0 3 -6 -7 0 2 4 2 9 -6 0 4 0 -4 -1 6 0 0 0 0 0 

1 2 4 5 4 0 -3 -3 3 7 4 0 -2 -2 -3 3 4 4 0 0 0 0 

2 4 9 9 -5 3 2 6 7 16 9 -8 0 -6 -6 -4 -5 -6 0 0 0 1 

2 4 9 9 -5 3 2 6 7 16 9 -8 0 -6 -6 -4 -5 -6 0 0 0 1 

0 0 -3 0 0 0 0 0 0 3 0 0 0 0 0 0 0 0 0 0 0 0 

0 0 3 0 0 0 0 -3 0 0 0 0 0 0 0 0 0 0 0 0 0 0 

Detected: tap_down
Channels: 6
Length: 23
Data:
0 0 0 0 1 -2 -3 0 1 2 3 0 0 1 -2 -5 -6 0 3 2 2 -2 0 

0 -3 -3 1 4 5 5 0 6 -5 -7 -4 0 4 6 6 0 0 0 -4 -4 -4 0 

1 2 -9 1 10 7 6 -1 0 -5 -11 -7 -1 5 12 10 -5 -2 5 3 2 1 -3 

1 2 -9 1 10 7 6 -1 0 -5 -11 -7 -1 5 12 10 -5 -2 5 3 2 1 -3 

0 0 0 0 0 -1 -2 0 0 1 1 1 0 0 -3 -5 0 0 0 1 4 0 0 

0 0 0 0 0 0 0 0 0 0 0 0 0 0 0 0 0 0 0 0 0 0 0 

Detected: swipe_left
Channels: 6
Length: 19
Data:
0 0 0 0 0 0 0 -3 0 2 0 -1 0 0 0 0 0 0 0 

2 3 0 0 -3 0 4 5 -1 -2 0 1 0 0 0 0 0 0 0 

2 6 0 -2 -11 -5 4 5 1 -1 -1 -1 1 0 0 0 0 1 1 

2 6 0 -2 -11 -5 4 5 1 -1 -1 -1 1 0 0 0 0 1 1 

0 0 0 0 0 0 0 -2 0 1 0 0 0 0 0 0 0 0 0 

0 0 0 0 0 0 0 0 0 0 0 0 0 0 0 0 0 0 0 

Detected: swipe_left
Channels: 6
Length: 5
Data:
0 0 0 0 0 

0 0 0 0 0 

1 0 0 0 1 

1 0 0 0 1 

0 0 0 0 0 

0 0 0 0 0 

Detected: swipe_left
Channels: 6
Length: 24
Data:
1 1 0 0 3 3 2 1 1 0 0 0 1 0 0 0 0 0 0 -1 -1 -2 0 0 

0 0 0 0 0 0 0 0 0 0 0 0 0 0 0 0 0 0 -4 -6 -6 -4 -2 -1 

0 0 0 0 0 0 4 2 2 0 0 0 0 0 0 0 0 0 -1 -7 -8 -6 -4 -1 

0 0 0 0 0 0 4 2 2 0 0 0 0 0 0 0 0 0 -1 -7 -8 -6 -4 -1 

0 0 0 0 0 0 0 0 0 0 0 0 0 0 0 0 0 1 3 0 0 0 0 0 

0 0 0 0 0 0 0 0 0 0 0 0 0 0 0 0 0 0 0 0 0 0 0 0 

Detected: swipe_left
Channels: 6
Length: 28
Data:
0 0 0 0 0 1 2 1 0 0 0 -7 0 0 -1 -2 -1 1 -1 -1 0 0 0 0 0 0 0 0 

0 1 1 2 2 2 5 5 3 0 0 0 0 0 0 0 0 -2 -3 -1 0 0 0 1 2 1 1 0 

1 1 2 3 4 4 6 6 5 0 0 0 -1 0 0 0 0 2 2 -8 -3 -3 0 1 2 2 2 -1 

1 1 2 3 4 4 6 6 5 0 0 0 -1 0 0 0 0 2 2 -8 -3 -3 0 1 2 2 2 -1 

0 0 0 0 0 0 0 0 0 -2 0 0 0 0 0 0 0 3 1 1 0 0 0 0 0 0 0 0 

0 0 0 0 0 0 0 0 0 0 0 0 0 0 0 0 0 0 0 0 0 0 0 0 0 0 0 0 

Detected: swipe_right
Channels: 6
Length: 28
Data:
0 2 4 1 -4 0 -3 -2 3 6 7 -5 -5 -6 -1 10 8 -2 -2 -2 0 0 0 0 0 0 -1 -1 

1 4 9 6 0 -7 -5 -4 5 7 8 -5 -6 -4 3 8 9 4 -4 -2 0 0 1 2 3 4 1 0 

2 6 11 11 1 1 1 -11 -3 12 12 1 -9 -8 -4 -2 13 6 2 -4 -4 -1 2 3 3 3 2 -1 

2 6 11 11 1 1 1 -11 -3 12 12 1 -9 -8 -4 -2 13 6 2 -4 -4 -1 2 3 3 3 2 -1 

0 0 0 -4 0 1 0 0 0 0 -3 0 0 0 0 -1 0 -2 0 0 0 0 0 0 0 0 0 0 

0 0 0 2 0 0 0 0 0 0 0 -2 0 0 0 0 0 -2 0 0 0 0 0 0 0 0 0 0 

Detected: swipe_left
Channels: 6
Length: 10
Data:
0 0 0 0 0 0 0 0 0 0 

0 0 0 0 0 0 0 0 0 0 

1 0 1 0 0 0 -1 0 0 -2 

1 0 1 0 0 0 -1 0 0 -2 

0 0 0 0 0 0 0 0 0 0 

0 0 0 0 0 0 0 0 0 0 

Detected: swipe_left
Channels: 6
Length: 7
Data:
0 0 0 0 0 0 0 

0 0 0 0 0 0 0 

7 8 8 0 0 -1 -1 

7 8 8 0 0 -1 -1 

0 0 0 0 0 0 0 

0 0 0 0 0 0 0 

Detected: tap_down
Channels: 6
Length: 22
Data:
0 0 0 0 1 1 1 0 0 5 1 -1 3 -3 0 8 -3 -2 0 0 0 0 

0 0 0 0 0 0 -4 0 4 14 11 -2 -9 -9 0 11 -1 -6 -1 3 2 0 

2 1 0 0 1 2 1 -8 -7 -4 -6 -3 -5 -11 -6 -1 -4 -6 -5 4 3 1 

2 1 0 0 1 2 1 -8 -7 -4 -6 -3 -5 -11 -6 -1 -4 -6 -5 4 3 1 

0 0 0 0 0 0 4 0 0 -7 -7 0 0 0 0 0 0 0 0 0 0 0 

0 0 0 0 0 0 0 0 0 0 0 0 0 0 0 0 0 0 0 0 0 0 

Detected: swipe_left
Channels: 6
Length: 3
Data:
0 0 0 

0 0 0 

-3 0 -1 

-3 0 -1 

0 0 0 

0 0 0 

Detected: x
Channels: 6
Length: 30
Data:
0 0 2 -1 0 0 0 0 0 0 0 0 0 0 0 0 0 -3 0 0 0 0 0 0 9 6 0 -1 -8 -7 

0 0 0 -4 -6 -5 -3 -2 0 0 0 0 1 2 2 2 5 8 0 0 0 0 0 0 -9 -8 0 0 20 5 

1 0 2 1 2 -5 -4 -3 -2 3 1 2 2 1 1 2 7 8 4 -10 0 0 5 1 5 3 -11 -3 -12 -12 

1 0 2 1 2 -5 -4 -3 -2 3 1 2 2 1 1 2 7 8 4 -10 0 0 5 1 5 3 -11 -3 -12 -12 

0 0 0 0 3 0 0 0 0 0 0 0 0 0 0 0 -1 -8 0 0 0 0 0 0 6 8 0 0 -20 -12 

0 0 0 0 0 0 0 0 0 0 0 0 0 0 0 0 0 0 0 0 0 0 0 0 0 0 0 0 -1 0 

Detected: swipe_left
Channels: 6
Length: 6
Data:
0 0 0 0 0 0 

0 0 0 0 0 0 

-1 -1 -1 -2 -1 -1 

-1 -1 -1 -2 -1 -1 

0 0 0 0 0 0 

0 0 0 0 0 0 

Detected: swipe_right
Channels: 6
Length: 18
Data:
0 0 0 -8 0 0 0 0 5 8 5 -1 0 0 0 -4 0 0 

1 2 11 11 0 0 0 0 0 -7 -9 -7 0 0 16 0 0 0 

1 5 9 13 0 0 0 0 1 6 6 2 -4 0 20 14 -1 -1 

1 5 9 13 0 0 0 0 1 6 6 2 -4 0 20 14 -1 -1 

0 0 -6 -11 0 0 0 0 0 0 4 0 0 0 -12 -10 0 0 

0 0 0 0 0 0 0 0 0 0 0 0 0 0 0 0 0 0 

Detected: swipe_right
Channels: 6
Length: 17
Data:
0 0 0 0 -8 -8 -5 0 3 2 2 0 0 -1 7 0 0 

1 0 0 7 7 1 0 0 0 -1 -4 -5 0 0 0 18 0 

0 0 5 14 13 4 -2 0 3 6 -6 -8 -7 -1 20 19 -1 

0 0 5 14 13 4 -2 0 3 6 -6 -8 -7 -1 20 19 -1 

0 0 0 0 0 0 0 0 0 0 0 0 0 0 0 -11 0 

0 0 0 0 0 0 0 0 0 0 0 0 0 0 0 0 0 

Detected: swipe_left
Channels: 6
Length: 3
Data:
0 0 0 

0 0 0 

-1 -2 -2 

-1 -2 -2 

0 0 0 

0 0 0 

Detected: swipe_left
Channels: 6
Length: 14
Data:
0 0 1 -2 -3 0 0 0 0 0 0 0 0 0 

3 0 -4 -8 -7 -5 -1 0 0 0 0 0 0 0 

4 0 -6 -7 -6 -4 -5 -2 0 1 1 1 1 1 

4 0 -6 -7 -6 -4 -5 -2 0 1 1 1 1 1 

0 0 0 0 0 0 0 0 0 0 0 0 0 0 

0 0 0 0 0 0 0 0 0 0 0 0 0 0 

Detected: x
Channels: 6
Length: 27
Data:
0 -4 -7 -1 2 3 4 0 0 3 -1 0 0 0 2 -1 0 0 7 0 0 0 0 0 0 0 0 

2 9 13 0 0 -5 -9 -7 9 16 9 0 0 -4 -5 -6 -3 3 10 11 0 0 0 0 0 0 0 

3 15 18 6 1 3 4 -9 -1 -4 17 0 0 -5 -11 -10 -10 14 20 10 0 0 0 0 1 1 1 

3 15 18 6 1 3 4 -9 -1 -4 17 0 0 -5 -11 -10 -10 14 20 10 0 0 0 0 1 1 1 

0 -10 -13 0 0 4 -1 0 0 -7 0 0 0 3 2 0 0 0 -8 -4 0 0 0 0 0 0 0 

0 0 0 0 0 0 0 0 0 0 0 0 0 0 0 0 0 0 0 0 0 0 0 0 0 0 0 

Detected: swipe_left
Channels: 6
Length: 4
Data:
-1 0 -1 -1 

0 -1 -1 -1 

-4 -4 -3 -2 

-4 -4 -3 -2 

0 0 0 0 

0 0 0 0 

Detected: swipe_right
Channels: 6
Length: 15
Data:
0 1 8 -13 0 6 3 -1 0 0 0 -2 -4 0 0 

0 1 16 9 0 -3 -6 -11 -5 0 0 16 8 0 0 

3 13 20 15 1 1 3 3 -16 0 16 20 15 -2 -1 

3 13 20 15 1 1 3 3 -16 0 16 20 15 -2 -1 

0 0 -13 -9 0 4 0 0 0 0 0 -12 -7 0 0 

0 0 0 0 0 0 0 0 0 0 0 0 0 0 0 

Detected: tap_down
Channels: 6
Length: 21
Data:
0 3 -2 -4 0 0 0 7 2 -2 0 0 5 7 -7 0 0 0 8 4 -1 

0 -3 -5 -6 -5 -2 9 11 10 1 0 0 -2 -8 -5 -2 0 8 11 11 2 

0 -3 -10 -11 -11 -5 10 16 17 1 0 2 6 5 -13 -9 -3 14 19 16 -5 

0 -3 -10 -11 -11 -5 10 16 17 1 0 2 6 5 -13 -9 -3 14 19 16 -5 

1 2 3 3 0 0 0 0 -11 0 0 0 0 4 3 0 0 0 0 -7 -6 

0 0 0 0 0 0 0 0 0 0 0 0 0 0 0 0 0 0 0 0 0 

Detected: swipe_left
Channels: 6
Length: 6
Data:
0 0 0 0 0 0 

-1 0 -1 0 0 0 

-1 -2 -2 -1 2 2 

-1 -2 -2 -1 2 2 

0 0 0 0 0 0 

0 0 0 0 0 0 

Detected: swipe_left
Channels: 6
Length: 14
Data:
0 0 0 0 0 0 0 0 0 0 -2 -1 0 0 

0 2 0 0 0 0 0 0 -1 -3 -3 -1 -1 0 

1 1 0 0 1 0 0 0 -3 -5 -5 -5 -4 -2 

1 1 0 0 1 0 0 0 -3 -5 -5 -5 -4 -2 

0 0 0 0 0 0 0 0 2 3 0 0 0 0 

0 0 0 0 0 0 0 0 0 0 0 0 0 0 

Keypress: OemPeriod

Keypress: OemPeriod

Detected: swipe_left
Channels: 6
Length: 8
Data:
0 0 0 0 0 0 0 0 

0 0 0 0 0 0 0 1 

1 1 1 1 0 0 0 -3 

1 1 1 1 0 0 0 -3 

0 0 0 0 0 0 0 0 

0 0 0 0 0 0 0 0 

Detected: swipe_right
Channels: 6
Length: 14
Data:
0 4 5 1 0 2 5 1 0 0 0 -1 -5 -3 

1 8 12 7 0 -1 -8 -7 -10 0 6 17 17 0 

2 9 12 8 0 0 -10 -12 -17 -5 12 20 20 1 

2 9 12 8 0 0 -10 -12 -17 -5 12 20 20 1 

0 0 -9 -5 0 0 0 2 0 0 0 0 -6 0 

0 0 0 0 0 0 0 0 0 0 0 0 0 0 

Detected: swipe_left
Channels: 6
Length: 7
Data:
0 -1 -2 -3 0 0 0 

0 -4 -6 -6 -3 0 0 

-1 -5 -6 -6 -5 0 -1 

-1 -5 -6 -6 -5 0 -1 

0 0 3 0 0 0 0 

0 0 0 0 0 0 0 

Detected: swipe_right
Channels: 6
Length: 13
Data:
0 0 -1 -8 0 4 4 -2 0 0 2 -7 0 

1 9 18 19 0 -3 -10 -9 0 13 17 12 0 

4 18 20 16 1 5 4 1 2 20 20 10 -2 

4 18 20 16 1 5 4 1 2 20 20 10 -2 

0 0 -9 -8 0 0 3 0 0 0 -13 -11 0 

0 0 0 0 0 0 0 0 0 0 0 0 0 

Detected: tap_down
Channels: 6
Length: 17
Data:
1 1 1 -4 0 0 -3 -8 0 1 6 6 -1 0 0 -6 -5 

0 0 -9 -5 1 11 18 11 0 0 0 -11 -10 0 11 12 12 

-4 -5 -12 -13 -8 13 19 13 0 1 4 2 -15 -8 19 17 13 

-4 -5 -12 -13 -8 13 19 13 0 1 4 2 -15 -8 19 17 13 

0 0 0 0 0 0 0 0 0 0 0 0 0 0 0 0 -3 

0 -1 -1 0 0 0 0 0 0 0 0 -1 0 0 0 0 -1 

Detected: x
Channels: 6
Length: 22
Data:
0 2 1 0 -4 -11 -4 4 9 3 0 1 3 0 2 3 -6 0 0 9 -7 0 

-1 -5 -7 -1 16 16 0 0 -9 -12 -8 12 16 1 1 -7 -12 0 11 15 12 0 

-5 -6 -8 -7 -4 -14 -5 5 7 8 6 19 20 -3 -6 -13 -16 -8 11 20 13 -1 

-5 -6 -8 -7 -4 -14 -5 5 7 8 6 19 20 -3 -6 -13 -16 -8 11 20 13 -1 

1 4 4 0 0 -11 0 0 6 0 0 0 -10 0 4 4 0 0 0 -12 -8 0 

0 0 0 0 0 0 0 0 0 0 0 0 0 0 0 0 0 0 0 0 0 0 

Detected: swipe_right
Channels: 6
Length: 7
Data:
0 -2 0 -4 -3 0 0 

0 -4 -6 -6 -5 -2 0 

-2 -4 -8 -7 -7 -5 -2 

-2 -4 -8 -7 -7 -5 -2 

0 3 3 0 0 0 0 

0 0 0 0 0 0 0 

Detected: swipe_front
Channels: 6
Length: 7
Data:
0 0 0 0 1 0 0 

0 0 7 5 5 2 1 

2 6 7 7 6 3 1 

2 6 7 7 6 3 1 

0 0 0 0 0 -1 0 

0 0 0 0 0 0 0 

Detected: swipe_left
Channels: 6
Length: 6
Data:
0 0 -1 -1 -1 0 

0 -2 -2 0 -2 0 

-1 -3 -4 -4 -3 -1 

-1 -3 -4 -4 -3 -1 

0 1 1 0 0 0 

0 0 0 0 0 0 

Detected: swipe_left
Channels: 6
Length: 9
Data:
0 0 0 0 0 0 0 0 0 

1 1 0 0 1 2 2 1 0 

2 2 0 1 2 2 2 2 1 

2 2 0 1 2 2 2 2 1 

0 0 0 0 0 0 0 0 0 

0 0 0 0 0 0 0 0 0 

Detected: x
Channels: 6
Length: 27
Data:
0 0 1 1 0 0 0 1 -2 0 5 4 0 0 0 0 0 -2 2 0 0 0 0 0 3 -7 -1 

0 -4 -6 -7 0 0 8 14 10 0 -1 -8 -9 0 0 11 11 5 -2 -7 -8 0 0 9 12 8 0 

-1 -5 -9 -8 -2 -1 8 17 10 0 -4 -10 -9 -6 9 19 18 3 1 -9 -11 -6 1 13 20 12 0 

-1 -5 -9 -8 -2 -1 8 17 10 0 -4 -10 -9 -6 9 19 18 3 1 -9 -11 -6 1 13 20 12 0 

0 1 1 0 0 0 0 -11 -10 0 6 5 0 0 0 0 0 0 0 0 0 0 0 0 0 -8 0 

0 0 0 0 0 0 0 0 0 0 0 0 0 0 0 0 0 0 0 0 0 0 0 0 0 0 0 

Detected: tap_back
Channels: 6
Length: 5
Data:
0 -10 -8 -4 -1 

-3 -4 -2 0 0 

-6 -12 -8 -3 -2 

-6 -12 -8 -3 -2 

0 0 0 0 0 

0 0 0 0 0 

Detected: swipe_left
Channels: 6
Length: 6
Data:
3 5 6 3 2 0 

0 1 4 1 0 0 

2 8 6 6 4 1 

2 8 6 6 4 1 

0 0 0 0 0 0 

0 0 0 0 0 0 

Detected: tap_down
Channels: 6
Length: 17
Data:
0 -4 0 0 0 5 6 1 0 4 3 0 0 0 8 8 -4 

-1 -9 -10 -1 4 17 16 7 0 -6 -9 -7 -2 0 16 15 0 

-4 -14 -15 -17 7 20 20 9 0 -8 -14 -15 -7 12 20 16 -4 

-4 -14 -15 -17 7 20 20 9 0 -8 -14 -15 -7 12 20 16 -4 

4 4 0 0 0 0 -12 -9 0 7 5 0 0 0 -11 -13 0 

0 0 0 0 0 0 0 0 0 0 0 0 0 0 0 0 0 

Detected: tap_up
Channels: 6
Length: 26
Data:
0 0 -2 -5 0 0 0 6 -4 0 0 -5 0 0 0 10 -11 -4 6 4 -3 0 0 0 7 -3 

0 -5 -6 -8 -7 2 10 19 5 -3 -9 -9 -5 0 10 17 12 -1 -5 -9 -9 -3 0 16 15 0 

0 -6 -11 -11 -12 -1 -1 -10 -4 -1 -12 -16 -16 -5 15 20 15 0 -7 -11 -13 -7 12 20 20 0 

0 -6 -11 -11 -12 -1 -1 -10 -4 -1 -12 -16 -16 -5 15 20 15 0 -7 -11 -13 -7 12 20 20 0 

1 3 0 0 0 0 0 -14 0 0 8 0 0 0 0 -11 -14 0 6 5 0 0 0 0 -9 0 

0 0 0 0 0 0 0 0 0 0 0 0 0 0 0 0 0 0 0 0 0 0 0 0 0 0 

Detected: swipe_left
Channels: 6
Length: 7
Data:
-1 -2 -2 -2 0 0 1 

-1 -2 -2 1 0 0 0 

-3 -4 -4 -2 3 3 0 

-3 -4 -4 -2 3 3 0 

0 0 0 0 0 0 0 

0 0 0 0 0 0 0 

Detected: swipe_left
Channels: 6
Length: 32
Data:
0 0 0 7 0 8 6 5 4 2 2 1 0 -2 -1 3 2 0 0 1 3 -1 -1 0 1 -1 0 0 0 0 0 0 

0 0 0 0 0 5 0 0 1 1 2 1 1 2 2 2 -4 -2 5 4 0 -1 4 1 0 1 2 0 1 1 0 0 

4 0 0 2 0 9 8 6 4 3 3 1 1 1 2 2 1 -2 4 3 2 -2 3 1 1 -1 4 -4 0 3 -1 -1 

4 0 0 2 0 9 8 6 4 3 3 1 1 1 2 2 1 -2 4 3 2 -2 3 1 1 -1 4 -4 0 3 -1 -1 

0 0 0 0 0 0 1 0 0 0 0 0 0 -2 -2 4 4 0 0 0 0 1 -1 0 3 0 0 0 0 0 0 0 

0 0 0 0 0 0 0 0 0 0 0 0 0 0 0 0 0 0 0 0 0 0 0 0 0 0 0 0 0 0 0 0 

Detected: scratchout
Channels: 6
Length: 29
Data:
-1 0 3 5 2 0 -5 -1 3 -2 -1 -1 2 2 0 -1 -2 2 2 0 0 -3 -1 3 2 0 -3 -3 -2 

0 0 0 0 -1 3 1 0 0 -3 3 4 0 2 -1 2 2 0 3 -3 3 3 1 0 3 1 2 2 0 

0 0 3 4 2 1 -4 0 3 1 1 0 1 2 -1 0 -1 2 2 -4 0 3 0 2 1 0 4 1 -1 

0 0 3 4 2 1 -4 0 3 1 1 0 1 2 -1 0 -1 2 2 -4 0 3 0 2 1 0 4 1 -1 

0 0 2 3 1 0 -4 0 3 0 0 -1 0 2 0 -1 -1 2 2 0 0 -4 -1 1 2 0 -3 -4 0 

0 0 0 0 0 0 0 0 0 0 0 0 0 0 0 0 0 0 0 0 0 0 0 0 0 0 0 0 0 

Detected: swipe_up
Channels: 6
Length: 13
Data:
-1 0 0 -2 -2 -3 -3 -3 -3 -7 -6 -3 -3 

0 0 -1 -1 0 0 -3 -2 0 0 0 0 0 

-2 -4 -5 -1 -1 -2 -2 -13 -3 -4 -9 -6 -2 

-2 -4 -5 -1 -1 -2 -2 -13 -3 -4 -9 -6 -2 

0 0 0 0 0 0 0 0 0 0 0 0 0 

0 0 0 0 0 0 0 0 0 0 0 0 0 

Detected: swipe_left
Channels: 6
Length: 4
Data:
0 0 0 0 

0 0 0 0 

1 0 13 2 

1 0 13 2 

0 0 0 0 

0 0 0 2 

Detected: swipe_left
Channels: 6
Length: 9
Data:
0 0 0 0 0 7 5 2 1 

0 0 0 0 -1 -3 -3 -2 0 

1 0 0 1 -1 -4 -4 -1 -1 

1 0 0 1 -1 -4 -4 -1 -1 

0 0 0 0 0 9 3 0 0 

0 0 0 0 0 0 0 0 0 

Detected: swipe_right
Channels: 6
Length: 18
Data:
0 0 0 0 -2 -2 0 0 0 -4 -1 -2 0 2 -3 -1 0 0 

0 4 5 2 1 -5 -4 0 13 8 -5 -6 -4 0 14 8 0 0 

1 5 4 3 2 -8 -4 0 15 8 -2 -8 -7 9 16 5 -1 -1 

1 5 4 3 2 -8 -4 0 15 8 -2 -8 -7 9 16 5 -1 -1 

0 0 -2 0 1 0 0 0 0 -7 0 3 0 0 -8 0 0 0 

0 0 0 0 0 0 0 0 0 0 0 0 0 0 0 0 0 0 

Detected: swipe_left
Channels: 6
Length: 5
Data:
0 0 -1 0 0 

0 -2 -3 -3 0 

-2 -3 -3 -3 -1 

-2 -3 -3 -3 -1 

0 0 0 0 0 

0 0 0 0 0 

Detected: x
Channels: 6
Length: 19
Data:
0 0 -9 -7 6 8 2 0 -6 -2 0 -6 0 0 0 0 0 0 0 

0 5 13 11 2 2 2 0 14 9 -6 -6 -5 15 10 0 0 0 0 

2 10 11 12 -8 -14 -12 0 18 9 -8 -10 -6 -8 -1 -3 -2 0 1 

2 10 11 12 -8 -14 -12 0 18 9 -8 -10 -6 -8 -1 -3 -2 0 1 

0 0 -10 0 0 7 0 0 -8 -5 0 0 0 -10 -6 0 0 0 0 

0 0 0 0 0 0 0 0 0 0 0 0 0 0 0 0 0 0 0 

Detected: swipe_right
Channels: 6
Length: 6
Data:
0 -6 -8 1 0 -2 

0 16 16 0 0 0 

2 16 18 -5 0 0 

2 16 18 -5 0 0 

0 -7 -12 0 0 0 

0 0 0 0 0 0 

Detected: swipe_left
Channels: 6
Length: 7
Data:
4 3 5 0 0 0 0 

0 0 0 0 0 0 0 

7 6 11 0 0 0 -2 

7 6 11 0 0 0 -2 

0 0 8 0 0 0 0 

0 0 0 0 0 0 0 

Detected: tap_right
Channels: 6
Length: 20
Data:
0 -9 0 -5 0 0 -3 -1 4 3 0 -4 -3 -1 3 0 -5 0 0 0 

11 12 -1 -6 -5 6 8 -1 -7 -9 1 15 9 -5 -6 -1 14 0 0 0 

12 11 2 2 1 5 9 4 7 3 14 17 14 2 5 13 16 6 -2 -1 

12 11 2 2 1 5 9 4 7 3 14 17 14 2 5 13 16 6 -2 -1 

0 -11 0 5 0 -3 -4 0 6 0 0 -10 -10 0 0 -1 -5 0 0 0 

0 0 0 0 0 0 0 0 0 0 0 0 0 0 0 0 0 0 0 0 

Detected: swipe_left
Channels: 6
Length: 6
Data:
-1 -1 -1 -1 0 0 

1 -3 -2 -2 0 0 

3 -5 -4 -2 -1 -1 

3 -5 -4 -2 -1 -1 

1 0 0 0 0 0 

0 0 0 0 0 0 

Detected: swipe_right
Channels: 6
Length: 11
Data:
0 -2 -2 0 0 0 0 0 -2 -5 0 

5 9 7 -1 -4 -5 -3 0 15 9 0 

5 11 7 -3 -6 -6 -5 2 13 12 1 

5 11 7 -3 -6 -6 -5 2 13 12 1 

0 0 -2 0 2 0 0 0 0 -8 0 

0 0 0 0 0 0 0 0 0 0 0 

Detected: swipe_left
Channels: 6
Length: 5
Data:
0 0 0 0 0 

0 -2 -4 -3 -1 

-1 -4 -5 -4 -1 

-1 -4 -5 -4 -1 

0 2 0 0 0 

0 0 0 0 0 

Detected: swipe_left
Channels: 6
Length: 4
Data:
0 0 0 0 

0 -3 -2 0 

-2 -3 -4 -2 

-2 -3 -4 -2 

0 0 0 0 

0 0 0 0 

Detected: swipe_right
Channels: 6
Length: 15
Data:
0 0 -6 -7 0 0 0 0 1 0 2 4 -1 0 0 

1 0 20 8 0 0 1 -7 -5 -3 7 16 11 -1 0 

3 10 19 15 0 0 -6 -9 -8 -3 13 17 5 -3 -2 

3 10 19 15 0 0 -6 -9 -8 -3 13 17 5 -3 -2 

0 0 -10 -5 0 1 1 0 0 0 0 -11 -6 0 0 

0 0 0 0 0 0 0 0 0 0 0 0 0 0 0 

Detected: swipe_left
Channels: 6
Length: 6
Data:
0 -1 0 0 0 0 

1 -2 -2 -1 0 0 

2 1 -4 -1 -1 -1 

2 1 -4 -1 -1 -1 

1 0 0 0 0 0 

0 0 0 0 0 0 

Detected: swipe_left
Channels: 6
Length: 8
Data:
0 0 0 0 0 0 0 0 

0 0 0 0 0 0 0 0 

-3 -3 -4 0 0 0 -1 -1 

-3 -3 -4 0 0 0 -1 -1 

0 0 0 0 0 0 0 0 

0 0 0 0 0 0 0 0 

Detected: swipe_left
Channels: 6
Length: 5
Data:
0 0 0 0 0 

0 0 0 0 0 

1 0 3 2 1 

1 0 3 2 1 

0 0 0 0 0 

0 0 0 0 0 

Detected: tap_down
Channels: 6
Length: 16
Data:
0 0 -2 -3 -3 0 0 0 -5 -2 -7 2 3 1 -1 -1 

0 12 11 5 4 -9 0 15 14 -3 -9 -7 13 14 -1 -3 

3 13 16 6 4 -9 -9 20 20 8 5 -16 18 20 3 1 

3 13 16 6 4 -9 -9 20 20 8 5 -16 18 20 3 1 

0 0 -1 0 0 0 0 0 -11 -2 5 0 -7 -9 0 0 

0 0 0 0 0 0 0 0 0 0 0 0 0 -4 0 0 

Detected: swipe_left
Channels: 6
Length: 4
Data:
0 0 0 -2 

0 0 0 0 

-3 0 0 0 

-3 0 0 0 

0 0 0 0 

0 0 0 0 

Detected: swipe_left
Channels: 6
Length: 5
Data:
0 0 0 0 0 

0 0 0 0 0 

-4 -4 0 0 1 

-4 -4 0 0 1 

0 0 0 0 0 

0 0 0 0 0 

Detected: swipe_left
Channels: 6
Length: 6
Data:
0 0 0 0 0 0 

-1 -1 0 0 0 0 

-1 -1 -1 -2 -2 -1 

-1 -1 -1 -2 -2 -1 

0 0 0 0 0 0 

0 0 0 0 0 0 

Detected: x
Channels: 6
Length: 28
Data:
0 0 0 -1 -1 1 2 0 0 0 0 -3 0 3 1 0 0 -10 -3 -1 -2 0 0 0 0 0 0 0 

0 9 11 1 -1 -3 -4 0 0 0 15 14 -3 -7 -5 -7 0 19 15 -5 -7 -7 -4 9 16 12 0 0 

3 13 14 4 -3 -5 -7 -6 -4 0 20 14 -5 -8 -10 -12 -4 20 15 -6 -8 -7 -7 7 20 10 -2 -2 

3 13 14 4 -3 -5 -7 -6 -4 0 20 14 -5 -8 -10 -12 -4 20 15 -6 -8 -7 -7 7 20 10 -2 -2 

0 0 -8 0 0 0 4 0 0 0 -12 -2 0 0 0 0 0 -14 -6 0 5 0 0 0 -10 -1 0 0 

0 0 0 0 0 0 0 0 0 0 0 0 0 0 0 0 0 0 0 0 0 0 0 0 0 0 0 0 

Detected: swipe_left
Channels: 6
Length: 7
Data:
-1 0 1 0 0 0 -1 

1 0 0 0 0 0 0 

1 0 0 0 0 0 0 

1 0 0 0 0 0 0 

-2 0 0 0 0 0 0 

0 0 0 0 0 0 0 

Detected: swipe_left
Channels: 6
Length: 9
Data:
1 0 3 3 2 0 0 0 0 

0 0 0 0 0 0 0 0 0 

0 2 2 0 2 0 0 0 -2 

0 2 2 0 2 0 0 0 -2 

0 0 0 0 0 0 0 0 0 

0 0 0 0 0 0 0 0 0 

Detected: swipe_right
Channels: 6
Length: 28
Data:
0 -10 -10 -1 -1 -3 0 0 0 -8 0 1 1 0 0 0 0 0 0 -3 0 0 0 0 -4 -1 0 0 

11 14 11 -4 -4 -3 -3 0 13 13 -1 -4 -6 -6 0 0 14 9 -3 -5 -4 -2 0 12 18 11 0 0 

14 15 11 1 -6 -6 -3 -1 14 17 3 -8 -9 -9 -7 9 17 4 -5 -7 -6 -4 1 5 20 11 -2 -1 

14 15 11 1 -6 -6 -3 -1 14 17 3 -8 -9 -9 -7 9 17 4 -5 -7 -6 -4 1 5 20 11 -2 -1 

0 -12 -5 0 1 0 0 0 0 -9 -2 0 0 0 0 0 0 0 0 0 0 0 0 0 -12 -3 0 0 

0 0 0 0 0 0 0 0 0 0 0 0 0 0 0 0 0 0 0 0 0 0 0 0 0 0 0 0 

Detected: swipe_left
Channels: 6
Length: 9
Data:
0 0 0 0 1 0 0 0 0 

0 0 0 0 0 0 -1 0 0 

1 0 0 0 1 -1 -2 -1 -2 

1 0 0 0 1 -1 -2 -1 -2 

0 0 0 0 0 0 0 0 0 

0 0 0 0 0 0 0 0 0 

Detected: swipe_left
Channels: 6
Length: 6
Data:
0 0 0 0 0 0 

0 0 0 0 0 0 

-1 -2 -2 -1 -1 -1 

-1 -2 -2 -1 -1 -1 

0 0 0 0 0 0 

0 0 0 0 0 0 

Detected: x
Channels: 6
Length: 26
Data:
0 0 -10 -3 0 0 -1 0 0 0 0 -8 -1 -1 -5 0 0 0 0 -2 -1 1 0 0 0 0 

0 13 14 0 -1 -3 -6 -6 0 0 14 15 -1 -4 -8 -6 0 0 15 15 0 -1 1 0 0 0 

3 14 17 5 -2 -8 -9 -9 -8 -1 15 20 2 1 3 -9 -8 -2 -2 -9 -6 -5 2 0 0 1 

3 14 17 5 -2 -8 -9 -9 -8 -1 15 20 2 1 3 -9 -8 -2 -2 -9 -6 -5 2 0 0 1 

0 0 -14 0 0 4 4 0 0 0 0 -13 -1 0 0 0 0 0 0 -12 0 1 0 0 0 0 

0 0 0 0 0 0 0 0 0 0 0 -2 0 0 0 0 0 0 0 0 0 0 0 0 0 0 

Detected: swipe_right
Channels: 6
Length: 12
Data:
0 0 0 0 0 0 0 1 6 0 1 -1 

0 0 0 0 0 0 3 8 17 0 0 -1 

1 1 0 0 0 1 3 11 18 0 0 -1 

1 1 0 0 0 1 3 11 18 0 0 -1 

0 0 0 0 0 0 0 0 0 0 0 0 

0 0 0 0 0 0 0 0 0 0 0 0 

Detected: swipe_left
Channels: 6
Length: 9
Data:
1 0 0 0 0 0 0 0 -1 

0 0 0 0 0 0 0 0 0 

0 0 0 0 2 7 -1 -2 -1 

0 0 0 0 2 7 -1 -2 -1 

0 0 0 0 0 0 0 0 0 

0 0 0 0 0 0 0 0 0 

Detected: swipe_right
Channels: 6
Length: 23
Data:
0 -11 -1 2 1 0 0 0 0 -2 0 -2 0 0 0 0 -6 0 0 0 0 0 0 

12 17 -1 -6 -9 -7 0 0 19 14 -5 -10 -10 0 0 0 18 0 -1 0 1 0 0 

14 20 8 6 5 -8 -3 14 20 17 1 3 2 -12 0 20 20 15 1 1 1 1 1 

14 20 8 6 5 -8 -3 14 20 17 1 3 2 -12 0 20 20 15 1 1 1 1 1 

0 -16 0 0 0 0 0 0 0 -6 -2 0 0 0 0 0 -20 -11 2 1 1 1 0 

0 0 0 0 0 0 0 0 0 0 0 0 0 0 0 0 0 0 0 0 0 0 0 

Detected: swipe_left
Channels: 6
Length: 4
Data:
0 0 0 0 

0 0 0 0 

-1 -2 -2 -2 

-1 -2 -2 -2 

0 0 0 0 

0 0 0 0 

Detected: swipe_right
Channels: 6
Length: 29
Data:
0 0 0 -10 -3 0 1 1 0 0 -5 -7 0 1 1 0 0 0 5 4 0 4 4 2 0 0 0 -6 0 

0 0 20 15 0 -3 -6 -9 0 0 17 10 0 -4 -10 -9 -9 0 20 13 0 0 -5 -9 0 0 15 15 0 

1 13 18 17 5 3 2 5 -9 -1 -10 -9 0 -8 -14 -16 -9 16 20 20 -1 -6 -12 -12 -4 11 18 20 -1 

1 13 18 17 5 3 2 5 -9 -1 -10 -9 0 -8 -14 -16 -9 16 20 20 -1 -6 -12 -12 -4 11 18 20 -1 

0 0 -11 -14 0 3 0 0 0 0 -12 -11 0 5 4 0 0 0 -14 -14 0 6 7 0 0 0 -10 -9 0 

0 0 0 0 0 0 0 0 0 0 0 0 0 0 0 0 0 0 0 0 0 0 0 0 0 0 0 0 0 

Detected: swipe_left
Channels: 6
Length: 14
Data:
0 0 0 0 0 0 0 0 0 0 0 0 0 0 

0 0 0 0 0 0 0 0 0 0 0 0 0 0 

-1 -4 -4 -1 0 0 0 0 1 0 0 0 0 1 

-1 -4 -4 -1 0 0 0 0 1 0 0 0 0 1 

0 0 0 0 0 0 0 0 0 0 0 0 0 0 

0 0 0 0 0 0 0 0 0 0 0 0 0 0 

Detected: x
Channels: 6
Length: 21
Data:
0 0 -12 0 0 0 -1 -7 0 0 0 -2 -1 -1 -2 0 0 0 0 -1 -1 

0 15 20 0 0 -3 -9 -8 -6 0 17 0 0 -6 -9 -8 0 0 19 0 0 

1 17 20 -6 2 -3 -10 -12 -5 0 20 9 0 -7 -11 -10 -11 -2 -9 -5 -4 

1 17 20 -6 2 -3 -10 -12 -5 0 20 9 0 -7 -11 -10 -11 -2 -9 -5 -4 

0 0 -13 0 0 0 0 0 0 0 0 0 0 2 0 0 0 0 -11 0 0 

0 0 -3 0 0 0 0 0 0 0 0 0 0 0 0 0 0 0 0 0 0 

Detected: swipe_left
Channels: 6
Length: 7
Data:
0 0 0 0 0 -2 -1 

0 0 1 0 0 0 0 

1 2 2 3 -4 -4 -1 

1 2 2 3 -4 -4 -1 

0 0 0 -2 0 0 0 

0 0 0 0 0 0 0 

Detected: swipe_up
Channels: 6
Length: 8
Data:
0 0 3 2 5 3 0 0 

0 0 0 0 3 0 -2 0 

-4 -6 -7 -10 -5 -2 -3 -1 

-4 -6 -7 -10 -5 -2 -3 -1 

0 0 3 3 1 0 0 0 

0 0 0 0 2 1 0 0 

Detected: x
Channels: 6
Length: 22
Data:
0 -7 -8 0 0 3 2 0 0 0 0 0 -8 -4 0 -3 -1 0 0 0 0 -3 

0 20 18 0 -2 -4 -7 -6 -6 0 0 16 20 3 -6 -9 -9 -7 0 0 20 20 

5 20 19 0 -1 -7 -8 -10 -6 -4 0 20 20 4 2 4 -11 -8 -4 4 20 20 

5 20 19 0 -1 -7 -8 -10 -6 -4 0 20 20 4 2 4 -11 -8 -4 4 20 20 

0 -14 0 0 0 2 3 0 0 0 0 0 -14 0 1 0 0 0 0 0 0 -10 

0 0 0 0 0 0 0 0 0 0 0 0 0 0 0 0 0 0 0 0 0 -3 

Detected: swipe_left
Channels: 6
Length: 10
Data:
0 0 -1 -3 -3 -2 -2 0 -1 -1 

0 1 0 0 0 -2 0 0 0 0 

1 3 10 8 -6 -4 -2 -3 -1 -1 

1 3 10 8 -6 -4 -2 -3 -1 -1 

0 -1 -1 0 0 0 0 0 0 0 

0 0 0 0 0 0 0 0 0 0 

Detected: swipe_left
Channels: 6
Length: 8
Data:
5 3 3 0 0 0 0 0 

0 4 3 3 2 0 0 0 

5 5 7 7 2 -1 -1 -3 

5 5 7 7 2 -1 -1 -3 

1 1 1 2 0 0 0 0 

0 0 0 0 0 0 0 0 

Detected: x
Channels: 6
Length: 28
Data:
0 0 -11 -3 3 4 1 0 -1 0 0 -3 1 -3 0 0 0 0 -1 -8 1 1 -3 -4 0 0 8 8 

1 17 17 0 -3 -7 -7 -6 -2 0 20 15 -5 -7 -10 0 0 5 19 16 -3 -8 -7 -7 0 3 18 20 

7 19 18 0 -4 -8 -9 -7 -8 20 20 16 1 4 -9 -8 -4 8 20 20 -5 -10 -10 -10 -8 5 20 20 

7 19 18 0 -4 -8 -9 -7 -8 20 20 16 1 4 -9 -8 -4 8 20 20 -5 -10 -10 -10 -8 5 20 20 

0 0 -10 0 0 0 4 0 0 0 0 -9 1 0 0 0 0 0 -15 -13 2 2 0 0 0 0 0 -16 

0 0 0 0 0 0 0 0 0 0 0 0 0 0 0 0 0 0 0 0 0 0 0 0 0 0 0 0 

Detected: swipe_left
Channels: 6
Length: 22
Data:
0 0 5 3 -1 -1 -1 0 -1 -1 -3 -2 -3 -3 -1 2 2 2 1 0 0 0 

0 1 2 0 -1 0 0 0 0 0 0 0 0 0 0 0 2 3 5 4 0 0 

2 4 12 9 5 -5 -2 -1 -1 -1 -1 -3 -3 -3 -3 -1 5 4 6 4 1 1 

2 4 12 9 5 -5 -2 -1 -1 -1 -1 -3 -3 -3 -3 -1 5 4 6 4 1 1 

0 -1 -3 0 0 0 0 0 0 0 0 0 0 1 1 0 0 0 1 0 0 0 

0 0 0 -1 0 0 0 0 0 0 0 0 0 0 0 0 0 0 0 0 0 0 

Detected: swipe_right
Channels: 6
Length: 23
Data:
0 0 -10 0 1 4 1 0 0 0 -3 -4 1 -2 -5 -5 0 0 0 12 -8 0 0 

0 18 18 0 -3 -8 -9 -7 0 0 18 0 -3 -8 -10 -7 -2 0 0 20 16 -1 0 

7 20 20 -2 -3 -10 -10 -9 -9 -1 -13 -14 -6 -11 -12 -12 -10 5 6 20 20 -4 -2 

7 20 20 -2 -3 -10 -10 -9 -9 -1 -13 -14 -6 -11 -12 -12 -10 5 6 20 20 -4 -2 

0 0 -15 0 0 4 0 0 0 0 -20 0 3 1 0 0 0 0 0 -20 -8 0 0 

0 0 0 0 0 0 0 0 0 0 0 0 0 0 0 0 0 0 0 0 0 0 0 

Detected: swipe_left
Channels: 6
Length: 8
Data:
0 0 0 0 0 0 0 0 

0 0 0 0 0 0 0 0 

2 0 2 0 0 0 0 -1 

2 0 2 0 0 0 0 -1 

0 0 0 0 0 0 0 0 

0 0 0 0 0 0 0 0 

Detected: x
Channels: 6
Length: 31
Data:
0 -6 -11 0 3 2 -4 -6 0 0 0 -3 0 0 -3 -5 -5 0 0 -3 -3 0 -3 -3 -10 -4 0 4 3 0 1 

0 20 18 0 -1 -6 -8 -6 -4 0 17 19 0 -4 -10 -9 -7 0 0 20 20 0 -9 -12 -11 0 0 20 18 0 0 

5 20 20 -1 -4 -9 -9 -10 -7 3 19 20 12 3 2 2 -14 -3 12 20 20 -4 -14 -15 -14 -8 -2 -3 -3 0 0 

5 20 20 -1 -4 -9 -9 -10 -7 3 19 20 12 3 2 2 -14 -3 12 20 20 -4 -14 -15 -14 -8 -2 -3 -3 0 0 

0 0 0 0 0 2 0 0 0 0 0 -16 0 4 2 0 0 0 0 -20 -20 0 4 0 0 0 0 0 -20 0 0 

0 0 0 0 0 0 0 0 0 0 0 0 0 0 0 0 0 0 0 0 0 0 0 0 0 0 0 0 0 0 0 

Detected: swipe_left
Channels: 6
Length: 7
Data:
1 2 -1 0 0 0 0 

0 -1 -2 -4 -6 -4 0 

1 2 2 -2 -5 -6 -2 

1 2 2 -2 -5 -6 -2 

0 0 0 0 0 0 0 

0 0 0 0 0 0 0 

Detected: swipe_left
Channels: 6
Length: 15
Data:
0 0 0 0 0 0 0 -2 -3 0 0 0 0 0 0 

1 0 0 0 0 4 3 2 0 0 0 0 0 0 3 

0 0 1 3 7 6 5 2 -1 -3 0 2 3 0 0 

0 0 1 3 7 6 5 2 -1 -3 0 2 3 0 0 

0 0 0 0 0 0 0 0 0 0 0 0 0 0 0 

0 0 0 0 0 0 0 0 0 0 0 0 0 0 0 

Keypress: NumPad1

Keypress: NumPad2

Keypress: NumPad3

Keypress: NumPad4

Detected: swipe_left
Channels: 6
Length: 10
Data:
-1 0 0 -1 0 0 -1 0 -1 -1 

0 0 0 0 0 0 0 0 0 0 

-1 0 0 -1 -1 -1 -1 0 0 0 

-1 0 0 -1 -1 -1 -1 0 0 0 

0 0 0 0 0 0 0 0 0 0 

0 0 0 0 0 0 0 0 0 0 

Keypress: NumPad5

Keypress: NumPad1

Keypress: NumPad3

Keypress: NumPad1

Keypress: NumPad2

Keypress: NumPad1

Keypress: NumPad2

Keypress: NumPad1

Keypress: NumPad2

Keypress: NumPad1

Keypress: NumPad1

Detected: swipe_left
Channels: 6
Length: 6
Data:
0 0 1 0 0 0 

1 0 0 0 0 0 

0 0 3 0 0 1 

0 0 3 0 0 1 

0 0 0 0 0 0 

0 0 0 0 0 0 

Keypress: NumPad2

Keypress: NumPad1

Keypress: NumPad2

Keypress: NumPad1

Detected: swipe_left
Channels: 6
Length: 8
Data:
0 0 0 0 0 1 0 0 

0 0 0 0 0 0 0 0 

3 0 0 0 0 3 0 2 

3 0 0 0 0 3 0 2 

0 0 0 0 0 0 0 0 

0 0 0 0 0 0 0 0 

Keypress: D1

Keypress: OemPlus

Keypress: D3

Keypress: OemPlus

Keypress: D2

Keypress: OemPlus

Keypress: D4

Keypress: OemPlus

Keypress: D5

Keypress: OemPlus

Keypress: D6

Keypress: OemPlus

Detected: swipe_left
Channels: 6
Length: 6
Data:
0 0 0 0 0 0 

0 0 1 0 0 0 

5 2 0 0 1 4 

5 2 0 0 1 4 

0 0 0 0 0 0 

2 0 0 0 0 0 

