Started MediaCenter at 1:28:48 PM
Detected: swipe_left
Channels: 6
Length: 3
Data:
0 0 0 

0 0 0 

1 5 1 

1 5 1 

0 0 0 

0 0 0 

Keypress: NumPad1

Detected: swipe_left
Channels: 6
Length: 3
Data:
0 0 0 

0 0 0 

3 2 1 

3 2 1 

0 0 0 

0 0 0 

Detected: swipe_right
Channels: 6
Length: 25
Data:
0 0 0 3 -2 -2 0 0 0 0 2 1 -4 -3 -1 0 0 0 0 0 4 0 0 -1 0 

0 0 11 11 0 0 0 -2 0 1 8 12 0 0 -3 0 0 -1 0 10 11 0 0 0 0 

1 8 15 12 -2 -2 -3 -2 1 3 4 12 7 -2 -3 -1 -3 -1 -1 11 12 4 -1 -2 -1 

1 8 15 12 -2 -2 -3 -2 1 3 4 12 7 -2 -3 -1 -3 -1 -1 11 12 4 -1 -2 -1 

0 0 0 -12 0 0 0 0 0 0 0 0 0 0 0 0 6 0 0 0 0 0 0 0 0 

0 0 0 0 0 0 0 0 0 0 0 0 0 0 0 0 0 0 0 0 0 0 0 0 0 

Detected: x
Channels: 6
Length: 30
Data:
0 -1 -1 -2 0 0 0 0 0 -7 -7 -1 0 -1 0 0 0 0 -3 -7 -6 -2 0 0 0 0 0 0 0 -1 

0 -2 -3 -3 -3 -1 0 0 19 9 0 0 0 -7 0 0 0 14 8 0 0 -5 -6 -3 0 0 15 13 0 0 

-1 -4 -5 -4 -4 -3 0 0 20 8 -5 -4 -3 -7 -6 -2 10 17 11 -7 -7 -6 -4 -3 0 10 16 0 -2 0 

-1 -4 -5 -4 -4 -3 0 0 20 8 -5 -4 -3 -7 -6 -2 10 17 11 -7 -7 -6 -4 -3 0 10 16 0 -2 0 

0 0 0 1 0 0 0 0 0 0 0 0 0 8 0 0 0 0 -12 0 0 0 6 0 0 0 0 0 -3 0 

0 0 0 0 0 0 0 0 0 0 0 0 0 0 0 0 0 0 0 0 0 0 0 0 0 0 0 0 0 0 

Detected: swipe_up
Channels: 6
Length: 10
Data:
1 1 2 1 0 0 0 0 0 0 

0 0 -1 0 0 0 0 0 0 0 

0 0 0 0 -11 -14 -14 -4 -3 -2 

0 0 0 0 -11 -14 -14 -4 -3 -2 

0 0 0 0 0 0 0 0 0 0 

0 0 0 0 0 0 0 0 0 0 

Detected: x
Channels: 6
Length: 35
Data:
0 0 0 0 0 0 0 0 0 0 0 -2 -4 -4 -2 -2 0 0 0 0 0 -2 -4 -3 -1 0 0 0 0 0 0 0 -3 -4 -2 

0 0 0 0 0 0 0 0 0 0 14 10 0 0 -4 -5 -4 0 0 0 12 9 0 0 -3 -2 -2 -2 0 0 0 10 5 0 0 

2 2 1 1 0 0 0 1 5 0 20 16 -2 -3 -5 -6 -5 -2 4 9 12 8 -2 -3 -3 -3 -1 -2 0 4 10 11 8 -1 -1 

2 2 1 1 0 0 0 1 5 0 20 16 -2 -3 -5 -6 -5 -2 4 9 12 8 -2 -3 -3 -3 -1 -2 0 4 10 11 8 -1 -1 

0 0 0 0 0 0 0 0 0 0 0 -10 -8 0 0 1 0 0 0 0 0 -6 0 0 0 0 5 3 0 0 0 0 0 0 0 

0 0 0 0 0 0 0 0 0 0 0 0 0 0 0 0 0 0 0 0 0 0 0 0 0 0 0 0 0 0 0 0 0 0 0 

Detected: swipe_up
Channels: 6
Length: 4
Data:
-4 -12 -18 -20 

0 0 0 0 

-5 -9 -15 -20 

-5 -9 -15 -20 

-2 -5 0 0 

0 0 0 0 

Detected: swipe_left
Channels: 6
Length: 8
Data:
7 6 0 0 2 0 0 0 

0 0 0 1 0 0 0 0 

0 0 5 4 2 2 1 1 

0 0 5 4 2 2 1 1 

0 0 0 0 0 0 0 0 

0 0 0 0 0 0 0 0 

Detected: swipe_right
Channels: 6
Length: 43
Data:
1 2 1 0 0 0 0 0 0 0 0 0 0 0 0 -2 -11 -6 -4 -2 0 0 0 0 0 0 0 -5 -3 -1 -1 -1 -1 0 0 0 0 -2 -2 -2 -1 0 0 

0 1 0 0 0 0 0 -1 -1 0 0 0 0 4 0 10 3 0 -5 -3 -3 0 0 0 0 10 8 0 0 0 -4 -4 -4 0 0 0 12 12 1 0 -1 -1 0 

0 3 1 0 1 0 0 0 -2 -2 -2 -2 0 6 11 15 1 -7 -6 -5 -2 0 1 2 3 12 11 3 -2 -3 -4 -4 -3 -1 1 6 13 13 2 -2 -2 -1 -1 

0 3 1 0 1 0 0 0 -2 -2 -2 -2 0 6 11 15 1 -7 -6 -5 -2 0 1 2 3 12 11 3 -2 -3 -4 -4 -3 -1 1 6 13 13 2 -2 -2 -1 -1 

0 0 0 0 0 0 0 0 0 0 0 0 0 0 0 0 -12 0 0 3 0 0 0 0 0 0 -8 -8 0 0 0 1 0 0 0 0 0 -6 -6 0 0 0 0 

0 0 0 0 0 0 0 0 0 0 0 0 0 0 0 0 0 0 0 0 0 0 0 0 0 0 0 0 0 0 0 0 0 0 0 0 0 0 0 0 0 0 0 

Detected: swipe_right
Channels: 6
Length: 41
Data:
0 0 0 0 0 0 0 0 0 0 0 0 0 0 0 0 0 0 -4 -5 -3 -1 0 0 0 0 0 0 -5 -4 -1 0 -1 0 0 0 0 0 0 0 -4 

0 1 0 0 0 -2 -2 -2 -2 0 0 0 0 0 0 9 14 20 10 0 -4 -4 -3 -1 0 0 0 15 5 0 0 -4 -5 -5 -4 -3 0 0 15 13 0 

1 1 0 0 -1 -3 -3 -3 -3 0 0 -1 -2 -1 0 7 17 20 12 -3 -3 -5 -4 -2 0 5 12 13 4 -2 -3 -4 -3 -6 -5 -3 0 8 14 8 1 

1 1 0 0 -1 -3 -3 -3 -3 0 0 -1 -2 -1 0 7 17 20 12 -3 -3 -5 -4 -2 0 5 12 13 4 -2 -3 -4 -3 -6 -5 -3 0 8 14 8 1 

0 0 0 0 0 0 0 0 0 0 0 0 0 0 0 0 0 0 -11 0 1 3 0 0 0 0 0 0 -8 0 0 0 2 0 0 0 0 0 0 -7 -3 

0 0 0 0 0 0 0 0 0 0 0 0 0 0 0 0 0 0 0 0 0 0 0 0 0 0 0 0 0 0 0 0 0 0 0 0 0 0 0 0 0 

Detected: swipe_right
Channels: 6
Length: 32
Data:
0 0 0 0 0 0 0 0 0 0 0 -3 0 -1 0 0 0 0 0 0 -2 0 -1 0 0 0 0 0 0 0 -4 -2 

0 -1 -2 -1 0 0 0 0 0 0 0 0 -6 -5 -5 0 0 0 11 0 0 -6 -6 0 0 0 0 0 0 0 0 0 

-1 -1 -2 -2 -2 -1 -3 1 14 20 0 -3 -4 -5 -3 -2 6 17 9 0 -4 -6 -6 -3 -1 0 8 0 0 0 -2 -3 

-1 -1 -2 -2 -2 -1 -3 1 14 20 0 -3 -4 -5 -3 -2 6 17 9 0 -4 -6 -6 -3 -1 0 8 0 0 0 -2 -3 

0 0 0 0 0 0 0 0 0 0 0 0 0 5 0 0 0 0 0 0 0 0 0 0 0 0 0 0 0 0 0 0 

0 0 0 0 0 0 0 0 0 0 0 0 0 0 0 0 0 0 0 0 0 0 0 0 0 0 0 0 0 0 0 0 

Detected: tap_right
Channels: 6
Length: 29
Data:
0 0 -1 -6 -1 0 0 0 0 0 0 0 0 0 0 -6 -3 -1 0 0 0 0 0 0 0 0 -2 -3 0 

0 8 7 5 0 0 0 -1 -3 -3 -3 0 0 0 0 13 4 0 0 0 -2 -3 -2 0 0 17 17 0 0 

8 11 11 2 0 0 0 -2 -4 -4 -5 -3 -2 7 12 12 2 0 -1 -2 -2 -3 -3 -1 3 16 16 2 -1 

8 11 11 2 0 0 0 -2 -4 -4 -5 -3 -2 7 12 12 2 0 -1 -2 -2 -3 -3 -1 3 16 16 2 -1 

0 0 -8 -6 0 0 0 0 0 0 0 0 0 0 0 -7 -5 0 0 2 2 0 0 0 0 0 -10 0 0 

0 0 0 0 0 0 0 0 0 0 0 0 0 0 0 0 0 0 0 0 0 0 0 0 0 0 0 0 0 

Detected: swipe_right
Channels: 6
Length: 47
Data:
0 0 0 0 -2 0 0 0 0 0 -11 -4 -2 -3 -1 0 0 0 0 0 0 -5 -7 0 -1 -1 0 0 0 0 0 -2 -3 -1 -1 -2 0 0 0 0 0 0 -4 -3 -2 0 0 

0 0 0 -1 -2 -3 -2 0 0 17 16 0 0 -5 -4 -3 0 0 0 0 14 8 0 -1 -3 -6 -4 0 0 0 16 15 0 -5 -6 -8 -6 0 0 0 0 13 4 0 0 0 0 

-1 -1 -1 -2 -5 -6 -6 1 0 20 17 -3 -4 -6 -4 -3 -1 0 4 9 8 6 -4 -3 -3 -5 -4 -3 -1 12 18 15 1 -5 -7 -7 -7 -4 -1 0 11 15 8 0 -2 -1 -2 

-1 -1 -1 -2 -5 -6 -6 1 0 20 17 -3 -4 -6 -4 -3 -1 0 4 9 8 6 -4 -3 -3 -5 -4 -3 -1 12 18 15 1 -5 -7 -7 -7 -4 -1 0 11 15 8 0 -2 -1 -2 

0 0 0 0 0 0 0 0 0 0 0 0 0 1 0 0 0 0 0 0 0 -9 0 0 0 4 0 0 0 0 0 -6 -3 0 3 0 0 0 0 0 0 0 -9 -1 0 0 0 

0 0 0 0 0 0 0 0 0 0 0 0 0 0 0 0 0 0 0 0 0 0 0 0 0 0 0 0 0 0 0 0 0 0 0 0 0 0 0 0 0 0 0 0 0 0 0 

Detected: swipe_right
Channels: 6
Length: 44
Data:
0 0 0 0 0 0 0 0 0 -10 -4 -2 -2 0 0 0 0 0 0 -6 -7 -4 -1 -1 0 0 0 0 0 0 -7 -6 -3 -2 -2 -2 0 0 0 0 0 0 -4 -2 

-1 -2 -2 0 0 0 0 0 14 0 0 -5 -6 -6 -5 0 0 14 16 0 0 0 -6 -5 -3 0 0 0 0 11 7 0 0 -5 -6 -7 0 0 0 0 12 13 4 0 

-2 -2 -5 -4 -3 1 8 16 16 3 -3 -4 -7 -7 -5 -2 6 14 16 8 -5 -5 -4 -5 -4 -3 0 6 6 14 8 -3 -3 -5 -7 -6 -6 -2 0 8 14 15 5 -2 

-2 -2 -5 -4 -3 1 8 16 16 3 -3 -4 -7 -7 -5 -2 6 14 16 8 -5 -5 -4 -5 -4 -3 0 6 6 14 8 -3 -3 -5 -7 -6 -6 -2 0 8 14 15 5 -2 

0 0 0 0 0 0 0 0 -10 -10 0 0 3 3 0 0 0 0 0 0 0 0 0 4 0 0 0 0 0 0 0 -3 0 0 4 0 0 0 0 0 0 0 -1 -1 

0 0 0 0 0 0 0 0 0 0 0 0 0 0 0 0 0 0 0 0 0 0 0 0 0 0 0 0 0 0 0 0 0 0 0 0 0 0 0 0 0 0 0 0 

Detected: swipe_right
Channels: 6
Length: 25
Data:
0 0 0 1 3 4 3 2 0 0 0 0 -13 -10 0 0 0 0 0 0 -5 -5 -4 -3 -1 

1 0 0 0 0 0 0 0 0 0 0 12 16 0 0 0 0 0 0 6 13 5 1 0 0 

0 0 0 0 3 3 1 -7 -8 -3 0 8 6 -8 -2 0 0 -14 5 13 12 6 -2 -2 0 

0 0 0 0 3 3 1 -7 -8 -3 0 8 6 -8 -2 0 0 -14 5 13 12 6 -2 -2 0 

0 0 0 0 0 0 0 0 0 0 0 0 -12 0 0 0 0 0 0 0 -8 0 0 0 0 

0 0 0 0 0 -2 -4 0 0 0 0 0 0 0 0 0 0 0 0 0 0 0 0 0 0 

Detected: x
Channels: 6
Length: 34
Data:
0 5 7 6 1 0 0 0 -3 -11 -4 0 0 0 0 0 0 0 -1 0 2 -1 -1 -1 0 0 0 1 7 2 0 0 0 -2 

0 0 0 0 0 -2 0 4 10 14 0 0 0 0 0 0 11 2 3 0 -2 -2 0 0 0 0 0 0 0 -3 0 0 0 0 

2 5 6 6 0 -7 0 2 9 11 0 -3 -2 -7 -4 10 15 6 4 1 -3 -5 -3 -3 10 0 0 3 6 1 -2 0 -2 -1 

2 5 6 6 0 -7 0 2 9 11 0 -3 -2 -7 -4 10 15 6 4 1 -3 -5 -3 -3 10 0 0 3 6 1 -2 0 -2 -1 

0 0 0 0 0 0 0 0 0 -5 0 0 0 0 0 0 0 0 0 0 0 0 0 0 0 0 0 0 4 2 0 0 0 0 

0 0 0 -3 0 0 0 0 0 0 0 0 0 0 0 0 0 0 0 0 0 0 0 0 0 0 0 0 0 0 0 0 0 0 

Detected: swipe_front
Channels: 6
Length: 5
Data:
0 0 0 1 0 

0 0 1 6 7 

1 2 5 7 6 

1 2 5 7 6 

0 1 0 0 0 

0 0 0 0 0 

Detected: scratchout
Channels: 6
Length: 54
Data:
1 3 0 1 2 1 0 0 0 0 0 0 0 0 0 0 -7 -6 0 3 9 0 0 0 0 0 2 4 5 1 0 -4 -3 3 2 -5 0 0 0 0 1 4 0 0 -5 -4 0 1 -5 -4 -2 0 -6 0 

0 0 0 0 0 -8 -7 0 0 0 3 0 -1 0 0 0 16 17 0 0 -11 -17 0 6 14 0 0 0 -4 0 2 4 0 -1 -9 -9 0 0 0 0 -2 -5 0 1 4 4 0 -1 -3 -4 0 0 0 0 

1 0 0 0 0 -8 -8 -4 2 3 4 3 0 -2 -2 0 18 16 0 4 4 -16 -5 8 13 0 4 3 4 -1 2 2 -3 -2 -14 -15 -5 18 0 0 3 3 -4 2 4 3 0 -3 -9 -8 -5 14 -4 -2 

1 0 0 0 0 -8 -8 -4 2 3 4 3 0 -2 -2 0 18 16 0 4 4 -16 -5 8 13 0 4 3 4 -1 2 2 -3 -2 -14 -15 -5 18 0 0 3 3 -4 2 4 3 0 -3 -9 -8 -5 14 -4 -2 

0 0 0 0 0 0 0 0 0 0 0 0 0 0 0 0 0 0 0 0 0 0 0 0 0 0 0 0 1 0 0 0 0 0 7 0 0 0 0 0 1 0 0 0 0 0 0 0 0 0 0 0 0 0 

0 0 0 0 0 0 0 0 0 0 0 0 0 0 0 0 0 0 0 0 0 0 0 0 0 0 0 0 0 0 0 0 0 0 0 0 0 0 0 0 0 0 0 0 0 0 0 0 0 0 0 0 0 0 

Detected: swipe_left
Channels: 6
Length: 9
Data:
2 3 6 3 0 0 0 0 0 

0 0 0 -1 -3 0 -1 -1 -1 

3 3 4 4 1 1 -3 -1 -1 

3 3 4 4 1 1 -3 -1 -1 

0 0 0 0 0 0 0 0 0 

0 0 0 0 0 0 0 0 0 

Detected: x
Channels: 6
Length: 53
Data:
0 0 0 0 -2 -1 0 0 0 0 0 -3 0 0 0 7 5 0 0 -4 -1 1 -3 0 0 0 0 0 3 3 -2 -6 -6 4 2 -2 -3 2 -3 0 0 0 0 0 4 3 -2 0 2 2 -1 0 0 

1 1 4 5 3 0 0 0 0 0 0 3 9 0 0 -2 -11 -7 9 10 0 -10 -12 0 0 0 0 0 0 -5 2 5 4 0 -4 -4 0 7 0 0 0 0 -2 1 12 11 0 -1 0 -4 -2 0 0 

0 0 1 3 1 0 0 0 0 1 -4 -3 3 2 2 4 1 2 11 12 1 -7 -16 -11 6 0 1 0 -6 -7 4 4 1 3 1 -8 -7 14 5 0 0 -11 -10 -1 13 10 8 -3 -3 -6 -4 -2 -1 

0 0 1 3 1 0 0 0 0 1 -4 -3 3 2 2 4 1 2 11 12 1 -7 -16 -11 6 0 1 0 -6 -7 4 4 1 3 1 -8 -7 14 5 0 0 -11 -10 -1 13 10 8 -3 -3 -6 -4 -2 -1 

0 0 0 -1 -2 -1 0 0 0 0 0 0 0 0 0 2 5 0 0 0 0 0 0 0 0 0 0 0 0 5 0 0 0 0 0 0 0 0 0 0 0 0 0 0 -3 -2 0 0 0 2 0 0 0 

0 0 0 0 0 0 0 0 0 0 0 0 0 0 0 0 0 0 0 0 0 0 0 0 0 0 0 0 0 0 0 0 0 0 0 0 0 0 0 0 0 0 0 0 0 0 0 0 0 0 0 0 0 

Detected: swipe_left
Channels: 6
Length: 9
Data:
0 2 3 3 4 -1 0 0 0 

0 0 5 3 3 0 0 0 0 

1 5 4 7 6 3 -1 0 1 

1 5 4 7 6 3 -1 0 1 

0 0 0 3 0 -1 0 0 0 

0 0 0 0 2 0 0 0 0 

Detected: tap_right
Channels: 6
Length: 57
Data:
0 0 0 0 0 0 0 -1 0 2 1 -1 -2 -3 0 -1 0 0 0 0 1 0 0 0 0 -7 3 6 0 0 0 0 0 5 0 2 2 -3 0 0 -1 0 0 -2 0 0 0 0 0 2 2 2 1 2 1 -1 0 

0 0 0 0 0 0 1 2 0 0 -4 -6 0 12 6 0 0 0 0 0 0 -3 -4 4 12 10 -1 0 -15 0 0 0 0 -3 -7 4 2 2 0 0 0 0 2 4 -2 -2 0 0 0 0 -6 -6 2 2 3 0 0 

-5 -4 0 -2 -1 0 0 0 0 3 -2 -9 -7 -2 -4 -2 -15 -16 11 6 5 -3 -8 8 10 9 1 1 -20 -7 13 0 0 5 2 6 9 5 -2 -3 -4 -2 3 3 1 -3 -2 9 0 2 2 -5 -3 7 6 1 -1 

-5 -4 0 -2 -1 0 0 0 0 3 -2 -9 -7 -2 -4 -2 -15 -16 11 6 5 -3 -8 8 10 9 1 1 -20 -7 13 0 0 5 2 6 9 5 -2 -3 -4 -2 3 3 1 -3 -2 9 0 2 2 -5 -3 7 6 1 -1 

0 0 0 0 0 0 0 0 0 0 2 3 0 0 0 0 0 0 0 0 0 0 0 0 0 0 0 0 0 0 0 0 0 0 0 0 0 0 0 0 0 0 0 0 1 0 0 0 0 0 0 0 -3 -3 0 0 0 

0 0 0 0 0 0 0 0 0 0 0 0 0 0 0 0 0 0 0 0 0 0 0 0 0 0 0 0 0 0 0 0 0 0 0 0 0 0 0 0 0 0 0 0 0 0 0 0 0 0 0 0 0 0 0 0 0 

Detected: swipe_right
Channels: 6
Length: 58
Data:
1 1 1 0 0 0 0 0 0 0 0 0 0 -2 0 0 5 0 1 0 -1 0 -5 0 0 0 0 0 2 3 -1 -2 -3 -3 -1 0 0 0 0 -6 0 -1 -2 -3 -2 -3 0 0 0 0 0 0 0 0 0 0 0 1 

0 0 -5 -6 -6 0 0 0 0 0 0 0 0 3 1 0 0 0 7 5 0 -7 -4 0 0 0 0 0 8 4 0 -4 -1 14 13 0 0 0 12 6 0 -2 0 7 11 0 0 0 0 0 0 0 0 0 0 0 0 0 

0 -1 -5 -5 -8 -6 -1 2 0 0 0 0 2 7 2 2 2 7 11 8 1 1 -12 -3 13 0 -1 7 13 8 5 -6 -10 -2 -7 -9 -10 11 19 10 2 -4 -3 -3 -5 -5 0 -8 -1 1 1 2 0 0 0 0 1 1 

0 -1 -5 -5 -8 -6 -1 2 0 0 0 0 2 7 2 2 2 7 11 8 1 1 -12 -3 13 0 -1 7 13 8 5 -6 -10 -2 -7 -9 -10 11 19 10 2 -4 -3 -3 -5 -5 0 -8 -1 1 1 2 0 0 0 0 1 1 

0 0 1 0 0 0 0 0 0 0 0 0 0 0 0 0 0 0 0 0 0 0 0 0 0 0 0 0 0 0 0 -1 3 0 -1 0 0 0 0 -11 0 0 0 1 -1 -3 0 0 0 0 0 0 0 0 0 0 0 0 

0 0 -1 -3 0 0 0 0 0 0 0 0 0 0 0 0 0 0 0 0 0 0 0 0 0 0 0 0 0 0 0 0 0 3 3 0 0 0 0 0 0 0 0 0 3 0 0 0 0 0 0 0 0 0 0 0 0 0 

Detected: swipe_right
Channels: 6
Length: 43
Data:
0 0 -1 0 0 -2 -1 0 0 0 -2 0 0 -6 -2 -2 -1 0 2 0 -3 1 0 -4 -2 0 -1 0 0 0 0 1 1 0 -3 0 0 0 0 3 2 -2 0 

0 -1 -3 -1 1 0 0 0 0 7 6 0 -2 -1 0 8 -3 0 4 8 6 0 -4 -3 0 0 0 0 0 6 7 0 -3 -2 0 0 0 0 0 0 8 6 1 

-1 -4 -4 -7 -3 -3 -4 0 9 14 13 5 -5 -7 -5 12 1 -7 -2 9 8 -4 -10 -10 -5 8 -9 -10 -2 12 11 2 -7 -7 -6 0 8 -9 -8 8 12 6 1 

-1 -4 -4 -7 -3 -3 -4 0 9 14 13 5 -5 -7 -5 12 1 -7 -2 9 8 -4 -10 -10 -5 8 -9 -10 -2 12 11 2 -7 -7 -6 0 8 -9 -8 8 12 6 1 

0 0 0 0 -1 0 0 0 0 0 0 0 0 0 0 0 0 0 0 0 0 0 0 0 0 0 0 0 0 0 0 0 4 0 0 0 0 0 0 0 0 0 0 

0 0 0 0 0 0 0 0 0 0 0 0 0 0 0 0 0 0 0 0 0 0 0 0 0 0 0 0 0 0 0 0 0 0 0 0 0 0 0 0 0 0 0 

Detected: x
Channels: 6
Length: 32
Data:
0 0 -1 0 0 0 1 -2 0 0 -2 0 -1 -2 2 4 0 0 -3 -3 0 6 3 2 0 -1 -3 3 3 2 0 0 

-1 -2 -5 7 15 0 0 -10 -2 14 9 -3 -9 -3 5 12 6 -5 -9 -9 0 12 12 0 -4 -5 -3 6 13 9 0 0 

1 -9 -10 -4 -5 4 2 4 8 19 8 -4 -11 -11 -2 18 1 -2 -13 -12 -3 16 16 2 -8 -8 -7 12 17 9 0 -2 

1 -9 -10 -4 -5 4 2 4 8 19 8 -4 -11 -11 -2 18 1 -2 -13 -12 -3 16 16 2 -8 -8 -7 12 17 9 0 -2 

0 0 0 0 -5 0 0 4 0 0 0 2 0 0 0 -3 0 0 0 0 0 0 -8 0 0 0 0 0 0 0 0 0 

0 0 0 0 -3 0 0 0 0 0 0 0 0 0 0 0 0 0 0 0 0 0 0 0 0 0 0 0 0 0 0 0 

Detected: swipe_up
Channels: 6
Length: 8
Data:
0 0 0 0 0 -10 0 0 

-1 -5 -8 0 0 -6 0 0 

0 -4 -6 -10 -13 -13 -13 -13 

0 -4 -6 -10 -13 -13 -13 -13 

2 1 0 0 0 0 0 0 

0 0 0 0 0 0 0 0 

Detected: x
Channels: 6
Length: 39
Data:
0 0 0 0 0 -3 -1 0 0 0 0 0 0 0 0 0 0 0 0 0 0 0 0 0 0 0 0 0 0 0 0 0 0 0 0 0 0 0 0 

0 0 0 0 15 0 -3 -14 0 12 12 0 0 0 0 17 -3 0 -4 8 8 0 -11 -4 0 15 0 0 0 0 12 0 0 0 0 0 18 0 0 

3 10 9 19 20 5 5 -14 -14 18 9 -8 -18 -15 15 14 1 -10 -10 -1 14 -4 -7 -8 -4 20 0 -18 -18 -3 20 0 -6 -20 -7 9 14 2 -1 

3 10 9 19 20 5 5 -14 -14 18 9 -8 -18 -15 15 14 1 -10 -10 -1 14 -4 -7 -8 -4 20 0 -18 -18 -3 20 0 -6 -20 -7 9 14 2 -1 

0 0 0 0 -19 0 7 0 0 0 0 0 0 0 0 0 0 0 0 0 0 0 0 0 0 0 0 0 0 0 0 0 0 0 0 0 0 0 0 

0 0 0 0 0 0 1 0 0 0 0 0 0 0 0 0 0 0 0 0 1 0 0 0 0 0 0 0 0 0 0 0 0 0 0 0 0 0 0 

Detected: swipe_up
Channels: 6
Length: 12
Data:
-1 -4 -7 -8 0 -16 -15 -18 0 0 0 -6 

0 0 0 0 0 0 0 0 0 0 0 0 

0 -1 -6 -7 -10 0 0 -19 0 0 0 0 

0 -1 -6 -7 -10 0 0 -19 0 0 0 0 

0 0 0 0 0 0 0 0 0 0 0 0 

0 0 0 0 0 0 0 0 0 0 0 -1 

Detected: swipe_left
Channels: 6
Length: 6
Data:
-1 0 0 0 0 0 

0 0 0 0 0 0 

-1 0 0 0 -2 -2 

-1 0 0 0 -2 -2 

0 0 0 0 0 0 

0 0 0 0 0 0 

Detected: swipe_left
Channels: 6
Length: 6
Data:
0 0 0 0 0 0 

0 0 0 0 0 0 

1 2 0 -3 0 -3 

1 2 0 -3 0 -3 

0 0 0 0 0 0 

0 0 0 0 0 0 

