Started MediaCenter at 9:25:27 AM
Keypress: NumPad1

Keypress: NumPad2

Detected: tap_down
Channels: 6
Length: 26
Data:
0 0 0 0 0 0 0 0 0 2 0 0 -6 -6 0 4 0 0 -2 -6 -2 2 6 9 0 0 

0 0 0 0 0 0 0 0 0 0 0 0 0 2 0 0 0 2 3 2 0 0 0 -9 -13 -4 

6 6 7 0 0 0 3 3 3 1 -5 7 10 2 0 -5 -4 2 1 1 1 5 8 6 -10 0 

6 6 7 0 0 0 3 3 3 1 -5 7 10 2 0 -5 -4 2 1 1 1 5 8 6 -10 0 

0 0 0 0 0 0 0 0 0 6 0 -3 -5 0 0 0 4 0 0 0 0 0 0 0 0 0 

0 0 0 0 0 0 0 0 0 0 0 0 0 0 0 0 0 0 0 0 0 0 0 -7 0 0 

Detected: swipe_left
Channels: 6
Length: 7
Data:
0 0 0 0 0 0 0 

0 0 0 0 0 0 0 

-3 -1 0 1 0 0 1 

-3 -1 0 1 0 0 1 

0 0 0 0 0 0 0 

0 0 0 0 0 0 0 

Detected: tap_down
Channels: 6
Length: 31
Data:
0 0 0 0 0 0 0 0 0 9 4 0 0 0 0 0 -5 -6 0 4 11 0 0 0 0 0 -3 -6 0 -2 0 

0 0 0 0 0 0 0 0 0 -3 0 0 0 0 0 0 0 0 0 0 -6 0 0 0 0 0 13 0 0 0 0 

4 3 0 0 1 0 1 1 3 4 1 -8 -3 3 8 2 9 -3 0 3 6 -9 -8 0 0 0 9 8 4 -1 -1 

4 3 0 0 1 0 1 1 3 4 1 -8 -3 3 8 2 9 -3 0 3 6 -9 -8 0 0 0 9 8 4 -1 -1 

0 0 0 0 0 0 0 0 0 0 7 0 0 0 0 0 0 0 0 0 0 0 0 0 0 0 0 0 0 0 0 

0 0 0 0 0 0 0 0 0 0 0 0 0 0 0 0 0 0 0 0 -1 0 0 0 0 0 0 0 0 0 0 

Keypress: M

Detected: swipe_up
Channels: 6
Length: 6
Data:
0 0 0 0 0 0 

0 0 0 0 0 0 

-4 -7 -7 0 -2 -1 

-4 -7 -7 0 -2 -1 

0 0 0 0 0 0 

0 0 0 0 0 0 

Detected: swipe_front
Channels: 6
Length: 6
Data:
0 0 0 0 0 0 

0 0 0 0 0 0 

3 5 7 9 8 5 

3 5 7 9 8 5 

0 0 0 0 0 0 

0 0 0 0 0 0 

Keypress: M

Detected: swipe_left
Channels: 6
Length: 24
Data:
0 0 0 9 7 0 0 0 0 0 -5 -5 -8 0 0 0 8 7 4 0 0 0 0 0 

0 0 0 0 -5 0 0 0 0 0 8 7 0 0 0 0 0 -4 -6 0 0 -4 0 0 

0 0 7 7 4 -6 -3 0 0 7 10 7 -5 -1 0 0 6 -6 -7 -6 0 0 -4 -3 

0 0 7 7 4 -6 -3 0 0 7 10 7 -5 -1 0 0 6 -6 -7 -6 0 0 -4 -3 

1 0 0 0 0 0 0 0 0 0 0 0 0 0 0 0 0 0 0 0 0 0 0 0 

0 0 0 0 0 0 0 0 0 0 3 0 0 0 0 0 0 0 0 0 0 0 0 0 

Detected: x
Channels: 6
Length: 33
Data:
0 0 0 0 0 -9 -11 -5 0 13 9 0 0 0 -6 -7 -5 5 12 7 0 0 -1 -8 -2 0 0 0 0 0 0 0 0 

0 0 0 0 0 11 5 0 0 -1 -9 0 0 0 14 0 0 0 -5 0 0 0 14 12 0 0 0 0 -3 0 0 0 0 

2 1 0 0 15 11 7 -2 3 7 5 -7 0 0 13 10 -4 5 2 3 0 2 14 14 2 0 -2 -4 -6 -5 -5 -5 -5 

2 1 0 0 15 11 7 -2 3 7 5 -7 0 0 13 10 -4 5 2 3 0 2 14 14 2 0 -2 -4 -6 -5 -5 -5 -5 

0 0 0 0 0 0 0 0 0 0 0 0 0 0 -6 0 0 0 0 0 0 0 0 0 0 0 0 0 0 0 0 0 0 

0 0 0 0 0 0 0 0 0 0 0 0 0 0 2 0 0 0 0 -3 0 0 3 0 0 0 0 0 0 0 0 0 0 

Detected: swipe_left
Channels: 6
Length: 8
Data:
1 0 0 10 7 10 3 0 

0 0 0 0 0 -5 -5 0 

2 6 8 8 8 8 -2 -8 

2 6 8 8 8 8 -2 -8 

0 0 3 0 0 0 0 0 

0 0 0 0 0 -9 -10 -1 

Detected: swipe_left
Channels: 6
Length: 5
Data:
0 0 0 0 0 

0 0 0 0 0 

-1 0 -2 0 -1 

-1 0 -2 0 -1 

0 0 0 0 0 

0 0 0 0 0 

Detected: tap_down
Channels: 6
Length: 40
Data:
0 0 0 0 0 0 0 0 5 3 1 0 0 0 -5 0 0 3 0 0 0 0 0 0 -3 0 0 0 2 8 0 0 0 0 0 0 0 0 0 0 

0 0 0 0 0 0 0 0 0 -4 -9 0 0 0 0 0 0 0 -3 0 0 0 0 9 8 0 0 0 0 0 -6 0 0 0 0 0 0 0 0 0 

4 0 2 2 2 3 4 4 6 1 -7 -4 0 8 10 5 0 3 5 1 -8 0 7 11 8 0 0 0 5 2 -8 -4 -5 0 0 0 0 -1 -4 -2 

4 0 2 2 2 3 4 4 6 1 -7 -4 0 8 10 5 0 3 5 1 -8 0 7 11 8 0 0 0 5 2 -8 -4 -5 0 0 0 0 -1 -4 -2 

0 0 0 0 0 0 0 0 0 4 0 0 0 -4 -6 0 0 0 0 8 0 0 0 -5 0 0 0 0 0 0 0 0 0 0 0 0 0 0 0 0 

0 0 0 0 0 0 0 0 0 0 0 0 0 0 0 0 0 0 0 0 -2 0 0 0 0 0 0 0 0 0 0 -2 0 0 0 0 0 0 0 0 

Detected: tap_right
Channels: 6
Length: 28
Data:
0 7 1 0 0 0 -1 -14 0 0 0 8 0 0 0 -1 -11 -7 0 0 0 5 1 0 -5 0 0 0 

0 0 0 0 0 0 0 0 0 0 0 -12 0 0 0 9 9 0 0 0 0 -3 0 0 0 0 0 0 

6 5 -8 -7 0 0 13 10 -2 0 -1 -12 -9 0 0 11 10 1 -2 0 0 -4 -6 -11 -10 0 -4 -3 

6 5 -8 -7 0 0 13 10 -2 0 -1 -12 -9 0 0 11 10 1 -2 0 0 -4 -6 -11 -10 0 -4 -3 

0 0 0 0 0 0 -9 0 0 0 0 0 0 0 0 -2 0 0 0 0 0 0 0 0 0 0 0 0 

0 0 0 0 0 0 0 0 0 0 0 0 0 0 0 0 0 0 0 0 0 0 0 0 0 0 0 0 

Detected: tap_down
Channels: 6
Length: 21
Data:
0 0 0 0 0 0 8 0 0 -7 -1 -1 13 2 0 -2 0 0 0 0 0 

0 0 0 0 0 0 -15 0 0 10 0 0 -10 -12 0 0 0 0 0 0 0 

8 9 0 1 3 2 4 -10 6 13 8 -1 -11 -12 -8 -1 6 0 -2 -2 -2 

8 9 0 1 3 2 4 -10 6 13 8 -1 -11 -12 -8 -1 6 0 -2 -2 -2 

0 0 0 0 0 0 11 0 0 -9 0 0 0 0 0 0 0 0 0 0 0 

0 0 0 0 0 0 0 0 0 0 0 0 0 0 0 0 0 0 0 0 0 

Detected: tap_down
Channels: 6
Length: 23
Data:
0 0 0 0 0 0 0 0 0 2 5 1 0 0 0 0 0 0 0 0 0 0 0 

0 0 0 0 0 0 0 0 0 0 0 -6 0 0 0 0 0 11 0 0 0 0 0 

2 1 0 2 2 2 1 4 0 1 2 -9 -8 0 0 3 13 13 3 -1 0 0 -2 

2 1 0 2 2 2 1 4 0 1 2 -9 -8 0 0 3 13 13 3 -1 0 0 -2 

0 0 0 0 0 0 0 0 0 1 0 7 0 0 0 0 0 -6 0 0 0 0 0 

0 0 0 0 0 0 0 0 0 0 0 0 0 0 0 0 0 0 0 0 0 0 0 

Detected: tap_down
Channels: 6
Length: 19
Data:
0 0 0 0 0 4 5 4 0 -1 -2 -6 -6 -4 0 0 0 0 0 

0 0 0 0 0 0 0 7 0 0 -4 -5 0 -1 0 0 0 0 0 

5 0 -1 0 2 7 9 7 4 -3 -7 -9 -9 -5 0 0 1 1 1 

5 0 -1 0 2 7 9 7 4 -3 -7 -9 -9 -5 0 0 1 1 1 

0 0 0 0 0 0 0 1 2 -2 0 0 0 0 0 0 0 0 0 

0 0 0 0 0 0 0 0 0 0 0 0 0 0 0 0 0 0 0 

Detected: tap_up
Channels: 6
Length: 26
Data:
0 0 0 0 0 0 0 0 1 7 0 0 0 -7 -4 0 0 0 0 -12 -4 2 11 -14 0 0 

0 0 0 0 0 0 0 0 0 0 -10 0 7 7 0 -8 -9 0 11 9 0 0 -14 -9 -6 0 

0 0 6 8 6 1 2 2 3 2 -15 -7 7 5 0 -13 -16 0 14 5 0 3 -20 -20 -6 -1 

0 0 6 8 6 1 2 2 3 2 -15 -7 7 5 0 -13 -16 0 14 5 0 3 -20 -20 -6 -1 

0 0 0 0 0 0 0 0 0 0 0 0 -7 -9 0 0 7 0 -4 0 0 0 0 0 0 0 

1 0 0 0 0 0 0 0 0 0 0 0 0 0 0 0 0 0 0 0 0 0 0 0 0 0 

Detected: tap_down
Channels: 6
Length: 29
Data:
0 0 0 0 0 0 0 0 0 1 1 0 0 0 0 -4 0 0 4 0 0 0 0 0 0 0 0 0 0 

0 0 0 0 2 2 0 0 0 0 -5 0 0 0 6 6 0 0 0 0 0 0 0 0 0 0 0 0 0 

3 2 2 2 2 2 2 2 3 1 -9 -6 -1 0 11 9 0 0 -8 -12 -7 -9 -3 0 0 0 0 -1 -1 

3 2 2 2 2 2 2 2 3 1 -9 -6 -1 0 11 9 0 0 -8 -12 -7 -9 -3 0 0 0 0 -1 -1 

0 0 0 0 0 0 0 0 0 0 5 1 0 0 -3 0 0 0 0 0 0 0 0 0 0 0 0 0 0 

0 0 0 0 0 0 0 0 0 0 0 0 0 0 0 0 0 0 0 0 0 0 0 0 0 0 0 0 0 

Detected: tap_down
Channels: 6
Length: 15
Data:
0 -1 0 0 0 0 0 10 0 0 0 0 0 -8 0 

0 0 0 0 0 0 0 0 0 0 0 0 0 13 0 

15 10 3 -4 0 0 8 3 -14 0 0 0 14 14 2 

15 10 3 -4 0 0 8 3 -14 0 0 0 14 14 2 

0 0 0 0 0 0 0 0 0 0 0 0 0 0 0 

0 0 0 0 0 0 0 0 0 0 0 0 0 0 0 

Detected: tap_front
Channels: 6
Length: 5
Data:
0 0 0 0 0 

0 0 0 0 0 

-3 -6 -5 0 0 

-3 -6 -5 0 0 

0 0 0 0 0 

0 0 0 0 -2 

Detected: swipe_left
Channels: 6
Length: 17
Data:
0 4 0 0 0 0 0 0 -7 0 0 0 0 0 0 0 0 

-2 0 0 0 0 0 0 0 10 0 0 0 0 0 0 0 0 

3 2 -7 0 0 0 0 10 5 2 -2 0 0 1 -1 -2 -5 

3 2 -7 0 0 0 0 10 5 2 -2 0 0 1 -1 -2 -5 

0 0 0 0 0 0 0 -6 0 0 0 0 0 0 0 0 5 

0 0 0 0 0 0 0 0 0 0 0 0 0 0 0 0 0 

Keypress: A

Detected: tap_down
Channels: 6
Length: 21
Data:
0 0 0 0 0 0 5 0 0 0 -3 -7 0 0 0 0 0 0 -1 -6 -2 

0 0 0 0 0 0 0 0 0 0 12 0 0 0 0 0 0 8 8 6 0 

3 0 3 4 4 -3 -13 -7 0 0 13 4 0 1 2 -9 0 7 7 6 0 

3 0 3 4 4 -3 -13 -7 0 0 13 4 0 1 2 -9 0 7 7 6 0 

0 0 0 0 0 0 0 0 0 0 -10 0 0 0 9 0 0 0 -5 0 0 

0 0 0 0 0 0 0 0 0 0 0 0 0 0 0 0 0 0 0 0 0 

Keypress: A

Detected: swipe_left
Channels: 6
Length: 17
Data:
0 5 0 0 0 0 0 0 0 -6 0 0 0 0 1 1 0 

0 0 0 0 0 0 0 0 4 1 0 0 0 0 0 -2 0 

3 3 -7 -7 -1 0 7 5 4 3 0 0 0 0 0 -2 -2 

3 3 -7 -7 -1 0 7 5 4 3 0 0 0 0 0 -2 -2 

0 0 6 0 0 0 0 0 -4 0 0 0 0 0 0 2 0 

0 0 0 0 0 0 0 0 0 0 0 0 0 0 0 0 0 

Detected: swipe_up
Channels: 6
Length: 8
Data:
0 0 0 0 0 0 0 0 

0 0 0 0 0 0 0 0 

-2 -4 -6 -4 -3 -3 -2 -1 

-2 -4 -6 -4 -3 -3 -2 -1 

0 0 0 0 0 0 0 0 

0 0 0 0 0 0 0 0 

Detected: tap_right
Channels: 6
Length: 23
Data:
0 0 0 0 -10 -3 0 5 2 0 0 0 -1 -6 -5 0 0 3 0 0 0 0 0 

0 0 0 0 4 0 -1 0 0 0 0 0 12 12 4 0 0 0 0 0 0 0 0 

8 0 0 8 8 0 -1 -9 -9 -9 -4 8 12 12 3 0 -3 -10 -13 -13 -9 -6 -1 

8 0 0 8 8 0 -1 -9 -9 -9 -4 8 12 12 3 0 -3 -10 -13 -13 -9 -6 -1 

0 0 0 0 0 0 0 0 0 0 0 0 -6 -5 0 0 0 8 0 0 0 0 0 

0 0 0 0 0 0 0 0 0 0 0 0 0 0 0 0 0 0 0 0 0 0 0 

Keypress: A

Detected: swipe_up
Channels: 6
Length: 14
Data:
2 3 0 0 0 0 0 0 -19 -19 0 0 0 0 

0 0 1 0 5 0 0 5 0 0 0 0 0 0 

0 2 0 2 4 4 5 0 -14 -20 -19 0 -9 -7 

0 2 0 2 4 4 5 0 -14 -20 -19 0 -9 -7 

0 0 0 0 0 0 0 0 0 0 0 0 0 0 

0 0 0 0 0 3 0 0 0 0 0 0 0 0 

Detected: swipe_left
Channels: 6
Length: 6
Data:
0 0 0 0 0 0 

0 0 0 0 0 0 

3 5 3 0 1 1 

3 5 3 0 1 1 

0 0 0 0 0 0 

0 0 0 0 0 0 

Detected: swipe_left
Channels: 6
Length: 19
Data:
0 0 0 0 0 0 0 2 0 0 0 0 -1 0 0 0 0 4 0 

0 0 0 0 0 0 0 0 0 0 0 0 7 0 0 0 0 -8 0 

2 0 0 2 0 7 8 1 0 0 5 0 11 5 0 2 2 2 -9 

2 0 0 2 0 7 8 1 0 0 5 0 11 5 0 2 2 2 -9 

0 0 0 0 0 0 0 0 0 0 0 0 0 0 0 0 0 8 0 

0 0 0 0 0 0 0 0 0 0 0 0 0 0 0 0 0 -4 -3 

Detected: tap_down
Channels: 6
Length: 21
Data:
0 0 0 0 0 0 0 0 0 4 0 0 -4 -5 0 0 1 0 0 0 0 

0 8 0 0 0 0 0 0 0 0 0 0 13 0 0 0 -5 0 0 1 0 

0 7 6 5 5 0 1 5 0 -11 0 7 12 4 1 3 3 0 0 2 1 

0 7 6 5 5 0 1 5 0 -11 0 7 12 4 1 3 3 0 0 2 1 

0 0 0 0 0 0 0 0 0 4 0 -5 -7 0 0 0 6 0 0 0 0 

2 0 0 0 0 0 0 0 0 0 0 0 0 0 0 0 0 0 0 0 0 

Detected: swipe_right
Channels: 6
Length: 37
Data:
0 0 0 0 0 0 0 0 0 0 0 0 0 0 0 0 0 3 8 5 0 -5 -4 -7 -3 6 10 0 -1 -3 -4 -5 -3 -1 0 0 0 

0 0 0 0 0 0 0 0 0 0 1 2 0 0 0 0 0 6 9 4 0 0 -6 -4 0 0 9 3 0 0 -2 0 0 0 0 0 0 

-1 -1 -1 -3 0 0 -3 0 0 0 1 3 2 2 0 -1 4 11 13 12 0 -10 -10 -9 -2 13 14 8 -1 -6 -9 -7 -4 -1 1 1 1 

-1 -1 -1 -3 0 0 -3 0 0 0 1 3 2 2 0 -1 4 11 13 12 0 -10 -10 -9 -2 13 14 8 -1 -6 -9 -7 -4 -1 1 1 1 

0 0 0 0 0 0 0 0 0 0 0 0 0 0 0 0 0 0 0 3 -1 -1 0 0 0 0 0 4 -1 0 0 0 0 0 0 0 0 

0 0 0 0 0 0 0 0 0 0 0 0 0 0 0 0 0 0 0 0 0 0 0 0 0 0 0 0 0 0 0 0 0 0 0 0 0 

Detected: swipe_left
Channels: 6
Length: 10
Data:
0 0 0 0 0 0 0 0 0 0 

0 0 0 0 0 0 0 0 0 0 

1 0 0 0 0 -1 0 -1 -1 -1 

1 0 0 0 0 -1 0 -1 -1 -1 

0 0 0 0 0 0 0 0 0 0 

0 0 0 0 0 0 0 0 0 0 

Detected: swipe_left
Channels: 6
Length: 4
Data:
0 0 0 0 

0 0 0 0 

-6 0 0 -2 

-6 0 0 -2 

0 0 0 0 

0 0 0 0 

Detected: swipe_left
Channels: 6
Length: 4
Data:
0 0 0 0 

0 0 0 0 

1 2 2 3 

1 2 2 3 

0 0 0 0 

0 0 0 0 

Detected: tap_down
Channels: 6
Length: 10
Data:
0 10 0 0 0 0 0 0 0 -8 

0 0 -9 0 -1 0 3 0 12 0 

7 5 -10 -4 -3 -1 4 0 10 10 

7 5 -10 -4 -3 -1 4 0 10 10 

0 8 0 0 0 0 0 0 0 0 

0 0 0 0 0 0 0 0 0 0 

Detected: swipe_left
Channels: 6
Length: 3
Data:
0 7 0 

0 -5 0 

8 2 -7 

8 2 -7 

0 0 0 

0 0 0 

Detected: tap_down
Channels: 6
Length: 26
Data:
0 0 0 0 0 0 -1 -1 0 0 3 6 8 7 7 1 0 0 0 0 -5 -4 -5 -4 -4 -2 

0 0 0 0 0 0 0 0 0 0 2 0 9 9 6 0 0 0 0 0 0 -3 -3 -2 0 0 

2 2 2 3 0 -3 -3 0 0 0 5 10 13 14 10 4 0 0 -1 -1 -3 -5 -6 -6 -5 -3 

2 2 2 3 0 -3 -3 0 0 0 5 10 13 14 10 4 0 0 -1 -1 -3 -5 -6 -6 -5 -3 

0 0 0 0 0 0 0 0 0 0 0 0 0 0 0 0 0 0 -1 0 0 0 0 0 0 0 

0 0 0 0 0 0 0 0 0 0 0 0 0 0 0 0 0 0 0 0 0 0 0 0 0 0 

Detected: swipe_left
Channels: 6
Length: 6
Data:
0 0 0 0 -1 -7 

0 2 3 4 3 0 

1 2 4 5 3 -1 

1 2 4 5 3 -1 

0 0 0 0 0 0 

0 0 0 0 0 0 

Detected: tap_down
Channels: 6
Length: 21
Data:
0 0 0 0 2 3 6 7 7 6 4 0 0 0 0 -4 -3 -5 -3 -3 -2 

0 0 0 0 0 0 5 6 6 7 5 0 0 0 0 -2 -3 -3 -2 -1 0 

-1 -1 -1 0 3 4 9 11 11 11 10 5 0 -3 -5 -6 -5 -6 -6 -5 -2 

-1 -1 -1 0 3 4 9 11 11 11 10 5 0 -3 -5 -6 -5 -6 -6 -5 -2 

0 0 0 0 0 0 0 0 0 0 1 0 0 0 0 -1 -1 0 0 0 0 

0 0 0 0 0 0 0 0 0 1 1 0 0 0 0 -1 0 0 0 0 0 

Detected: swipe_left
Channels: 6
Length: 12
Data:
0 0 0 0 0 0 -3 0 0 0 0 0 

0 0 2 4 3 6 0 0 0 0 0 0 

1 1 3 4 5 4 0 -2 0 0 -5 -1 

1 1 3 4 5 4 0 -2 0 0 -5 -1 

0 0 0 0 0 -1 0 0 0 0 0 0 

0 0 0 0 0 0 0 0 0 0 0 0 

Detected: swipe_left
Channels: 6
Length: 14
Data:
0 0 0 0 0 0 0 0 0 0 0 0 0 0 

0 0 0 0 0 0 0 0 0 0 0 0 0 0 

-2 0 0 2 0 1 0 0 0 1 -1 -2 -2 -1 

-2 0 0 2 0 1 0 0 0 1 -1 -2 -2 -1 

0 0 0 0 0 0 0 0 0 0 0 0 0 0 

0 0 0 0 0 0 0 0 0 0 0 0 0 0 

Detected: swipe_right
Channels: 6
Length: 22
Data:
0 0 0 0 0 5 0 0 -14 6 6 0 -5 -9 7 0 0 -9 -2 0 0 0 

0 0 0 0 0 0 0 0 7 0 -10 -6 10 0 -4 -7 9 7 0 -1 0 0 

5 4 0 3 11 7 -10 10 10 5 10 7 11 3 2 1 10 7 1 -2 -3 -1 

5 4 0 3 11 7 -10 10 10 5 10 7 11 3 2 1 10 7 1 -2 -3 -1 

0 0 0 0 0 0 0 0 0 0 7 -4 -6 -3 0 7 -6 -8 -1 0 0 0 

0 0 0 0 0 0 0 0 0 0 2 0 0 0 0 0 0 2 0 0 0 0 

Detected: tap_down
Channels: 6
Length: 23
Data:
0 0 0 0 0 0 0 0 0 -6 3 4 3 -1 0 0 -3 -3 0 0 -2 0 0 

0 0 0 0 0 0 5 0 9 3 -1 -4 -10 0 0 10 12 1 0 0 -3 0 0 

-1 -1 0 0 0 4 8 12 11 4 3 5 -10 -7 0 11 14 4 0 -4 -8 -2 -2 

-1 -1 0 0 0 4 8 12 11 4 3 5 -10 -7 0 11 14 4 0 -4 -8 -2 -2 

0 0 0 0 0 0 0 0 -7 -6 2 2 5 0 0 -2 -4 0 0 0 6 0 0 

0 0 0 0 0 0 0 0 0 0 0 0 0 0 0 0 0 0 0 0 0 0 0 

Detected: tap_down
Channels: 6
Length: 25
Data:
0 0 0 0 0 0 1 2 0 0 0 0 1 0 0 -3 0 0 2 0 0 -4 0 0 0 

0 0 0 0 4 0 0 -4 1 2 4 0 -2 0 1 4 0 0 -5 -5 0 0 0 0 0 

1 2 5 6 7 1 1 1 1 3 6 -2 -4 -2 2 7 3 0 -5 -6 -10 -9 -5 -2 -1 

1 2 5 6 7 1 1 1 1 3 6 -2 -4 -2 2 7 3 0 -5 -6 -10 -9 -5 -2 -1 

0 0 0 0 -3 0 1 2 0 -1 -1 0 1 0 0 -3 -1 0 4 3 0 0 0 0 0 

0 0 0 0 0 0 0 0 0 0 0 0 0 0 0 -1 0 0 0 0 0 0 0 0 0 

Detected: swipe_left
Channels: 6
Length: 20
Data:
0 0 0 1 0 0 -6 -5 0 0 0 1 5 0 0 0 0 -1 0 0 

0 0 0 2 0 0 8 0 0 0 0 0 0 -2 -4 0 0 0 0 0 

1 0 2 5 9 10 7 2 0 0 1 3 1 2 -6 -7 -5 -3 0 -1 

1 0 2 5 9 10 7 2 0 0 1 3 1 2 -6 -7 -5 -3 0 -1 

0 0 0 0 0 0 0 0 0 0 0 0 3 3 0 0 0 0 0 0 

0 0 0 0 0 0 1 0 0 0 0 0 -1 -2 0 0 0 0 0 0 

Detected: swipe_left
Channels: 6
Length: 5
Data:
0 0 0 0 0 

0 0 0 0 0 

2 0 0 0 1 

2 0 0 0 1 

0 0 0 0 0 

0 0 0 0 0 

Detected: swipe_right
Channels: 6
Length: 21
Data:
0 0 0 0 4 0 0 0 0 0 -4 -11 0 0 0 0 9 3 0 0 0 

0 0 0 0 0 0 0 -1 3 0 14 9 0 0 0 0 0 0 0 0 -1 

1 0 7 -8 -13 -8 0 0 4 12 10 13 1 0 0 0 -8 -8 -10 -8 0 

1 0 7 -8 -13 -8 0 0 4 12 10 13 1 0 0 0 -8 -8 -10 -8 0 

0 0 0 0 9 0 0 0 0 0 -8 0 0 0 0 0 0 8 0 0 0 

0 0 0 0 0 0 0 0 0 0 5 0 0 0 0 0 0 0 0 0 0 

Detected: tap_right
Channels: 6
Length: 16
Data:
0 0 0 0 0 0 0 0 0 0 0 -2 -4 -4 -4 0 

0 0 0 0 0 0 0 0 4 4 4 3 0 0 0 0 

-5 -14 -14 0 0 3 0 4 3 3 2 1 -3 -3 -6 0 

-5 -14 -14 0 0 3 0 4 3 3 2 1 -3 -3 -6 0 

0 0 0 0 0 0 0 0 0 0 0 0 0 0 -4 -3 

0 -4 0 0 0 0 0 0 0 0 0 0 0 0 0 0 

Detected: tap_down
Channels: 6
Length: 22
Data:
0 0 0 0 0 0 0 0 6 0 0 0 -2 -14 0 0 0 0 0 0 0 0 

0 0 0 0 0 0 0 0 0 0 0 0 14 0 0 0 0 0 0 0 15 0 

1 1 1 0 0 0 4 5 -5 0 0 15 14 9 0 3 2 -13 0 17 16 4 

1 1 1 0 0 0 4 5 -5 0 0 15 14 9 0 3 2 -13 0 17 16 4 

0 0 0 0 0 0 0 0 0 0 0 0 -10 0 0 0 11 0 0 0 -10 0 

0 0 0 0 0 0 0 0 0 0 0 0 0 0 0 0 0 0 0 0 0 0 

Detected: swipe_left
Channels: 6
Length: 7
Data:
0 0 0 0 0 0 0 

0 0 0 0 0 0 0 

-2 -3 -2 -1 -2 -3 -3 

-2 -3 -2 -1 -2 -3 -3 

0 0 0 0 0 0 -2 

0 0 0 0 0 0 0 

Detected: tap_down
Channels: 6
Length: 19
Data:
0 11 7 0 0 0 0 0 0 -12 -11 -9 0 0 8 11 4 -2 0 

0 -3 0 -11 0 0 0 0 11 0 0 0 0 0 0 -1 -5 -9 -7 

6 7 1 -9 0 0 0 0 10 9 -6 -2 0 0 5 5 3 -9 -4 

6 7 1 -9 0 0 0 0 10 9 -6 -2 0 0 5 5 3 -9 -4 

0 0 0 0 0 0 0 0 0 0 0 0 0 0 0 0 0 0 0 

0 0 0 0 0 0 0 0 0 0 0 0 0 0 0 0 0 0 0 

Detected: tap_down
Channels: 6
Length: 8
Data:
0 0 0 0 -2 -15 -17 -20 

0 0 0 0 16 7 0 0 

1 5 5 0 11 8 -1 0 

1 5 5 0 11 8 -1 0 

0 0 0 0 -8 0 0 0 

0 0 0 0 0 0 0 0 

Detected: tap_down
Channels: 6
Length: 14
Data:
16 15 8 0 0 0 0 0 0 0 0 -14 -14 -12 

0 0 -7 0 0 0 0 0 0 0 14 13 2 0 

0 6 4 -8 -8 -4 0 1 0 0 12 11 2 0 

0 6 4 -8 -8 -4 0 1 0 0 12 11 2 0 

0 0 0 0 0 0 0 0 0 0 0 0 0 0 

0 0 0 0 0 0 0 0 0 0 0 0 0 0 

Detected: tap_right
Channels: 6
Length: 11
Data:
3 0 0 0 0 0 0 0 0 -14 0 

0 0 0 -4 0 0 0 0 0 14 0 

-11 -15 -12 0 0 2 0 0 15 13 3 

-11 -15 -12 0 0 2 0 0 15 13 3 

10 8 0 0 0 0 0 0 -8 -9 0 

0 0 0 0 0 0 0 0 0 0 0 

Detected: swipe_left
Channels: 6
Length: 3
Data:
0 0 0 

0 0 0 

8 5 -10 

8 5 -10 

0 10 8 

0 0 0 

Detected: swipe_left
Channels: 6
Length: 4
Data:
0 0 0 0 

0 0 0 0 

-1 -1 -1 -1 

-1 -1 -1 -1 

0 0 0 0 

0 0 0 0 

Detected: x
Channels: 6
Length: 22
Data:
0 0 0 -6 -4 4 0 -5 -10 8 0 -2 -15 0 6 0 0 0 0 0 0 0 

0 0 0 0 1 -13 0 20 10 -10 -6 16 8 -2 -2 0 0 0 0 0 0 0 

3 6 0 11 3 1 1 20 13 3 8 17 13 -3 -13 -20 -19 0 0 -2 -1 -1 

3 6 0 11 3 1 1 20 13 3 8 17 13 -3 -13 -20 -19 0 0 -2 -1 -1 

0 0 0 0 0 0 0 -7 0 0 0 -9 0 0 0 0 0 0 -1 0 0 0 

0 0 0 0 0 -2 0 0 0 0 0 0 0 0 0 0 0 0 0 0 0 0 

Detected: swipe_left
Channels: 6
Length: 9
Data:
0 5 0 0 12 9 2 0 0 

0 0 0 0 0 -6 -6 -4 -1 

3 7 9 11 8 8 -3 -2 0 

3 7 9 11 8 8 -3 -2 0 

0 0 0 0 0 0 0 0 0 

0 0 0 0 0 -8 -7 0 0 

Detected: swipe_left
Channels: 6
Length: 8
Data:
-1 0 0 0 0 -2 0 0 

0 0 0 0 0 0 0 0 

0 0 0 -1 0 -2 -3 -3 

0 0 0 -1 0 -2 -3 -3 

0 0 0 0 0 0 0 0 

0 0 0 0 0 0 0 0 

Detected: swipe_right
Channels: 6
Length: 17
Data:
0 0 0 0 0 0 0 0 -14 0 0 0 0 -12 -13 -1 1 

0 0 0 0 0 0 0 0 0 0 0 0 0 17 4 0 0 

-3 -3 -1 0 2 10 0 20 5 -7 -19 -17 0 20 5 1 1 

-3 -3 -1 0 2 10 0 20 5 -7 -19 -17 0 20 5 1 1 

0 0 0 0 0 0 0 -17 0 0 0 0 0 0 0 0 0 

0 0 0 0 0 0 0 0 0 0 0 0 0 0 0 0 0 

Detected: swipe_left
Channels: 6
Length: 7
Data:
0 0 0 0 0 0 0 

0 0 0 0 0 0 0 

-3 -2 -1 -3 0 0 -4 

-3 -2 -1 -3 0 0 -4 

0 0 0 0 0 0 0 

0 0 0 0 0 0 0 

Detected: swipe_right
Channels: 6
Length: 20
Data:
0 0 0 0 0 0 -4 -8 0 0 0 0 -3 -3 2 4 0 0 0 0 

0 0 0 0 0 13 14 6 0 -8 -8 3 10 6 0 0 -7 0 2 2 

1 1 2 3 4 13 15 6 -3 -7 -8 6 8 4 3 -6 -6 0 2 2 

1 1 2 3 4 13 15 6 -3 -7 -8 6 8 4 3 -6 -6 0 2 2 

0 0 0 0 0 0 -11 0 0 0 3 -1 0 0 0 0 0 0 0 0 

0 0 0 0 0 0 0 0 0 0 0 0 0 0 0 0 0 0 0 0 

Detected: tap_down
Channels: 6
Length: 22
Data:
0 0 -2 -2 0 1 3 0 0 0 -6 -5 0 5 0 0 -1 -5 -5 0 0 2 

0 3 0 1 0 0 -9 -7 0 10 8 0 0 0 -6 -3 8 8 0 0 0 0 

1 2 2 1 0 -1 -9 -9 0 9 8 2 0 -4 -5 -1 7 7 2 0 0 1 

1 2 2 1 0 -1 -9 -9 0 9 8 2 0 -4 -5 -1 7 7 2 0 0 1 

0 0 0 0 0 0 0 0 0 0 0 0 0 0 0 0 0 0 0 0 0 0 

0 0 0 0 0 0 -2 0 0 0 0 0 0 0 0 0 0 0 0 0 0 0 

Detected: tap_down
Channels: 6
Length: 22
Data:
0 0 0 0 0 0 0 0 -14 -4 5 5 0 -2 -7 1 6 0 0 0 -4 0 

0 0 0 0 0 0 0 0 5 0 0 -11 7 13 6 0 0 -11 0 11 11 1 

-2 -2 0 -2 0 0 6 12 6 -3 -6 -12 -9 12 8 2 -10 -10 0 12 7 3 

-2 -2 0 -2 0 0 6 12 6 -3 -6 -12 -9 12 8 2 -10 -10 0 12 7 3 

0 0 0 0 0 0 0 0 0 0 0 9 0 -9 0 0 0 0 0 0 0 0 

0 0 0 0 0 0 0 0 0 0 0 0 0 0 0 0 0 0 0 0 0 0 

Detected: swipe_left
Channels: 6
Length: 3
Data:
0 0 0 

-1 0 0 

-2 -2 -1 

-2 -2 -1 

0 0 0 

0 0 0 

Detected: swipe_left
Channels: 6
Length: 5
Data:
0 0 0 0 0 

0 0 0 0 0 

1 0 0 0 -1 

1 0 0 0 -1 

0 0 0 0 0 

0 0 0 0 0 

Detected: tap_down
Channels: 6
Length: 16
Data:
0 0 0 0 0 0 0 0 0 0 0 0 1 -8 0 0 

0 0 0 0 3 0 0 0 0 0 0 0 0 14 0 0 

4 5 5 4 2 1 2 4 5 -5 -6 2 10 13 9 -2 

4 5 5 4 2 1 2 4 5 -5 -6 2 10 13 9 -2 

0 0 0 0 0 0 0 0 0 0 0 0 0 0 0 0 

0 0 0 0 0 0 0 0 0 0 0 0 0 0 0 0 

Detected: swipe_left
Channels: 6
Length: 6
Data:
0 0 0 0 0 0 

0 0 0 0 0 0 

3 -1 0 -3 -1 -1 

3 -1 0 -3 -1 -1 

0 0 0 0 0 0 

0 0 0 0 0 0 

Detected: swipe_left
Channels: 6
Length: 30
Data:
0 0 0 0 0 0 3 4 -1 -1 0 0 0 0 0 0 -1 -2 -2 -2 -2 0 0 0 0 0 0 0 0 0 

0 0 0 0 0 0 4 5 -1 0 0 0 0 0 0 0 0 0 0 0 0 0 -1 0 0 -1 0 0 0 0 

2 2 0 0 8 8 7 6 2 1 -1 0 0 1 0 0 -2 -4 -4 -3 -3 -3 -2 -3 -1 -2 -3 -3 0 0 

2 2 0 0 8 8 7 6 2 1 -1 0 0 1 0 0 -2 -4 -4 -3 -3 -3 -2 -3 -1 -2 -3 -3 0 0 

0 0 0 0 0 0 0 1 0 0 0 0 0 0 0 0 0 0 0 0 0 0 0 0 0 0 0 0 0 -2 

0 0 0 0 0 0 0 -3 0 0 0 0 0 0 0 0 0 0 0 0 0 0 0 0 0 0 0 0 0 0 

Detected: tap_down
Channels: 6
Length: 38
Data:
0 0 0 0 0 0 0 0 8 0 0 0 0 -6 -5 0 7 0 0 0 -5 -5 0 0 0 3 -2 0 0 0 0 0 -1 0 0 0 0 0 

0 0 0 0 0 0 0 0 0 0 0 0 17 16 0 0 -13 -9 0 0 19 0 0 0 0 -11 -7 -1 0 0 0 0 0 0 0 0 0 0 

1 1 1 2 2 1 1 6 7 1 -15 0 20 17 5 4 6 -18 -5 17 17 5 0 2 1 2 -10 -5 0 0 0 -1 -3 -3 -2 -2 -4 -3 

1 1 1 2 2 1 1 6 7 1 -15 0 20 17 5 4 6 -18 -5 17 17 5 0 2 1 2 -10 -5 0 0 0 -1 -3 -3 -2 -2 -4 -3 

0 0 0 0 0 0 0 0 0 0 0 0 0 -14 0 0 0 0 0 0 -14 0 0 0 0 10 0 0 0 0 0 0 0 0 0 0 0 0 

0 0 0 0 0 0 0 0 0 0 0 0 0 0 0 0 0 0 0 0 0 0 0 0 0 0 0 0 0 0 0 0 0 0 0 -1 -1 0 

Detected: x
Channels: 6
Length: 41
Data:
0 0 0 0 0 0 0 0 0 0 0 0 5 5 0 0 0 -3 0 -1 3 7 0 0 0 0 1 -5 0 0 3 3 0 -1 0 0 0 0 0 0 0 

0 0 0 0 0 0 4 2 0 0 0 0 0 0 -8 0 8 7 4 0 0 -1 -14 0 0 10 8 4 0 0 -1 -5 -7 -5 0 0 0 0 0 0 0 

2 3 3 0 5 3 6 3 2 1 3 5 4 -13 -14 0 12 10 8 3 4 5 -13 -11 0 13 10 8 0 0 -5 -10 -12 -7 -2 0 -1 -4 -6 -5 -5 

2 3 3 0 5 3 6 3 2 1 3 5 4 -13 -14 0 12 10 8 3 4 5 -13 -11 0 13 10 8 0 0 -5 -10 -12 -7 -2 0 -1 -4 -6 -5 -5 

0 0 0 0 0 0 0 0 0 0 0 0 7 4 0 0 0 -3 0 0 4 0 4 0 0 -1 -5 -6 0 0 5 1 3 0 0 0 0 0 0 0 0 

0 0 2 0 0 0 0 0 0 0 0 0 0 0 0 0 0 0 0 0 0 0 0 0 0 0 -4 0 0 0 0 -1 -2 0 0 0 0 0 0 0 0 

Detected: tap_up
Channels: 6
Length: 15
Data:
0 0 0 0 0 0 3 2 0 -11 -14 -20 0 -13 -7 

0 0 0 0 0 0 6 6 0 0 0 0 0 0 0 

1 2 0 6 7 7 6 6 5 -11 -18 -19 0 -5 -10 

1 2 0 6 7 7 6 6 5 -11 -18 -19 0 -5 -10 

0 0 0 0 0 0 0 0 0 0 0 -16 0 0 0 

0 0 0 0 2 0 0 0 0 0 0 0 0 0 0 

Detected: swipe_left
Channels: 6
Length: 5
Data:
0 1 0 0 0 

0 0 0 0 0 

1 0 0 0 3 

1 0 0 0 3 

0 0 0 0 0 

0 0 0 0 0 

Detected: swipe_left
Channels: 6
Length: 5
Data:
0 0 0 0 0 

0 0 0 0 0 

1 0 0 0 1 

1 0 0 0 1 

0 0 0 0 0 

0 0 0 0 0 

Detected: tap_down
Channels: 6
Length: 22
Data:
0 0 0 0 0 0 3 3 0 0 0 0 -7 -4 5 3 0 0 2 0 -3 -4 

0 0 0 0 0 0 0 -7 -6 0 7 9 0 0 0 -6 -8 0 7 8 8 1 

4 0 3 4 5 5 6 9 -11 -5 11 14 10 1 -2 -9 -13 -8 9 11 8 -2 

4 0 3 4 5 5 6 9 -11 -5 11 14 10 1 -2 -9 -13 -8 9 11 8 -2 

0 0 0 0 0 0 0 3 0 0 0 -4 0 0 0 0 0 0 0 0 -2 -4 

0 0 0 0 0 0 0 0 0 0 0 -4 0 0 0 3 0 0 0 0 0 0 

Detected: tap_front
Channels: 6
Length: 6
Data:
0 0 0 -1 0 0 

0 0 0 0 0 0 

-3 -2 -2 -2 -3 -2 

-3 -2 -2 -2 -3 -2 

0 0 0 0 0 0 

0 0 0 0 0 0 

Detected: tap_right
Channels: 6
Length: 18
Data:
0 0 0 0 6 3 0 0 -3 -4 -2 1 2 0 0 -3 -8 0 

0 0 0 0 -1 -4 0 0 9 9 0 0 -3 0 5 8 2 0 

4 3 2 3 5 5 -12 -3 -2 -3 -1 -5 -12 -11 -2 -6 -5 -1 

4 3 2 3 5 5 -12 -3 -2 -3 -1 -5 -12 -11 -2 -6 -5 -1 

0 0 0 0 0 6 1 0 -4 -5 0 0 1 0 0 -3 -8 0 

0 0 0 0 0 0 0 0 0 0 0 0 2 0 0 0 0 0 

Detected: tap_up
Channels: 6
Length: 14
Data:
0 1 -3 0 -5 -3 -6 0 3 0 0 1 0 -1 

0 -2 -4 0 10 8 2 0 -8 -3 -1 4 3 2 

-6 -11 -12 -2 -2 -2 -4 1 5 3 -5 5 4 4 

-6 -11 -12 -2 -2 -2 -4 1 5 3 -5 5 4 4 

6 0 0 0 0 -2 0 0 3 0 0 0 0 -1 

0 0 0 0 1 0 0 0 0 0 0 0 0 0 

Detected: swipe_up
Channels: 6
Length: 9
Data:
0 0 -1 0 -2 0 0 0 0 

0 -2 -2 -3 0 0 0 0 0 

-2 -3 -4 -6 -5 -3 -3 -3 -3 

-2 -3 -4 -6 -5 -3 -3 -3 -3 

0 0 0 0 0 0 0 0 0 

0 0 0 0 0 0 0 -1 0 

Detected: swipe_left
Channels: 6
Length: 10
Data:
0 0 0 0 0 0 0 0 0 0 

0 0 0 0 0 0 0 0 0 0 

6 0 0 0 -2 -2 -3 -2 -3 -3 

6 0 0 0 -2 -2 -3 -2 -3 -3 

0 0 0 0 0 0 0 0 0 0 

1 0 0 0 0 0 0 0 0 0 

Detected: swipe_left
Channels: 6
Length: 9
Data:
0 0 8 7 0 0 0 0 0 

0 0 0 0 0 0 0 0 0 

1 0 -7 -7 0 0 0 -5 -2 

1 0 -7 -7 0 0 0 -5 -2 

0 0 0 0 0 0 0 0 0 

0 0 0 0 0 0 0 0 0 

Detected: tap_down
Channels: 6
Length: 20
Data:
0 0 0 0 0 0 0 0 -1 -2 0 0 0 0 0 0 0 0 0 0 

0 0 0 1 3 0 0 0 0 0 0 0 0 -10 0 0 0 0 9 3 

-1 -1 0 2 8 11 0 15 3 2 0 -3 -8 -11 0 -2 0 0 9 4 

-1 -1 0 2 8 11 0 15 3 2 0 -3 -8 -11 0 -2 0 0 9 4 

0 0 0 0 0 0 0 0 -6 0 0 0 7 0 0 0 0 0 -5 0 

0 0 0 0 0 0 0 0 0 0 0 0 0 0 0 0 0 0 0 0 

Detected: swipe_left
Channels: 6
Length: 5
Data:
0 0 -4 0 -12 

1 4 4 0 0 

1 4 4 0 -2 

1 4 4 0 -2 

0 0 0 0 0 

0 0 0 0 0 

Detected: swipe_left
Channels: 6
Length: 5
Data:
0 0 0 0 0 

0 0 0 0 0 

1 0 0 0 1 

1 0 0 0 1 

0 0 0 0 0 

0 0 0 0 0 

Detected: swipe_left
Channels: 6
Length: 9
Data:
0 0 0 1 5 7 5 3 1 

0 0 0 2 6 6 7 3 0 

-1 0 0 0 7 10 11 6 3 

-1 0 0 0 7 10 11 6 3 

0 0 0 0 0 0 0 1 0 

0 0 0 0 0 0 0 0 0 

Detected: tap_down
Channels: 6
Length: 24
Data:
-1 0 -3 -3 -2 1 4 6 6 5 2 0 0 -5 -5 -5 -4 -1 3 4 6 5 3 0 

0 0 -2 -1 0 0 2 7 7 5 0 0 -2 -3 -5 -3 -2 0 3 0 0 5 4 0 

-3 -3 -5 -5 -3 3 7 9 10 7 7 -3 -3 -8 -9 -7 -6 0 3 8 8 8 6 2 

-3 -3 -5 -5 -3 3 7 9 10 7 7 -3 -3 -8 -9 -7 -6 0 3 8 8 8 6 2 

0 0 0 0 0 0 0 0 1 7 0 0 -5 -1 -1 0 0 0 0 0 0 1 5 0 

0 0 0 0 0 0 0 0 0 0 0 0 0 0 0 0 0 0 0 0 0 0 0 0 

Detected: swipe_right
Channels: 6
Length: 10
Data:
0 0 0 0 0 0 -1 0 0 0 

0 0 0 0 1 5 7 7 0 0 

-1 -1 0 0 1 5 7 5 0 0 

-1 -1 0 0 1 5 7 5 0 0 

0 0 0 0 0 -1 -2 -8 0 -3 

0 0 0 0 0 0 0 0 0 0 

Detected: tap_down
Channels: 6
Length: 25
Data:
0 0 -2 0 1 5 8 8 7 6 -2 -7 -7 -4 -6 -3 2 6 6 5 0 0 0 -1 -1 

0 -1 -1 0 0 4 6 8 5 3 0 0 -3 -4 -2 0 0 6 6 0 0 0 0 0 0 

-2 -3 -2 -1 3 6 11 11 9 6 -2 -9 -8 -7 -8 -3 4 9 9 8 3 0 0 0 -3 

-2 -3 -2 -1 3 6 11 11 9 6 -2 -9 -8 -7 -8 -3 4 9 9 8 3 0 0 0 -3 

0 0 0 0 0 0 0 2 3 8 -3 -6 -1 0 0 0 0 0 0 1 0 0 0 0 -1 

0 0 0 0 0 0 0 0 0 1 -1 -1 -1 0 0 0 0 0 0 0 0 0 0 0 0 

Detected: swipe_left
Channels: 6
Length: 13
Data:
0 0 0 0 0 0 0 0 0 0 0 0 0 

0 -1 -2 -1 0 0 0 6 7 0 0 0 0 

-1 -3 -3 -2 0 2 4 5 6 0 0 -3 -2 

-1 -3 -3 -2 0 2 4 5 6 0 0 -3 -2 

0 0 0 0 0 0 0 0 -2 0 0 -4 0 

0 0 0 0 0 0 0 0 0 0 0 0 0 

Detected: swipe_left
Channels: 6
Length: 5
Data:
0 0 0 0 0 

0 0 0 0 0 

1 0 0 0 1 

1 0 0 0 1 

0 0 0 0 0 

0 0 0 0 0 

Detected: tap_down
Channels: 6
Length: 27
Data:
0 0 0 0 0 0 0 4 7 7 8 3 -3 -6 -6 -7 -6 -5 -1 5 7 9 3 0 0 0 0 

0 -1 0 0 0 0 0 3 4 10 6 0 0 -3 -5 -5 0 -2 0 4 6 8 0 0 0 0 0 

-2 -3 -2 -1 0 0 1 7 12 13 12 6 0 -7 -8 -11 -8 -5 -1 6 10 11 9 2 0 0 -1 

-2 -3 -2 -1 0 0 1 7 12 13 12 6 0 -7 -8 -11 -8 -5 -1 6 10 11 9 2 0 0 -1 

0 0 0 0 0 0 0 0 0 0 0 1 0 -7 -2 -1 0 0 0 0 0 2 1 2 0 0 0 

0 0 0 0 0 0 0 0 0 0 0 0 0 0 -2 0 0 0 0 0 0 0 0 0 0 0 0 

Detected: swipe_left
Channels: 6
Length: 7
Data:
0 0 0 -2 0 0 -6 

0 4 5 5 0 0 0 

1 1 5 1 0 0 0 

1 1 5 1 0 0 0 

0 0 0 0 0 0 -3 

0 0 1 0 0 0 0 

Detected: swipe_left
Channels: 6
Length: 5
Data:
0 0 0 0 0 

0 0 0 0 0 

-3 0 0 0 -1 

-3 0 0 0 -1 

0 0 0 0 0 

0 0 0 0 0 

Detected: tap_down
Channels: 6
Length: 9
Data:
0 0 4 0 0 0 0 -8 0 

0 0 -6 0 0 0 12 9 0 

7 6 5 -10 -6 9 15 13 6 

7 6 5 -10 -6 9 15 13 6 

0 0 5 0 0 0 0 -10 0 

0 -3 0 0 0 0 0 0 0 

Detected: tap_down
Channels: 6
Length: 10
Data:
0 0 5 -4 0 0 0 4 0 -7 

0 0 -7 -6 0 0 0 13 8 5 

1 4 5 -13 -11 -4 7 12 11 5 

1 4 5 -13 -11 -4 7 12 11 5 

0 0 0 0 0 0 0 0 -3 -8 

0 0 -4 -1 0 0 0 0 0 0 

Detected: tap_back
Channels: 6
Length: 18
Data:
0 0 4 0 0 0 0 -4 -4 0 0 0 -7 -8 -7 -6 -2 0 

0 0 -8 0 0 0 10 8 5 0 0 0 -5 0 0 0 -1 0 

1 1 -13 -11 -2 3 5 11 8 0 -5 -8 -11 -11 -11 -8 -4 -1 

1 1 -13 -11 -2 3 5 11 8 0 -5 -8 -11 -11 -11 -8 -4 -1 

0 0 6 0 0 0 0 -4 -4 0 0 0 0 0 0 0 0 0 

0 0 0 0 0 0 0 0 0 0 0 0 0 0 0 0 0 0 

Detected: swipe_front
Channels: 6
Length: 6
Data:
0 1 0 0 0 0 

0 0 0 0 0 1 

1 1 3 3 2 2 

1 1 3 3 2 2 

0 0 0 0 0 0 

0 0 0 0 0 0 

Detected: tap_down
Channels: 6
Length: 21
Data:
0 0 -1 0 0 5 7 6 4 0 -4 -7 -6 -3 6 7 5 0 0 0 0 

0 0 0 -1 0 2 6 4 2 0 0 0 -4 0 4 0 0 0 0 0 0 

0 -4 -4 -3 -1 8 11 10 6 3 5 -9 -10 -4 9 12 10 -2 0 1 1 

0 -4 -4 -3 -1 8 11 10 6 3 5 -9 -10 -4 9 12 10 -2 0 1 1 

3 2 0 0 0 0 3 -5 0 0 0 0 0 0 0 0 0 0 0 0 0 

0 0 0 0 0 0 0 0 0 0 0 0 0 0 0 0 0 0 0 0 0 

Detected: tap_down
Channels: 6
Length: 19
Data:
0 5 0 0 0 0 0 -5 0 0 0 0 0 0 0 0 0 0 0 

0 -6 0 -2 3 10 8 8 0 0 0 0 0 -2 -7 0 0 0 0 

2 -7 -11 -4 0 8 12 8 1 -2 0 2 0 6 2 -8 -2 0 1 

2 -7 -11 -4 0 8 12 8 1 -2 0 2 0 6 2 -8 -2 0 1 

0 7 0 0 0 0 -4 -5 0 0 0 0 0 4 5 0 0 0 0 

0 0 0 0 0 0 0 2 0 0 0 0 0 0 -1 0 0 0 0 

Detected: tap_down
Channels: 6
Length: 23
Data:
0 0 0 0 0 0 0 0 0 6 0 0 0 0 -2 0 0 0 0 0 0 0 0 

1 10 10 11 0 0 0 0 0 -5 -6 0 0 0 11 7 0 0 0 0 -2 -4 0 

5 11 11 6 0 -2 0 0 4 4 -14 -10 3 11 16 3 -2 0 2 -1 -4 -2 -1 

5 11 11 6 0 -2 0 0 4 4 -14 -10 3 11 16 3 -2 0 2 -1 -4 -2 -1 

0 0 0 0 0 0 0 0 0 8 6 0 0 0 -6 -4 0 0 0 0 3 2 0 

0 0 0 0 0 0 0 0 0 0 0 0 0 0 0 0 0 0 0 0 -2 -1 0 

Detected: tap_down
Channels: 6
Length: 20
Data:
0 0 0 0 0 0 0 0 0 0 0 2 1 -3 0 0 0 -2 -5 0 

0 0 0 0 0 0 0 11 6 1 0 0 -3 -6 0 0 9 9 2 0 

-1 0 0 0 4 9 11 13 8 2 0 -4 -11 -10 -5 4 12 12 8 -1 

-1 0 0 0 4 9 11 13 8 2 0 -4 -11 -10 -5 4 12 12 8 -1 

0 0 0 0 0 0 0 -6 -2 0 0 0 1 0 0 0 -1 -5 -4 0 

0 0 0 0 0 0 0 0 0 0 0 0 0 0 0 0 0 -3 0 0 

Detected: swipe_right
Channels: 6
Length: 24
Data:
0 0 0 0 0 0 0 0 0 0 0 0 0 -1 -9 0 3 0 0 0 0 0 -5 0 

0 -2 0 0 0 0 0 0 0 2 4 0 0 9 2 0 -4 -9 0 0 0 14 12 0 

-3 -4 -2 -2 -5 -5 -4 -3 0 4 10 20 0 11 5 0 -8 -10 -16 -11 9 19 12 4 

-3 -4 -2 -2 -5 -5 -4 -3 0 4 10 20 0 11 5 0 -8 -10 -16 -11 9 19 12 4 

0 0 0 0 0 0 0 0 0 0 0 0 0 -2 0 0 0 2 0 0 0 0 -3 0 

0 0 0 0 0 0 0 0 0 0 0 0 0 0 0 0 0 1 0 0 0 0 0 0 

Detected: swipe_left
Channels: 6
Length: 5
Data:
0 0 0 0 0 

0 0 0 0 0 

1 0 0 0 2 

1 0 0 0 2 

0 0 0 0 0 

0 0 0 0 0 

Detected: swipe_left
Channels: 6
Length: 5
Data:
0 0 0 0 0 

0 0 0 0 0 

-3 -3 -3 -1 -1 

-3 -3 -3 -1 -1 

0 0 0 0 0 

0 0 0 0 0 

Detected: swipe_right
Channels: 6
Length: 14
Data:
1 0 0 0 0 0 0 0 0 0 0 -7 -9 -9 

0 0 0 0 0 0 0 0 0 0 10 9 8 0 

0 0 -5 -5 -3 -1 0 2 4 0 9 13 7 -3 

0 0 -5 -5 -3 -1 0 2 4 0 9 13 7 -3 

0 0 0 0 0 0 0 0 0 0 0 0 0 0 

0 0 0 0 0 0 0 0 0 0 0 0 0 0 

Detected: tap_down
Channels: 6
Length: 16
Data:
0 8 4 0 0 0 0 0 0 0 0 0 -5 -5 -3 -3 

0 -4 -6 -7 0 0 0 0 0 0 7 9 9 5 2 0 

6 7 2 -10 0 -3 -1 1 2 2 7 5 9 7 -3 0 

6 7 2 -10 0 -3 -1 1 2 2 7 5 9 7 -3 0 

4 0 0 0 0 0 0 0 0 0 0 0 0 -3 0 -1 

0 0 0 0 0 0 0 0 0 0 0 0 0 0 0 0 

Detected: swipe_left
Channels: 6
Length: 8
Data:
1 0 0 0 0 0 0 0 

0 -1 0 0 0 0 0 0 

-1 -2 -2 -3 -3 -3 -2 -1 

-1 -2 -2 -3 -3 -3 -2 -1 

0 0 0 0 0 0 0 0 

0 0 0 0 0 0 0 0 

Detected: swipe_left
Channels: 6
Length: 5
Data:
0 0 0 0 0 

0 0 0 0 0 

1 0 0 0 2 

1 0 0 0 2 

0 0 0 0 0 

0 0 0 0 0 

Detected: tap_down
Channels: 6
Length: 18
Data:
0 0 0 0 -1 0 -3 0 0 0 0 0 3 -5 0 0 -7 0 

2 0 0 10 2 0 -5 0 0 0 0 0 7 2 0 -3 0 0 

4 2 10 12 9 1 -11 -10 -8 0 5 10 13 9 -1 -7 -8 -6 

4 2 10 12 9 1 -11 -10 -8 0 5 10 13 9 -1 -7 -8 -6 

0 0 0 0 0 0 0 0 0 0 0 0 -6 -5 0 0 0 0 

0 0 0 0 0 0 0 0 0 0 0 0 0 0 0 0 0 0 

Detected: x
Channels: 6
Length: 19
Data:
1 2 0 0 -5 -8 -8 -2 0 8 7 -1 0 0 0 -1 -9 -9 0 

1 5 11 12 12 0 0 0 0 0 -8 -9 0 0 9 10 7 0 0 

1 6 8 10 10 6 -6 0 3 4 -8 -8 -4 3 3 8 6 -7 -3 

1 6 8 10 10 6 -6 0 3 4 -8 -8 -4 3 3 8 6 -7 -3 

0 0 0 0 0 0 -4 0 0 4 3 0 0 0 0 0 -5 0 0 

0 0 0 0 4 0 0 0 0 0 0 0 0 0 0 0 0 0 0 

Detected: swipe_up
Channels: 6
Length: 6
Data:
0 0 0 0 0 0 

0 0 0 0 0 0 

4 5 0 -20 0 -14 

4 5 0 -20 0 -14 

1 0 0 0 0 0 

0 0 0 0 0 0 

Detected: swipe_front
Channels: 6
Length: 4
Data:
0 0 0 0 

0 0 0 4 

2 4 4 4 

2 4 4 4 

0 0 0 0 

0 0 0 0 

Detected: swipe_left
Channels: 6
Length: 4
Data:
0 0 0 0 

0 0 0 0 

1 0 1 1 

1 0 1 1 

0 0 0 0 

0 0 0 0 

Detected: swipe_right
Channels: 6
Length: 19
Data:
0 2 4 4 4 -4 -6 0 0 0 0 0 -2 0 0 2 0 0 0 

0 0 0 0 8 6 0 0 0 0 0 0 -4 0 2 5 3 0 0 

1 3 7 13 6 7 4 -2 0 0 -4 -3 -4 0 0 5 4 4 -3 

1 3 7 13 6 7 4 -2 0 0 -4 -3 -4 0 0 5 4 4 -3 

0 0 0 0 0 -2 -6 0 0 0 0 0 0 0 0 -1 -2 -4 0 

0 0 0 0 0 0 0 0 0 0 0 0 0 0 0 0 0 0 0 

Detected: swipe_right
Channels: 6
Length: 32
Data:
0 0 0 0 0 0 0 0 0 0 0 0 0 0 0 8 -7 -10 0 0 0 0 6 2 -6 0 0 7 0 -10 0 0 

0 -1 -3 -4 -4 0 0 0 0 0 0 0 0 4 0 11 11 5 1 0 0 0 0 -8 -5 -3 5 0 9 4 1 0 

-2 -2 -5 -5 -5 -3 -3 -2 -1 0 0 1 4 8 11 17 12 8 -4 0 0 3 7 4 -10 -7 7 11 7 10 -5 -3 

-2 -2 -5 -5 -5 -3 -3 -2 -1 0 0 1 4 8 11 17 12 8 -4 0 0 3 7 4 -10 -7 7 11 7 10 -5 -3 

0 0 3 0 0 0 0 0 0 0 0 0 0 0 0 0 0 -5 0 0 0 0 0 0 0 0 0 0 0 -7 0 -2 

0 0 0 0 0 0 0 0 0 0 0 0 0 0 0 0 0 0 0 0 0 0 0 0 0 0 0 0 0 0 0 0 

Detected: scratchout
Channels: 6
Length: 23
Data:
8 8 2 -9 -5 0 0 0 8 -7 -11 -11 0 0 0 0 0 11 10 0 -7 -5 0 

-5 -7 -10 -10 0 0 0 0 11 9 5 0 0 0 0 0 0 0 -7 -9 -6 0 0 

6 4 -18 -18 -7 -3 5 6 19 11 7 0 0 -8 0 0 0 7 9 -11 -10 -4 -2 

6 4 -18 -18 -7 -3 5 6 19 11 7 0 0 -8 0 0 0 7 9 -11 -10 -4 -2 

5 6 0 0 0 0 0 0 -1 -3 -6 -5 0 0 0 0 0 6 8 0 0 0 0 

0 0 0 0 0 0 0 0 0 0 0 0 0 0 0 0 0 0 0 0 0 0 0 

Detected: swipe_up
Channels: 6
Length: 14
Data:
0 0 0 0 0 0 1 0 0 0 0 0 0 0 

0 0 0 0 3 3 2 0 -3 -4 0 0 0 0 

1 3 3 4 2 2 3 3 0 -14 -19 -18 -12 -4 

1 3 3 4 2 2 3 3 0 -14 -19 -18 -12 -4 

0 0 0 0 0 0 0 0 0 5 0 0 0 0 

0 0 0 0 0 0 0 0 0 0 0 0 0 0 

Detected: swipe_left
Channels: 6
Length: 3
Data:
0 0 0 

0 0 0 

1 1 2 

1 1 2 

0 0 0 

0 0 0 

Detected: swipe_right
Channels: 6
Length: 22
Data:
0 0 0 0 0 0 0 0 -2 -7 -8 -4 0 0 6 0 0 0 0 6 -5 -9 

0 0 0 0 1 0 7 0 13 10 4 0 0 0 -4 -9 0 0 6 10 9 6 

-3 -3 0 0 3 7 11 7 11 12 5 0 0 2 6 1 0 0 0 15 6 8 

-3 -3 0 0 3 7 11 7 11 12 5 0 0 2 6 1 0 0 0 15 6 8 

0 0 0 0 0 0 0 0 0 0 0 -3 0 0 4 0 0 0 0 0 0 -5 

0 0 0 0 0 0 0 0 0 0 0 0 0 0 0 0 0 0 0 0 0 0 

Detected: tap_down
Channels: 6
Length: 22
Data:
0 0 4 0 0 0 0 0 0 -3 -3 0 0 3 0 -8 0 0 0 0 -2 -3 

0 0 -8 -14 -8 -2 0 10 12 11 3 0 0 -3 -10 0 0 1 11 10 5 0 

0 5 6 -19 -16 -4 6 13 20 10 8 -1 2 7 -15 -15 -7 9 8 8 7 -1 

0 5 6 -19 -16 -4 6 13 20 10 8 -1 2 7 -15 -15 -7 9 8 8 7 -1 

1 0 0 0 0 0 0 0 0 0 -5 0 0 6 0 0 0 0 0 0 0 0 

0 0 0 0 0 0 0 0 0 0 0 0 0 0 0 0 0 0 0 0 0 0 

Detected: tap_down
Channels: 6
Length: 21
Data:
0 3 4 0 0 0 0 0 0 3 -6 0 0 0 0 0 5 3 0 -4 -2 

0 -6 0 0 -6 0 2 6 13 11 4 1 0 0 0 0 -1 -7 -7 -5 -2 

2 3 -10 -16 -14 -2 3 11 15 9 8 -5 -3 2 4 5 5 3 -11 -8 -3 

2 3 -10 -16 -14 -2 3 11 15 9 8 -5 -3 2 4 5 5 3 -11 -8 -3 

0 0 0 0 0 0 0 0 0 0 0 0 -1 0 3 0 6 3 0 0 0 

0 0 0 0 0 0 0 0 0 0 0 0 0 0 0 0 0 -4 0 0 0 

Detected: swipe_right
Channels: 6
Length: 22
Data:
0 2 3 3 2 -5 0 0 0 0 0 4 2 -5 -5 0 2 0 0 -7 -6 0 

1 3 3 6 5 6 3 0 0 0 0 -3 -4 -8 -5 0 3 0 13 6 5 0 

0 4 6 9 6 4 1 -5 0 0 1 6 4 2 -8 0 2 8 11 8 4 -3 

0 4 6 9 6 4 1 -5 0 0 1 6 4 2 -8 0 2 8 11 8 4 -3 

0 0 0 0 0 -4 -5 -2 0 0 3 6 3 0 0 0 0 0 0 -4 -5 0 

0 0 0 0 2 0 0 0 0 0 0 0 0 0 0 0 0 0 2 0 0 0 

Detected: swipe_left
Channels: 6
Length: 5
Data:
0 0 0 0 0 

0 0 0 0 0 

2 0 0 0 1 

2 0 0 0 1 

0 0 0 0 0 

0 0 0 0 0 

Detected: tap_down
Channels: 6
Length: 21
Data:
0 4 5 0 0 0 0 0 0 -5 -9 -11 0 0 0 0 7 4 0 0 0 

0 -1 -6 -7 0 0 1 0 8 11 5 4 0 0 0 0 0 -5 -9 0 0 

2 4 4 -8 -6 -2 3 0 9 8 7 -4 0 0 0 3 4 2 -9 -11 -6 

2 4 4 -8 -6 -2 3 0 9 8 7 -4 0 0 0 3 4 2 -9 -11 -6 

2 0 0 0 0 0 0 0 0 0 -6 -4 0 0 0 2 0 0 0 0 0 

0 0 0 0 0 0 0 0 0 0 0 0 0 0 0 0 0 0 0 0 0 

Detected: swipe_right
Channels: 6
Length: 6
Data:
0 0 -2 -4 -5 -8 

4 6 8 0 6 2 

0 0 0 4 3 -5 

0 0 0 4 3 -5 

0 0 0 0 0 0 

0 0 5 4 4 0 

Detected: swipe_left
Channels: 6
Length: 9
Data:
0 0 0 0 -4 -5 -4 -2 -1 

0 0 0 0 3 4 1 0 0 

6 0 0 0 2 2 1 0 0 

6 0 0 0 2 2 1 0 0 

0 0 0 0 0 0 -2 0 0 

0 0 0 0 3 3 0 0 0 

Detected: swipe_left
Channels: 6
Length: 8
Data:
1 0 0 0 0 0 0 0 

0 0 0 0 0 0 0 0 

0 -1 -2 -3 -4 -4 -2 0 

0 -1 -2 -3 -4 -4 -2 0 

0 0 0 0 0 0 0 0 

0 0 0 0 0 0 0 -1 

Detected: swipe_left
Channels: 6
Length: 12
Data:
0 0 0 0 0 0 0 -6 -6 0 0 0 

0 2 2 0 0 0 0 0 0 0 0 0 

2 5 8 10 12 11 0 -3 -3 -3 -4 -2 

2 5 8 10 12 11 0 -3 -3 -3 -4 -2 

0 0 0 0 0 0 0 -3 -2 0 0 0 

0 0 0 0 0 5 4 0 0 0 0 0 

Detected: tap_up
Channels: 6
Length: 16
Data:
0 0 0 0 1 0 0 0 0 0 0 0 0 0 0 0 

0 0 0 0 -8 0 0 0 0 0 0 14 0 0 0 0 

3 0 0 -11 -16 -19 -11 -10 2 10 10 0 11 6 0 -3 

3 0 0 -11 -16 -19 -11 -10 2 10 10 0 11 6 0 -3 

0 0 0 0 0 0 0 0 0 0 0 0 0 0 0 0 

0 0 0 0 0 0 0 0 0 0 0 0 0 0 0 0 

Detected: tap_up
Channels: 6
Length: 19
Data:
0 0 0 4 0 0 0 0 0 -5 -6 0 0 0 0 5 0 0 0 

0 0 -1 0 0 -6 0 7 0 12 0 0 0 0 0 0 -9 0 -3 

0 0 -9 -13 -8 -14 0 11 13 13 11 0 0 0 0 -11 -10 -6 -5 

0 0 -9 -13 -8 -14 0 11 13 13 11 0 0 0 0 -11 -10 -6 -5 

2 0 0 0 0 0 0 0 0 0 0 0 0 0 0 0 0 0 0 

0 0 0 0 0 0 0 0 0 0 0 0 0 0 0 0 0 0 0 

Detected: x
Channels: 6
Length: 28
Data:
0 0 0 -7 0 0 0 0 0 0 0 0 0 0 -7 -13 0 0 10 0 0 0 0 0 0 0 -10 0 

5 0 13 7 0 0 0 0 -7 0 0 0 8 13 14 8 0 0 -3 0 0 0 0 12 12 12 0 0 

7 11 11 13 0 0 0 0 -14 -12 0 0 10 14 17 7 0 0 -13 -14 0 -7 2 8 15 14 2 0 

7 11 11 13 0 0 0 0 -14 -12 0 0 10 14 17 7 0 0 -13 -14 0 -7 2 8 15 14 2 0 

0 0 0 0 0 0 0 0 0 0 0 0 0 0 0 0 0 0 0 0 0 0 0 0 0 0 0 -3 

0 0 0 0 0 0 0 0 0 0 0 0 0 0 0 0 0 0 0 0 0 0 0 0 0 0 0 0 

Keypress: A

Detected: swipe_up
Channels: 6
Length: 10
Data:
0 0 0 0 -2 -12 -15 -19 -20 0 

0 0 0 3 2 2 0 0 0 0 

7 7 0 3 3 -8 -13 -19 -20 -5 

7 7 0 3 3 -8 -13 -19 -20 -5 

0 0 0 0 0 0 0 0 0 0 

0 0 0 0 0 3 1 0 0 0 

Detected: swipe_left
Channels: 6
Length: 5
Data:
0 0 0 0 0 

0 0 0 0 0 

6 6 2 4 3 

6 6 2 4 3 

0 0 0 0 0 

0 0 0 0 0 

Detected: tap_up
Channels: 6
Length: 37
Data:
0 0 0 0 0 5 0 0 0 0 0 0 0 0 -6 0 0 0 0 0 0 -8 0 0 0 0 0 -9 0 0 0 0 0 4 0 -4 -2 

0 0 0 0 0 0 -8 0 -6 0 0 8 9 7 7 0 0 0 0 -6 -9 0 0 0 9 10 10 9 0 0 0 0 0 -3 -7 0 -3 

1 3 6 0 1 7 -8 -11 -10 -2 3 4 0 9 6 0 0 0 0 -9 -10 -11 -3 -1 5 17 10 9 0 -4 3 0 -1 -9 -12 -11 -3 

1 3 6 0 1 7 -8 -11 -10 -2 3 4 0 9 6 0 0 0 0 -9 -10 -11 -3 -1 5 17 10 9 0 -4 3 0 -1 -9 -12 -11 -3 

0 0 0 4 0 0 0 0 0 0 0 0 0 0 0 0 0 0 4 0 0 0 0 0 0 0 0 -8 0 0 0 2 0 0 0 0 0 

0 0 0 0 0 0 0 0 0 0 0 0 0 0 0 0 0 0 0 0 0 0 0 0 0 0 0 0 0 0 0 0 0 0 0 0 0 

Detected: swipe_left
Channels: 6
Length: 3
Data:
-2 0 0 

0 0 0 

-2 -2 -2 

-2 -2 -2 

0 0 0 

0 0 0 

Detected: swipe_left
Channels: 6
Length: 5
Data:
0 0 0 0 0 

0 0 0 0 0 

1 0 0 0 3 

1 0 0 0 3 

0 0 0 0 0 

0 0 0 0 0 

Detected: swipe_left
Channels: 6
Length: 7
Data:
0 0 0 0 0 0 0 

0 0 0 0 0 0 0 

-4 -5 0 0 -1 -5 -3 

-4 -5 0 0 -1 -5 -3 

0 0 0 0 0 0 0 

0 0 0 0 0 0 0 

Detected: swipe_front
Channels: 6
Length: 4
Data:
0 0 0 0 

0 0 0 0 

5 6 4 2 

5 6 4 2 

0 0 0 0 

0 0 0 0 

Detected: swipe_left
Channels: 6
Length: 7
Data:
0 0 0 0 0 0 0 

0 0 0 0 0 0 0 

-1 0 0 0 -3 -2 -1 

-1 0 0 0 -3 -2 -1 

0 0 0 0 0 0 0 

0 0 0 0 0 0 0 

Detected: swipe_left
Channels: 6
Length: 7
Data:
0 0 0 0 0 0 0 

0 0 0 0 0 0 0 

3 4 3 3 4 3 1 

3 4 3 3 4 3 1 

0 0 0 0 0 0 0 

0 0 0 0 0 0 0 

Detected: swipe_left
Channels: 6
Length: 7
Data:
0 0 0 0 -3 -3 -2 

0 0 0 0 0 0 0 

-5 -6 -5 0 -3 -3 0 

-5 -6 -5 0 -3 -3 0 

0 0 0 0 0 0 0 

0 0 0 0 0 0 0 

Detected: swipe_front
Channels: 6
Length: 5
Data:
0 0 0 0 0 

0 0 0 0 0 

2 1 7 7 5 

2 1 7 7 5 

0 0 0 0 0 

0 0 0 0 0 

Detected: swipe_left
Channels: 6
Length: 13
Data:
0 0 0 0 0 0 0 0 0 0 0 0 0 

0 0 0 0 0 0 0 0 0 0 2 2 0 

1 0 1 0 0 0 3 2 0 2 2 1 1 

1 0 1 0 0 0 3 2 0 2 2 1 1 

0 0 0 0 0 0 0 0 0 0 0 0 0 

0 0 0 0 0 0 0 0 0 0 0 0 0 

Detected: swipe_left
Channels: 6
Length: 6
Data:
0 0 0 0 0 0 

0 0 0 0 0 0 

-1 0 -1 -2 -3 -2 

-1 0 -1 -2 -3 -2 

0 0 0 0 0 0 

0 0 0 0 0 0 

Detected: swipe_left
Channels: 6
Length: 10
Data:
0 0 0 0 -1 0 0 0 0 0 

0 0 0 0 0 0 0 0 0 0 

3 0 0 0 -1 0 0 0 -2 -1 

3 0 0 0 -1 0 0 0 -2 -1 

0 0 0 0 0 0 0 0 0 0 

0 0 0 0 0 0 0 0 0 0 

Detected: tap_front
Channels: 6
Length: 3
Data:
0 0 0 

0 0 0 

-4 -4 -1 

-4 -4 -1 

1 0 0 

0 0 0 

Detected: swipe_left
Channels: 6
Length: 7
Data:
0 0 0 0 0 0 0 

0 0 0 0 0 0 0 

-1 -1 -1 -1 0 -2 -1 

-1 -1 -1 -1 0 -2 -1 

0 0 0 0 0 0 0 

0 0 0 0 0 0 0 

Detected: swipe_left
Channels: 6
Length: 3
Data:
0 0 0 

0 0 0 

-2 -2 -2 

-2 -2 -2 

0 0 0 

0 0 0 

Detected: tap_down
Channels: 6
Length: 21
Data:
0 0 0 0 0 0 0 7 0 0 0 0 0 0 0 6 -1 -5 -5 0 0 

0 0 0 0 6 0 0 -4 -7 -9 0 0 0 6 6 13 6 4 0 0 0 

2 0 1 0 11 0 2 6 -11 -10 -10 -5 3 7 9 14 8 9 0 -1 0 

2 0 1 0 11 0 2 6 -11 -10 -10 -5 3 7 9 14 8 9 0 -1 0 

0 0 0 0 0 0 0 8 0 0 0 0 0 0 0 0 0 -1 0 -4 -2 

0 0 0 0 0 0 0 0 0 0 0 0 0 0 0 0 0 0 0 0 0 

Detected: swipe_left
Channels: 6
Length: 4
Data:
0 0 0 0 

0 0 0 0 

-1 0 -2 -1 

-1 0 -2 -1 

0 0 0 0 

0 0 0 0 

