Started ActionVisualizer at 9:40:39 AM
Detected: z
Channels: 6
Length: 19
Data:
0 3 0 0 0 0 5 4 3 2 1 -2 -1 -1 0 0 0 0 -1 

0 0 0 0 0 0 0 0 -3 -1 -3 -3 -2 -3 -2 -1 0 0 0 

0 0 0 0 0 0 3 3 3 -2 -2 -2 -2 -2 -1 -1 -1 0 0 

0 0 0 0 0 0 3 3 3 -2 -2 -2 -2 -2 -1 -1 -1 0 0 

1 1 0 0 3 4 3 2 2 1 1 0 0 0 0 0 0 0 0 

0 0 0 0 0 0 0 0 0 0 0 0 0 0 0 0 0 0 0 

Detected: swipe_left
Channels: 6
Length: 22
Data:
0 0 0 0 0 0 0 0 0 0 0 0 0 0 1 1 1 0 0 0 0 0 

0 0 0 0 0 0 0 0 0 0 0 0 0 0 0 0 0 0 -1 0 -1 -1 

0 0 0 0 0 1 1 2 2 1 2 1 0 0 1 1 0 -1 -1 -1 -1 -1 

0 0 0 0 0 1 1 2 2 1 2 1 0 0 1 1 0 -1 -1 -1 -1 -1 

0 0 0 0 0 0 0 0 0 0 0 0 0 0 0 0 0 0 0 0 0 0 

1 0 0 0 0 0 0 0 0 0 0 0 0 0 0 0 0 0 0 0 0 0 

Detected: swipe_left
Channels: 6
Length: 16
Data:
0 0 0 0 0 0 0 0 0 0 0 0 0 0 0 0 

0 0 0 0 0 0 0 0 0 0 0 0 -1 -3 -3 0 

1 1 2 1 1 1 0 1 0 0 0 0 -3 -4 -3 -4 

1 1 2 1 1 1 0 1 0 0 0 0 -3 -4 -3 -4 

-1 0 0 0 0 0 0 0 0 0 0 2 2 0 1 1 

0 0 0 0 0 0 0 0 0 0 0 0 0 0 0 0 

Detected: tap_right
Channels: 6
Length: 13
Data:
0 -1 -3 -8 -8 -6 0 0 0 4 3 3 2 

9 10 7 5 2 0 0 0 0 0 -1 0 0 

5 6 5 4 -5 0 0 0 0 0 1 0 -5 

5 6 5 4 -5 0 0 0 0 0 1 0 -5 

0 0 0 -5 -4 0 -1 0 0 0 0 0 5 

0 3 3 0 0 0 0 0 0 0 0 0 0 

Detected: swipe_left
Channels: 6
Length: 7
Data:
0 0 -1 -3 -3 0 0 

0 0 0 0 0 0 0 

4 4 0 0 0 0 -1 

4 4 0 0 0 0 -1 

0 0 0 0 -9 0 -3 

0 3 3 2 0 0 0 

Detected: swipe_right
Channels: 6
Length: 23
Data:
0 0 7 4 1 0 -1 0 0 0 0 0 0 0 0 -1 -3 -7 -7 -6 0 -5 0 

0 0 0 -3 0 0 0 -2 -2 0 0 5 4 8 0 6 5 3 0 0 0 0 0 

5 0 2 3 -3 -5 0 0 0 0 0 0 0 0 5 4 3 0 -3 -4 0 0 0 

5 0 2 3 -3 -5 0 0 0 0 0 0 0 0 5 4 3 0 -3 -4 0 0 0 

0 0 0 4 0 0 0 0 0 0 0 0 0 0 0 -2 -2 -2 0 0 -5 -3 -1 

0 0 0 -4 -2 0 0 0 0 0 0 0 0 0 4 2 3 0 0 0 0 0 0 

Detected: tap_up
Channels: 6
Length: 17
Data:
0 0 0 0 3 5 6 4 2 -1 -3 -4 -7 -9 -9 -7 -4 

0 0 0 0 0 4 9 2 0 0 -2 -4 -3 -6 -6 -5 -1 

1 1 0 2 6 8 8 5 1 0 -5 -7 -10 -11 -10 -9 -4 

1 1 0 2 6 8 8 5 1 0 -5 -7 -10 -11 -10 -9 -4 

0 0 0 0 0 0 6 7 0 0 -7 -12 -2 0 0 0 0 

0 0 0 0 0 0 0 0 0 0 -4 0 0 0 0 0 0 

Detected: tap_left
Channels: 6
Length: 36
Data:
0 0 0 0 -1 0 0 0 0 0 0 0 0 0 0 0 4 3 1 0 0 0 0 0 0 0 0 0 0 0 0 0 0 0 0 0 

0 0 0 0 1 0 0 0 0 0 0 0 0 0 0 -1 -2 -4 -4 -6 -6 -2 0 -1 0 0 0 0 0 6 0 0 4 0 0 0 

1 0 0 0 0 0 0 0 0 0 0 0 0 0 0 3 2 -5 -4 -5 -4 0 -4 -3 -2 -1 0 1 3 0 0 0 0 0 0 0 

1 0 0 0 0 0 0 0 0 0 0 0 0 0 0 3 2 -5 -4 -5 -4 0 -4 -3 -2 -1 0 1 3 0 0 0 0 0 0 0 

0 0 0 0 0 0 0 -2 0 1 2 2 0 4 3 4 2 3 1 2 0 0 0 0 0 0 0 0 0 0 0 0 0 0 0 -2 

0 0 0 0 0 0 0 0 0 0 0 0 0 0 0 0 0 -2 0 0 0 0 0 0 0 0 0 0 0 0 0 0 0 0 0 0 

Detected: swipe_up
Channels: 6
Length: 8
Data:
0 0 0 0 2 1 0 0 

0 0 0 0 -3 -5 -7 0 

3 4 4 1 -6 -7 -7 -7 

3 4 4 1 -6 -7 -7 -7 

0 0 0 0 0 0 0 0 

0 0 0 0 0 0 0 0 

Detected: swipe_left
Channels: 6
Length: 3
Data:
2 1 1 

0 0 0 

0 0 0 

0 0 0 

0 0 0 

0 0 0 

Detected: swipe_left
Channels: 6
Length: 6
Data:
0 -2 0 0 0 0 

0 0 0 0 0 0 

-1 -1 0 0 0 0 

-1 -1 0 0 0 0 

0 0 0 0 0 -2 

0 0 0 0 0 0 

Detected: horizontal_circle
Channels: 6
Length: 26
Data:
0 0 0 0 0 0 0 2 0 1 1 -1 0 -2 -3 -3 0 -1 0 0 0 -3 -3 -3 0 0 

0 0 0 0 0 0 0 0 0 2 2 0 0 1 1 0 0 0 0 0 0 0 0 0 -4 -1 

0 0 0 2 0 0 0 0 0 0 9 2 0 0 -4 -2 0 -1 -2 -2 0 -3 0 -3 -4 0 

0 0 0 2 0 0 0 0 0 0 9 2 0 0 -4 -2 0 -1 -2 -2 0 -3 0 -3 -4 0 

-4 -1 0 0 0 0 0 0 0 0 1 0 0 0 0 0 0 0 0 0 0 0 0 0 -1 -1 

0 0 0 0 0 0 0 0 0 0 1 0 0 0 0 0 0 0 0 0 0 0 0 0 0 0 

Detected: horizontal_circle
Channels: 6
Length: 25
Data:
0 0 0 0 0 0 2 2 2 2 1 1 0 0 -6 -3 -3 -3 -3 -4 -3 0 0 -2 0 

0 0 0 0 0 0 0 0 2 0 0 0 0 0 -6 0 -1 0 0 0 0 0 0 0 0 

0 2 0 0 0 0 0 0 0 0 4 0 0 -3 -3 0 -2 0 0 0 0 0 0 0 -1 

0 2 0 0 0 0 0 0 0 0 4 0 0 -3 -3 0 -2 0 0 0 0 0 0 0 -1 

-1 -2 0 0 0 0 0 0 0 0 1 0 0 0 0 0 0 0 -2 -2 -1 0 0 0 0 

0 0 0 0 0 0 0 0 1 0 0 0 0 0 -1 -1 0 0 0 0 0 0 0 0 0 

Detected: tap_left
Channels: 6
Length: 14
Data:
0 0 0 0 0 0 1 2 3 2 3 1 1 1 

0 0 0 0 0 0 0 0 0 0 0 -1 0 0 

0 2 1 0 0 0 0 0 0 0 0 0 0 0 

0 2 1 0 0 0 0 0 0 0 0 0 0 0 

-2 -4 -3 0 0 0 1 1 2 2 2 2 0 0 

0 0 0 0 0 0 0 0 0 0 0 0 0 0 

Detected: tap_left
Channels: 6
Length: 8
Data:
0 -1 -2 -2 -4 -3 -3 0 

0 0 -1 -1 0 -2 -1 0 

-1 -2 -3 -3 -4 -4 -4 -3 

-1 -2 -3 -3 -4 -4 -4 -3 

0 0 0 0 0 0 0 0 

0 0 0 0 0 0 0 0 

Detected: tap_left
Channels: 6
Length: 17
Data:
0 0 0 0 0 0 0 0 3 3 3 3 2 1 0 -2 0 

0 0 0 0 0 0 0 0 0 0 -1 -3 -2 -3 -2 -2 -1 

0 2 0 1 0 0 0 0 0 1 1 1 -2 -2 -2 -3 0 

0 2 0 1 0 0 0 0 0 1 1 1 -2 -2 -2 -3 0 

-2 -3 -2 -1 0 1 1 1 2 2 2 2 1 0 0 0 0 

0 0 0 0 0 0 0 0 0 0 0 0 0 0 0 0 0 

Detected: horizontal_circle
Channels: 6
Length: 20
Data:
0 0 0 0 0 1 0 2 0 2 3 8 5 -1 -2 -1 -1 -1 -2 -1 

0 0 0 0 0 0 0 0 0 0 0 3 1 0 0 1 1 0 0 0 

0 0 0 1 0 0 1 1 0 0 0 0 4 4 0 -2 0 0 0 0 

0 0 0 1 0 0 1 1 0 0 0 0 4 4 0 -2 0 0 0 0 

-2 -3 -4 -2 0 0 0 0 0 0 0 0 1 0 0 0 0 0 0 0 

0 0 -2 0 0 0 0 0 0 0 0 1 1 0 0 0 0 -1 0 0 

Detected: tap_left
Channels: 6
Length: 4
Data:
-1 0 -3 0 

-1 0 0 0 

-1 0 -1 0 

-1 0 -1 0 

0 0 0 -1 

0 0 0 0 

Detected: tap_left
Channels: 6
Length: 8
Data:
0 0 0 0 0 0 0 0 

0 0 0 1 0 0 0 0 

1 1 0 1 0 1 0 0 

1 1 0 1 0 1 0 0 

0 0 0 0 -3 -3 0 -1 

0 0 0 0 0 0 0 0 

Detected: tap_left
Channels: 6
Length: 7
Data:
2 -1 0 0 -1 -1 -1 

2 0 0 0 0 0 0 

0 0 0 0 0 0 0 

0 0 0 0 0 0 0 

0 0 0 0 0 0 0 

1 0 0 0 0 -1 0 

Detected: tap_left
Channels: 6
Length: 8
Data:
-1 -1 0 -3 0 0 0 0 

0 0 0 0 0 -3 0 0 

0 0 0 -2 -2 -3 -3 -3 

0 0 0 -2 -2 -3 -3 -3 

0 0 0 0 0 -3 -3 -3 

0 0 0 0 0 0 0 0 

Detected: swipe_left
Channels: 6
Length: 3
Data:
0 0 0 

0 0 0 

0 6 5 

0 6 5 

1 1 0 

0 0 0 

Detected: swipe_left
Channels: 6
Length: 35
Data:
0 0 0 0 0 0 1 0 2 2 1 2 1 0 0 0 0 -2 -1 -1 -3 -1 0 0 -1 0 0 0 0 0 0 0 0 0 0 

0 0 0 0 0 0 1 0 0 0 0 2 0 0 0 0 0 0 0 0 0 -1 0 0 0 0 0 0 0 0 0 0 0 0 0 

0 0 1 1 1 0 0 0 0 0 0 1 0 0 0 0 0 0 -1 0 -2 -3 -1 -1 -1 -1 0 0 0 0 -1 0 -1 -1 -2 

0 0 1 1 1 0 0 0 0 0 0 1 0 0 0 0 0 0 -1 0 -2 -3 -1 -1 -1 -1 0 0 0 0 -1 0 -1 -1 -2 

-2 -1 -4 -3 -1 0 0 0 0 0 0 1 0 0 0 0 0 0 0 0 0 0 0 0 0 0 0 0 0 0 0 0 0 0 -2 

0 0 0 0 0 0 0 0 0 0 1 2 0 0 0 0 0 0 0 0 0 0 0 0 0 0 0 0 0 0 0 0 0 0 0 

Detected: swipe_left
Channels: 6
Length: 11
Data:
0 0 4 2 2 1 0 0 0 0 0 

0 0 -2 0 -3 -5 0 0 0 -3 -1 

4 4 0 -2 -4 -4 0 0 0 0 0 

4 4 0 -2 -4 -4 0 0 0 0 0 

0 0 0 0 3 1 0 0 0 0 0 

0 0 0 0 -3 -2 0 0 0 0 0 

Detected: swipe_right
Channels: 6
Length: 17
Data:
0 0 0 0 0 0 0 -2 -4 -4 -5 0 0 0 0 0 0 

1 2 3 0 0 0 5 5 1 1 0 0 0 0 0 0 0 

0 0 0 0 0 3 3 3 0 0 0 -2 -2 0 0 0 0 

0 0 0 0 0 3 3 3 0 0 0 -2 -2 0 0 0 0 

0 0 0 0 0 0 -1 -2 -3 -1 0 0 -3 -3 0 -1 -1 

0 0 0 0 0 1 1 1 0 0 0 0 0 0 0 0 0 

Detected: swipe_left
Channels: 6
Length: 15
Data:
0 0 0 0 0 0 0 0 3 2 1 0 0 0 0 

0 0 0 0 0 0 0 0 -1 0 -1 -2 -2 0 0 

0 0 0 0 0 2 1 1 0 -1 -1 -1 -2 -1 -1 

0 0 0 0 0 2 1 1 0 -1 -1 -1 -2 -1 -1 

1 1 0 0 0 0 0 0 3 1 1 1 0 0 0 

0 0 0 0 0 0 0 0 0 0 -1 0 -1 -1 0 

Detected: swipe_left
Channels: 6
Length: 3
Data:
0 0 0 

2 0 0 

1 0 0 

1 0 0 

0 0 0 

0 1 1 

Detected: swipe_left
Channels: 6
Length: 4
Data:
-1 0 0 0 

0 0 0 0 

0 0 0 -1 

0 0 0 -1 

0 0 0 0 

0 0 0 0 

Detected: swipe_left
Channels: 6
Length: 21
Data:
0 0 0 0 0 0 0 0 0 0 0 0 2 1 0 0 0 0 -1 0 0 

0 0 0 0 0 0 1 0 0 0 0 0 0 0 -1 -1 -2 -3 -3 -3 -1 

0 0 0 0 0 2 2 2 1 2 0 0 2 0 -1 -1 -1 -1 -4 -3 0 

0 0 0 0 0 2 2 2 1 2 0 0 2 0 -1 -1 -1 -1 -4 -3 0 

0 0 0 0 0 -1 0 0 0 0 0 0 1 1 1 0 0 0 0 0 0 

3 0 0 0 0 0 0 0 0 0 0 0 0 0 0 0 0 0 0 0 0 

Detected: swipe_left
Channels: 6
Length: 16
Data:
0 0 0 0 0 0 0 0 2 2 1 0 -1 -1 0 -1 

0 0 0 0 0 1 0 0 0 2 -1 -2 -2 -2 -2 0 

2 0 0 0 0 2 3 3 2 1 -2 -2 -2 -2 0 0 

2 0 0 0 0 2 3 3 2 1 -2 -2 -2 -2 0 0 

-1 -1 -2 0 0 0 0 1 0 2 0 0 0 0 0 0 

0 0 0 0 0 0 0 0 0 0 0 0 0 0 0 0 

Detected: tap_back
Channels: 6
Length: 45
Data:
0 0 0 0 0 -6 -5 0 0 0 0 0 0 0 0 0 0 0 0 3 3 0 0 0 0 0 0 0 -1 -3 -8 -9 0 -13 -14 -14 -10 -8 0 -2 0 0 0 2 2 

1 0 6 0 11 8 0 0 0 0 0 0 0 0 0 0 0 0 0 -1 0 0 0 0 0 0 3 0 5 3 0 0 0 0 0 0 0 0 0 0 0 0 0 0 0 

0 0 0 0 9 1 -1 -5 0 0 0 0 0 0 0 0 0 4 2 2 0 -2 0 0 0 0 2 0 3 -1 -2 0 0 -11 -13 -13 0 0 0 0 0 0 0 0 0 

0 0 0 0 9 1 -1 -5 0 0 0 0 0 0 0 0 0 4 2 2 0 -2 0 0 0 0 2 0 3 -1 -2 0 0 -11 -13 -13 0 0 0 0 0 0 0 0 0 

0 0 0 0 -1 -8 -11 -1 0 -6 -1 0 0 1 5 7 0 1 6 6 2 0 0 0 0 0 0 0 0 -2 0 -8 0 0 0 0 -4 0 0 0 0 0 0 0 0 

0 0 0 0 2 2 0 0 0 0 0 0 0 0 0 0 0 0 0 -2 -2 -1 0 0 0 0 1 0 0 0 0 0 0 0 0 0 0 0 0 0 0 0 0 0 0 

Detected: swipe_right
Channels: 6
Length: 42
Data:
5 4 0 0 0 -2 -4 0 -7 -9 -9 -9 0 0 -4 -4 0 0 0 0 0 0 0 0 0 0 0 5 3 1 0 0 0 -3 -5 -6 -7 -7 0 0 -3 -1 

0 0 0 0 0 0 0 0 0 0 0 0 0 0 0 0 0 0 0 0 0 0 0 0 0 0 0 0 0 0 0 0 0 0 0 0 0 0 0 0 0 0 

0 0 2 0 0 0 -3 0 0 -8 0 -9 0 0 0 0 0 0 0 2 0 5 0 0 9 0 8 0 0 0 0 0 0 0 0 -6 0 0 0 0 0 -1 

0 0 2 0 0 0 -3 0 0 -8 0 -9 0 0 0 0 0 0 0 2 0 5 0 0 9 0 8 0 0 0 0 0 0 0 0 -6 0 0 0 0 0 -1 

0 0 0 0 0 0 0 0 0 0 0 -4 -4 0 0 0 0 0 0 0 0 0 0 0 2 3 2 0 0 0 0 0 0 0 0 0 -3 -3 0 0 0 0 

0 0 0 0 0 0 0 0 0 0 0 0 0 0 0 0 0 0 0 -1 0 0 0 0 0 0 0 0 0 0 0 0 0 0 0 0 0 0 0 0 0 0 

Detected: swipe_left
Channels: 6
Length: 36
Data:
2 4 4 0 0 0 0 0 7 7 8 7 0 6 5 4 4 3 2 0 0 -1 0 0 -2 -2 -1 -1 0 -2 -2 0 0 0 0 0 

0 0 0 0 0 0 0 0 0 0 0 0 0 0 0 -2 -3 -3 -3 -2 -2 -2 0 0 0 0 0 0 0 0 0 0 0 0 0 0 

0 0 1 1 2 0 0 2 0 1 1 0 1 3 3 1 0 -1 -2 -2 -1 -1 0 0 0 0 0 0 0 0 -2 -2 -2 -1 -1 1 

0 0 1 1 2 0 0 2 0 1 1 0 1 3 3 1 0 -1 -2 -2 -1 -1 0 0 0 0 0 0 0 0 -2 -2 -2 -1 -1 1 

0 0 0 0 0 0 0 0 0 0 0 0 0 0 0 0 1 0 1 0 0 0 0 0 0 0 0 0 0 0 0 0 0 0 0 0 

0 0 0 0 0 0 0 0 0 0 0 0 0 0 0 0 0 0 -2 0 0 0 0 0 0 0 0 0 0 0 0 0 0 0 0 0 

Detected: z
Channels: 6
Length: 48
Data:
0 1 0 3 3 4 4 5 5 5 5 0 5 4 4 3 2 4 2 0 0 0 -3 -4 -5 -3 -2 0 0 -1 -1 -2 0 0 -2 -2 -1 -2 -1 -2 0 0 0 0 0 -1 -1 -1 

0 2 2 0 0 3 2 0 2 0 0 0 0 0 -1 0 -3 -3 -3 -2 -2 -1 -5 0 0 0 0 0 0 0 0 0 0 0 0 0 0 0 0 0 0 0 0 0 0 0 0 0 

3 2 1 0 0 1 2 1 0 0 0 0 0 1 2 0 0 -2 -3 -4 0 0 -3 -2 -2 -1 0 0 -1 0 0 0 -1 -1 -1 -1 -1 -1 -1 0 0 0 0 -1 0 0 0 0 

3 2 1 0 0 1 2 1 0 0 0 0 0 1 2 0 0 -2 -3 -4 0 0 -3 -2 -2 -1 0 0 -1 0 0 0 -1 -1 -1 -1 -1 -1 -1 0 0 0 0 -1 0 0 0 0 

0 0 0 0 0 0 0 0 0 0 0 0 2 2 2 2 1 0 0 0 0 0 0 0 0 0 0 0 0 0 0 0 0 0 0 0 0 0 0 0 0 0 0 0 0 0 0 0 

0 0 0 0 0 0 0 0 0 0 0 0 0 0 0 0 0 0 0 0 0 0 0 0 0 0 0 0 0 0 0 0 0 0 0 0 0 0 0 0 0 0 0 0 0 0 0 0 

Detected: swipe_left
Channels: 6
Length: 3
Data:
0 0 0 

0 0 0 

-5 -2 -2 

-5 -2 -2 

0 0 0 

0 0 0 

Detected: tap_right
Channels: 6
Length: 30
Data:
0 0 0 0 0 0 -6 -5 0 0 0 0 3 2 4 1 -1 0 0 0 0 0 0 -2 -3 -6 -7 0 0 0 

0 0 8 12 0 0 11 2 0 0 0 0 0 -1 -2 -3 -4 -5 0 0 0 0 5 5 6 1 0 0 0 0 

1 7 13 14 0 0 3 1 0 0 0 0 2 3 2 -4 -3 -3 0 0 0 0 0 3 1 -2 -2 -5 0 0 

1 7 13 14 0 0 3 1 0 0 0 0 2 3 2 -4 -3 -3 0 0 0 0 0 3 1 -2 -2 -5 0 0 

0 0 0 0 0 0 -7 -7 0 0 0 0 2 3 2 0 0 0 0 0 0 0 0 0 0 -1 -3 0 0 -1 

0 0 0 0 0 0 0 0 0 0 0 0 0 0 0 0 0 0 0 0 0 0 0 0 5 5 1 0 0 0 

Detected: x
Channels: 6
Length: 24
Data:
0 0 0 0 0 0 -3 -5 0 0 0 0 0 7 3 0 0 0 0 -5 -6 0 0 0 

0 0 0 7 9 0 16 5 0 0 0 0 -4 -6 -9 -8 0 5 7 8 6 -4 0 0 

-6 -5 0 0 16 0 9 5 0 0 0 5 0 -6 -6 -4 0 0 0 4 -2 -6 -7 -3 

-6 -5 0 0 16 0 9 5 0 0 0 5 0 -6 -6 -4 0 0 0 4 -2 -6 -7 -3 

0 0 0 0 0 0 0 -14 0 -1 3 5 0 4 0 0 0 0 -2 -4 -1 -6 -6 0 

0 0 0 0 0 0 0 0 0 0 0 0 0 0 0 0 0 0 0 7 0 2 0 0 

Detected: swipe_left
Channels: 6
Length: 23
Data:
0 0 0 0 -2 -4 0 0 0 8 7 5 0 0 0 0 0 0 5 -6 0 0 0 

0 0 16 0 0 0 0 0 0 -2 -6 -9 -8 -4 0 0 8 8 8 0 0 0 0 

6 11 16 0 7 5 0 0 0 6 1 -6 -5 0 0 0 0 2 3 -3 0 0 0 

6 11 16 0 7 5 0 0 0 6 1 -6 -5 0 0 0 0 2 3 -3 0 0 0 

0 0 0 0 0 0 -3 1 5 7 6 0 0 0 0 0 0 0 -2 -2 0 -5 -2 

0 0 0 0 0 0 0 0 0 0 0 -3 0 0 -1 0 0 0 8 1 0 0 0 

Detected: swipe_left
Channels: 6
Length: 3
Data:
0 0 0 

0 0 0 

2 0 0 

2 0 0 

0 0 2 

0 0 0 

Detected: swipe_right
Channels: 6
Length: 10
Data:
0 0 0 0 -9 -6 0 -3 -3 0 

3 2 0 0 14 0 0 0 0 0 

0 0 9 10 0 1 0 0 0 0 

0 0 9 10 0 1 0 0 0 0 

0 0 0 0 -9 -12 -12 -8 -3 -1 

0 0 0 5 0 0 0 0 0 0 

Detected: swipe_left
Channels: 6
Length: 12
Data:
0 0 0 0 0 0 13 5 0 0 0 0 

1 0 0 0 0 0 0 0 0 -7 -6 0 

0 0 0 0 0 0 6 2 0 0 0 -3 

0 0 0 0 0 0 6 2 0 0 0 -3 

0 0 1 4 3 11 5 9 0 0 0 0 

0 0 0 0 0 0 -1 -1 0 0 0 0 

Detected: swipe_right
Channels: 6
Length: 10
Data:
0 0 0 0 0 0 5 3 -2 -1 

1 4 0 0 11 9 8 5 0 0 

0 0 9 12 0 0 14 9 5 0 

0 0 9 12 0 0 14 9 5 0 

0 0 0 0 0 0 -9 -9 -2 0 

0 0 0 0 0 0 0 0 0 0 

Detected: swipe_left
Channels: 6
Length: 25
Data:
0 0 0 -1 -2 -2 -3 -2 0 0 -4 0 0 0 0 0 0 0 0 0 7 6 2 0 0 

0 0 0 0 0 -1 -1 -2 -2 0 0 0 0 0 0 0 0 0 0 0 9 6 5 2 0 

-1 0 0 -1 -2 -6 -5 -4 -4 -5 -4 0 -2 -1 0 0 3 6 9 0 10 10 10 4 3 

-1 0 0 -1 -2 -6 -5 -4 -4 -5 -4 0 -2 -1 0 0 3 6 9 0 10 10 10 4 3 

0 0 0 0 0 0 0 0 0 0 0 0 0 0 0 0 0 0 0 0 0 0 2 0 0 

0 0 0 0 0 0 0 0 0 0 0 0 0 0 0 0 0 0 0 0 0 0 0 0 0 

Detected: swipe_up
Channels: 6
Length: 7
Data:
0 -1 -2 -3 -2 -4 -4 

0 0 0 -1 -3 0 -4 

-1 -1 -3 -5 -6 -6 -6 

-1 -1 -3 -5 -6 -6 -6 

0 0 0 0 0 0 0 

0 0 0 0 0 0 0 

Detected: tap_back
Channels: 6
Length: 30
Data:
0 0 0 0 0 0 0 0 0 0 0 0 0 1 2 2 1 0 1 0 0 0 -4 -5 -9 -8 -9 -7 -4 0 

0 0 0 0 0 0 0 0 2 0 3 0 0 0 0 0 0 1 1 0 0 0 0 -3 -6 -7 -8 -5 -2 0 

1 1 0 0 0 0 1 3 3 0 0 0 0 0 1 2 2 2 1 0 0 0 -2 -6 -9 -11 -10 -9 -4 -1 

1 1 0 0 0 0 1 3 3 0 0 0 0 0 1 2 2 2 1 0 0 0 -2 -6 -9 -11 -10 -9 -4 -1 

0 0 0 0 0 0 0 0 0 0 0 0 0 0 0 0 0 0 0 0 0 -1 -4 -9 -10 -10 -1 0 0 0 

0 0 0 0 0 0 0 0 0 0 0 0 0 0 0 0 0 0 0 0 0 0 -4 -1 0 0 0 0 0 0 

Detected: swipe_down
Channels: 6
Length: 10
Data:
0 3 4 7 9 8 6 1 1 0 

0 0 5 8 8 8 7 3 2 0 

1 3 4 10 11 12 10 6 2 0 

1 3 4 10 11 12 10 6 2 0 

0 0 0 1 0 0 0 0 4 1 

0 0 0 0 0 0 0 0 4 0 

Detected: swipe_back
Channels: 6
Length: 9
Data:
0 0 -6 -10 -10 -10 -7 -6 -1 

0 0 -4 -8 -9 -8 -4 -4 -1 

0 -5 -8 -12 -12 -11 0 -4 -1 

0 -5 -8 -12 -12 -11 0 -4 -1 

-3 -5 0 -11 -2 -2 0 0 0 

0 0 0 0 0 0 0 0 0 

Detected: swipe_left
Channels: 6
Length: 10
Data:
0 4 8 10 8 9 7 3 4 1 

0 0 7 9 10 7 6 3 0 0 

2 5 6 12 13 12 10 5 3 1 

2 5 6 12 13 12 10 5 3 1 

0 0 1 1 0 0 0 0 0 1 

0 0 0 0 0 0 0 0 0 0 

Detected: swipe_left
Channels: 6
Length: 10
Data:
0 0 -1 0 0 -1 0 0 0 0 

0 0 0 0 -1 -1 0 0 0 0 

-1 -1 -2 -1 -1 0 0 -2 -2 -2 

-1 -1 -2 -1 -1 0 0 -2 -2 -2 

0 0 0 0 0 0 0 0 0 0 

0 0 0 0 0 0 0 0 0 0 

Detected: swipe_front
Channels: 6
Length: 8
Data:
0 0 0 0 0 0 0 0 

0 0 0 0 3 4 3 1 

1 1 0 4 4 3 2 1 

1 1 0 4 4 3 2 1 

0 0 0 0 0 -1 0 0 

0 0 0 0 0 0 0 0 

Detected: swipe_left
Channels: 6
Length: 6
Data:
-2 -2 0 0 0 0 

0 0 0 0 0 0 

0 0 0 0 0 0 

0 0 0 0 0 0 

0 -2 0 0 -6 -1 

0 0 0 0 0 0 

Detected: swipe_left
Channels: 6
Length: 10
Data:
1 3 0 0 8 7 4 2 0 0 

0 0 0 0 0 0 -2 -8 -9 -8 

0 0 0 0 6 4 1 -5 -4 0 

0 0 0 0 6 4 1 -5 -4 0 

0 2 0 4 0 5 5 2 1 0 

0 0 0 0 0 0 -3 -5 -6 0 

Detected: swipe_right
Channels: 6
Length: 9
Data:
0 0 -5 -5 0 0 -9 0 0 

2 7 8 4 0 0 0 0 0 

5 5 7 0 0 0 0 0 0 

5 5 7 0 0 0 0 0 0 

0 0 -3 0 0 -6 -7 -4 -1 

0 3 2 0 0 0 0 0 0 

Detected: swipe_left
Channels: 6
Length: 10
Data:
0 0 0 0 0 0 0 0 0 0 

0 0 0 0 0 0 0 1 0 0 

1 2 1 0 1 2 1 1 1 1 

1 2 1 0 1 2 1 1 1 1 

0 0 0 0 0 0 0 0 0 0 

0 0 0 0 0 0 0 0 0 0 

