Started MediaCenter at 10:51:22 AM
Keypress: Down

Detected: swipe_left
Channels: 6
Length: 3
Data:
12 0 0 

0 0 0 

-2 -2 2 

-2 -2 2 

0 0 0 

0 -2 0 

Keypress: Left

Keypress: NumLock

Keypress: NumPad2

Keypress: NumPad2

Detected: swipe_up
Channels: 6
Length: 8
Data:
-1 -6 -7 -7 -6 -3 -3 0 

0 -6 -8 -7 -6 0 0 0 

0 -6 -8 -9 -8 -5 -3 -1 

0 -6 -8 -9 -8 -5 -3 -1 

0 0 0 0 0 0 0 0 

0 0 0 0 0 0 0 0 

Detected: swipe_left
Channels: 6
Length: 17
Data:
0 0 1 3 3 3 3 3 0 0 0 0 0 0 0 0 0 

0 0 0 2 4 3 0 0 0 0 0 0 0 0 0 0 0 

1 2 3 4 5 6 7 6 0 1 0 -1 0 0 0 0 3 

1 2 3 4 5 6 7 6 0 1 0 -1 0 0 0 0 3 

0 0 0 0 0 0 0 0 0 0 0 0 0 0 0 0 0 

0 0 0 0 0 0 0 0 0 0 0 0 0 0 0 0 0 

Detected: swipe_left
Channels: 6
Length: 15
Data:
0 -2 -6 -6 -6 -5 -1 0 0 2 2 0 0 0 0 

0 0 0 -1 0 0 0 0 1 2 4 0 0 0 0 

-1 -4 -6 -7 -6 -4 0 0 0 0 0 0 0 0 1 

-1 -4 -6 -7 -6 -4 0 0 0 0 0 0 0 0 1 

0 0 0 0 0 0 0 0 0 0 0 0 0 0 0 

0 0 0 0 0 0 0 0 0 0 0 0 0 0 0 

Detected: swipe_left
Channels: 6
Length: 12
Data:
-1 -2 -2 -2 -1 0 0 0 0 1 2 1 

0 0 0 -1 0 0 0 0 0 2 2 0 

-1 -3 -3 0 0 0 0 0 0 3 4 0 

-1 -3 -3 0 0 0 0 0 0 3 4 0 

0 0 0 0 0 0 0 0 0 0 0 0 

0 0 0 0 0 0 0 0 0 0 0 0 

Detected: swipe_left
Channels: 6
Length: 4
Data:
0 -1 -1 0 

0 0 0 0 

-2 -3 0 -1 

-2 -3 0 -1 

0 0 0 0 

0 0 0 0 

Detected: swipe_left
Channels: 6
Length: 6
Data:
2 5 0 4 4 1 

0 0 0 1 0 0 

0 0 0 6 3 2 

0 0 0 6 3 2 

0 0 0 0 0 0 

0 0 0 0 0 0 

Detected: swipe_left
Channels: 6
Length: 14
Data:
0 1 5 8 7 2 1 0 0 -1 -1 -1 -1 0 

0 1 3 5 4 3 0 0 0 0 0 0 0 0 

1 2 7 13 14 7 0 0 -1 -3 -2 -2 -1 -1 

1 2 7 13 14 7 0 0 -1 -3 -2 -2 -1 -1 

0 0 0 0 0 0 0 0 0 0 0 0 0 0 

0 0 0 0 0 0 0 0 0 0 0 0 0 0 

Detected: tap_down
Channels: 6
Length: 22
Data:
0 -1 -2 -2 -2 0 3 9 11 10 5 -3 -3 -3 -3 -3 -2 -1 0 0 0 0 

0 0 -1 0 0 0 3 5 10 6 1 0 -2 -2 -2 -2 -1 0 0 0 0 0 

-1 -2 -4 -3 -2 0 6 15 18 14 8 -6 -10 -11 -5 -5 -4 -2 0 0 1 1 

-1 -2 -4 -3 -2 0 6 15 18 14 8 -6 -10 -11 -5 -5 -4 -2 0 0 1 1 

0 0 0 0 0 0 0 0 0 0 0 0 0 0 0 0 0 0 0 0 0 0 

0 0 0 0 0 0 0 0 0 0 0 0 0 0 0 0 0 0 0 0 0 0 

Detected: swipe_right
Channels: 6
Length: 8
Data:
0 1 0 0 0 0 0 0 

1 10 13 12 0 0 0 0 

3 9 10 0 0 -18 0 -4 

3 9 10 0 0 -18 0 -4 

0 0 0 0 0 0 0 0 

0 0 0 0 0 0 0 0 

Detected: swipe_left
Channels: 6
Length: 5
Data:
0 0 0 0 0 

0 0 0 0 0 

2 1 0 0 1 

2 1 0 0 1 

0 0 0 0 0 

0 0 0 0 0 

Detected: tap_down
Channels: 6
Length: 15
Data:
0 0 0 0 2 8 11 11 5 -3 -4 -3 -3 -2 -1 

0 0 0 0 3 7 10 6 0 0 -4 -1 -1 0 0 

-1 0 0 2 6 8 15 15 11 -4 -7 -9 -4 -3 -1 

-1 0 0 2 6 8 15 15 11 -4 -7 -9 -4 -3 -1 

0 0 0 0 0 0 1 0 0 0 -6 0 0 0 0 

0 0 0 0 0 0 0 0 0 0 0 0 -1 0 0 

Detected: tap_up
Channels: 6
Length: 10
Data:
0 0 -1 -4 0 0 0 0 0 0 

1 6 9 0 0 0 0 0 0 0 

2 5 4 0 0 -16 -14 -5 0 -1 

2 5 4 0 0 -16 -14 -5 0 -1 

0 0 0 0 0 0 0 0 0 0 

0 0 0 0 0 0 0 0 0 0 

Detected: tap_down
Channels: 6
Length: 17
Data:
-1 -4 -1 -1 0 5 9 10 4 -3 -4 -4 -2 -1 0 0 0 

-2 -4 -3 -2 0 3 11 10 6 0 -1 -2 -2 -1 0 0 0 

-2 -2 -4 -4 -1 9 14 14 12 -7 -6 -7 -7 -2 0 0 2 

-2 -2 -4 -4 -1 9 14 14 12 -7 -6 -7 -7 -2 0 0 2 

0 0 0 0 0 0 0 0 0 0 0 0 0 0 0 0 0 

0 0 0 -2 0 0 0 0 0 0 0 -3 0 0 0 0 0 

Detected: tap_up
Channels: 6
Length: 12
Data:
0 0 0 0 0 0 0 0 0 0 0 0 

1 0 3 5 2 0 0 0 0 0 0 0 

1 2 5 2 -1 -8 0 -15 -15 -6 -5 -1 

1 2 5 2 -1 -8 0 -15 -15 -6 -5 -1 

0 0 0 0 0 0 0 0 0 0 0 0 

0 0 0 0 0 0 0 0 0 0 0 0 

Detected: swipe_right
Channels: 6
Length: 29
Data:
0 0 0 0 0 2 1 0 0 0 -1 0 0 -1 0 0 0 0 2 6 9 7 4 0 -3 -3 -3 -1 0 

0 0 0 0 0 0 0 0 0 0 0 -1 0 0 0 0 0 1 4 7 8 4 1 0 0 0 0 0 0 

4 0 0 0 0 1 2 4 4 -2 -2 -3 -5 -2 -1 -1 0 2 7 10 11 10 9 -2 -3 -4 -7 -5 -1 

4 0 0 0 0 1 2 4 4 -2 -2 -3 -5 -2 -1 -1 0 2 7 10 11 10 9 -2 -3 -4 -7 -5 -1 

0 0 0 0 0 0 0 0 0 0 0 0 0 0 0 0 0 0 0 0 0 0 0 0 0 -4 0 0 0 

0 0 0 0 0 0 0 0 0 0 0 0 0 0 0 0 0 0 2 0 0 0 0 0 0 0 -3 0 0 

Detected: swipe_left
Channels: 6
Length: 3
Data:
0 0 0 

1 1 0 

1 1 1 

1 1 1 

0 0 0 

0 0 0 

Detected: swipe_left
Channels: 6
Length: 19
Data:
0 0 0 0 0 0 1 3 4 4 2 0 -2 -3 -3 -3 -1 -1 0 

0 0 0 0 0 0 2 2 2 3 1 0 -2 -1 -1 -2 -1 0 0 

-1 0 0 0 0 1 3 5 6 8 3 0 -5 -3 -4 -7 -2 -3 -1 

-1 0 0 0 0 1 3 5 6 8 3 0 -5 -3 -4 -7 -2 -3 -1 

0 0 0 0 0 0 0 0 0 0 1 0 -2 -4 0 0 0 0 0 

0 0 0 0 0 0 1 2 3 0 0 0 -1 0 0 0 0 0 0 

Detected: tap_down
Channels: 6
Length: 14
Data:
-1 -1 -1 -1 3 6 11 12 3 -3 -3 -2 -2 0 

0 0 0 0 3 6 9 9 4 -3 -1 -1 0 0 

-2 -2 -2 -2 4 10 17 18 4 -10 -9 -8 -5 -2 

-2 -2 -2 -2 4 10 17 18 4 -10 -9 -8 -5 -2 

0 0 0 0 0 0 0 0 0 0 -6 -5 0 0 

0 0 0 0 0 0 0 0 0 0 0 0 0 0 

Detected: swipe_left
Channels: 6
Length: 16
Data:
0 0 0 -1 -1 0 0 -2 0 0 0 0 0 -2 -2 -1 

1 1 0 0 0 0 0 0 0 0 0 0 0 0 0 0 

0 0 0 0 0 0 -1 -3 -2 0 0 -4 -5 -4 -3 0 

0 0 0 0 0 0 -1 -3 -2 0 0 -4 -5 -4 -3 0 

0 0 0 -1 0 0 0 0 0 0 0 0 0 0 0 0 

0 0 0 0 0 0 0 0 0 0 0 0 0 0 0 0 

Detected: swipe_left
Channels: 6
Length: 10
Data:
0 0 0 0 0 0 0 0 -1 0 

0 0 0 0 0 0 0 0 0 0 

1 2 1 4 4 4 3 1 0 -1 

1 2 1 4 4 4 3 1 0 -1 

0 0 0 0 0 0 0 0 0 0 

0 0 0 0 0 0 0 -1 -1 0 

Detected: swipe_left
Channels: 6
Length: 11
Data:
0 1 3 4 2 0 -2 -2 -3 -1 0 

0 0 0 1 1 0 -1 -1 0 0 0 

1 7 8 12 6 -3 -6 -7 -6 -4 -1 

1 7 8 12 6 -3 -6 -7 -6 -4 -1 

0 0 0 0 0 0 0 0 0 0 0 

0 0 0 0 0 0 0 0 0 0 0 

Detected: swipe_left
Channels: 6
Length: 9
Data:
1 5 7 4 -1 -2 -1 -1 -2 

0 2 0 0 0 0 0 0 0 

3 8 8 7 -10 -7 -2 -2 -1 

3 8 8 7 -10 -7 -2 -2 -1 

0 1 0 0 0 0 0 0 0 

0 0 0 0 0 0 0 0 0 

Detected: tap_down
Channels: 6
Length: 13
Data:
3 9 8 0 -2 -4 -4 -2 -1 0 0 1 1 

1 8 0 0 0 -1 -1 0 0 0 0 1 0 

6 11 10 -1 -8 -10 -4 -2 -1 0 0 1 1 

6 11 10 -1 -8 -10 -4 -2 -1 0 0 1 1 

0 0 0 0 0 0 0 0 0 0 0 0 0 

1 0 0 0 0 0 -2 0 0 0 0 0 0 

Detected: swipe_up
Channels: 6
Length: 8
Data:
1 1 0 0 0 0 0 0 

0 0 0 0 0 0 0 0 

2 0 0 -7 -10 -8 -12 -3 

2 0 0 -7 -10 -8 -12 -3 

0 0 0 0 0 0 0 0 

0 0 -2 -2 0 0 0 0 

Detected: swipe_left
Channels: 6
Length: 8
Data:
0 0 0 0 0 0 0 0 

0 0 0 3 4 1 0 0 

2 3 3 4 3 2 3 1 

2 3 3 4 3 2 3 1 

0 0 0 0 0 0 0 0 

0 0 0 0 0 0 0 1 

Detected: swipe_right
Channels: 6
Length: 17
Data:
0 -1 -1 -2 0 8 9 5 0 -4 -4 -2 -1 0 0 0 0 

0 0 0 0 3 6 10 5 0 0 -2 -1 -1 0 0 0 0 

1 1 -1 -3 -1 11 11 8 0 -5 -5 -5 -5 -2 0 0 1 

1 1 -1 -3 -1 11 11 8 0 -5 -5 -5 -5 -2 0 0 1 

0 0 0 0 0 0 0 1 0 0 0 0 0 0 0 0 0 

0 0 0 0 0 0 0 0 0 0 0 0 0 0 0 0 0 

Detected: tap_right
Channels: 6
Length: 10
Data:
2 5 5 5 -4 -4 -4 -3 -2 0 

1 4 5 2 0 0 -2 -1 -2 0 

2 7 9 8 -6 -10 -10 -4 -3 -1 

2 7 9 8 -6 -10 -10 -4 -3 -1 

0 0 7 6 0 -7 0 0 0 0 

0 0 7 0 0 -6 0 0 0 0 

Detected: swipe_left
Channels: 6
Length: 3
Data:
0 0 0 

0 0 1 

1 3 2 

1 3 2 

0 0 0 

0 0 0 

Detected: tap_down
Channels: 6
Length: 9
Data:
4 5 5 3 -6 -5 -4 -1 0 

0 5 10 3 -8 -2 -1 0 0 

3 9 12 7 -11 -8 -3 -2 -1 

3 9 12 7 -11 -8 -3 -2 -1 

0 3 1 0 -5 -4 0 0 0 

0 0 0 0 0 0 0 0 0 

Detected: tap_down
Channels: 6
Length: 18
Data:
0 -1 -2 0 0 0 0 0 0 -2 0 0 0 0 0 0 0 0 

2 4 3 0 0 0 0 0 0 0 0 0 0 0 0 0 0 0 

2 5 2 0 -9 0 -18 0 -4 -4 -1 0 0 0 0 10 0 1 

2 5 2 0 -9 0 -18 0 -4 -4 -1 0 0 0 0 10 0 1 

0 0 0 0 0 0 0 0 0 0 0 0 0 0 0 0 0 0 

0 0 1 0 0 0 0 0 0 0 0 0 0 0 0 0 0 0 

Detected: swipe_left
Channels: 6
Length: 6
Data:
0 -1 0 -1 0 0 

0 0 -1 0 0 0 

-1 0 -2 -3 0 -1 

-1 0 -2 -3 0 -1 

0 0 0 -1 0 0 

0 0 0 0 0 0 

Detected: tap_down
Channels: 6
Length: 11
Data:
0 8 9 8 0 -1 -3 -1 -2 -2 -1 

1 4 9 7 0 -4 0 0 0 0 0 

2 11 16 13 7 -6 -7 -2 -2 -4 -1 

2 11 16 13 7 -6 -7 -2 -2 -4 -1 

0 0 0 0 0 0 0 0 0 0 0 

0 0 0 0 0 -2 0 0 0 0 0 

Detected: tap_up
Channels: 6
Length: 22
Data:
0 2 7 7 4 -2 -11 -13 -18 -13 -6 0 0 0 1 0 1 3 2 1 1 0 

0 2 6 6 4 0 -6 -13 -14 -8 -1 0 0 0 0 1 2 3 3 2 1 0 

1 4 10 11 8 1 -13 -20 -20 -20 -7 0 1 1 1 1 3 5 5 4 2 1 

1 4 10 11 8 1 -13 -20 -20 -20 -7 0 1 1 1 1 3 5 5 4 2 1 

0 0 0 0 0 0 -2 0 0 0 0 0 0 0 0 0 0 0 0 0 0 0 

0 0 0 0 0 0 0 0 0 0 0 0 0 0 0 0 0 0 0 0 0 0 

Detected: swipe_left
Channels: 6
Length: 5
Data:
0 0 0 0 0 

0 0 0 0 0 

-1 0 0 1 1 

-1 0 0 1 1 

0 0 0 0 0 

0 0 0 0 0 

Detected: swipe_right
Channels: 6
Length: 9
Data:
0 0 0 -11 0 0 0 -3 0 

1 5 9 7 0 0 0 0 0 

0 2 3 0 0 0 0 -5 -4 

0 2 3 0 0 0 0 -5 -4 

0 0 0 0 0 0 0 0 0 

0 0 2 0 0 0 0 0 0 

Detected: tap_down
Channels: 6
Length: 15
Data:
0 -1 0 4 9 9 9 -5 -3 -6 -6 -4 -3 0 0 

0 0 0 4 7 9 11 -1 0 -3 -4 -2 0 0 0 

-1 -1 0 4 12 16 14 -4 -7 -8 -7 -6 -3 1 1 

-1 -1 0 4 12 16 14 -4 -7 -8 -7 -6 -3 1 1 

0 0 0 0 0 0 1 -4 0 0 0 0 0 0 0 

0 0 0 2 0 0 9 -5 0 0 0 -2 0 0 0 

Detected: swipe_right
Channels: 6
Length: 9
Data:
1 0 0 -16 0 0 -7 -6 -2 

4 8 10 6 0 0 0 0 0 

5 7 5 -4 0 0 0 -6 -2 

5 7 5 -4 0 0 0 -6 -2 

0 0 0 0 0 0 0 0 0 

0 0 0 0 0 0 0 0 0 

Detected: swipe_left
Channels: 6
Length: 3
Data:
0 2 2 

0 0 0 

2 1 1 

2 1 1 

0 0 0 

0 0 0 

Detected: swipe_right
Channels: 6
Length: 28
Data:
0 -1 -1 0 -2 8 11 5 0 -3 -1 -4 -2 -1 0 0 0 0 0 0 -3 -4 0 0 0 0 -2 0 

0 0 0 0 1 6 12 7 4 -1 0 -2 0 0 0 0 0 0 0 5 8 3 0 0 0 0 0 0 

-1 -2 -5 -5 -2 15 17 16 8 -5 -4 -9 -3 -2 0 0 0 0 2 3 5 0 0 -20 -16 0 -3 -1 

-1 -2 -5 -5 -2 15 17 16 8 -5 -4 -9 -3 -2 0 0 0 0 2 3 5 0 0 -20 -16 0 -3 -1 

0 0 0 0 0 0 0 0 0 -4 0 0 0 0 0 0 0 0 0 0 -2 0 0 0 0 0 0 0 

0 0 0 0 0 0 0 0 0 0 0 0 0 0 0 0 0 0 0 0 2 0 0 0 0 0 0 0 

Detected: tap_down
Channels: 6
Length: 20
Data:
0 0 5 0 -3 -5 -2 -2 -1 0 0 7 9 9 4 0 0 -4 -2 -1 

0 1 3 0 0 -2 -3 -1 0 0 3 7 11 9 6 0 0 -1 -1 0 

2 4 7 0 -5 -6 -5 -3 -2 2 5 11 14 14 5 -3 -4 -9 -6 -1 

2 4 7 0 -5 -6 -5 -3 -2 2 5 11 14 14 5 -3 -4 -9 -6 -1 

0 0 0 0 -1 0 0 0 0 0 0 0 0 0 0 0 -4 0 0 0 

0 0 0 -1 0 0 0 0 0 0 0 0 0 0 0 0 0 0 0 0 

Detected: swipe_up
Channels: 6
Length: 12
Data:
0 0 -2 -3 0 0 0 -10 0 0 0 0 

1 3 5 3 0 0 0 0 0 0 0 0 

1 2 2 -2 0 0 -18 0 -8 -8 -4 -4 

1 2 2 -2 0 0 -18 0 -8 -8 -4 -4 

0 0 0 0 0 0 0 0 0 0 0 0 

0 0 0 0 0 0 0 0 0 0 0 0 

Detected: swipe_left
Channels: 6
Length: 10
Data:
0 0 0 0 0 0 3 2 2 2 

0 0 0 0 0 0 0 0 0 0 

-2 0 0 0 0 3 3 0 2 1 

-2 0 0 0 0 3 3 0 2 1 

0 0 0 0 0 0 0 0 0 0 

0 0 0 0 0 0 0 0 0 0 

Detected: tap_down
Channels: 6
Length: 17
Data:
-1 0 0 2 7 8 0 0 0 -2 -3 -2 -1 0 0 1 0 

0 0 0 2 4 5 0 0 0 -1 0 -2 0 0 0 0 0 

-1 -1 0 5 9 13 5 3 -4 -12 -7 -4 -2 0 0 2 1 

-1 -1 0 5 9 13 5 3 -4 -12 -7 -4 -2 0 0 2 1 

0 0 0 0 0 0 0 0 0 0 0 0 0 0 0 0 0 

0 0 0 0 0 0 0 0 0 0 0 0 0 0 0 0 0 

Detected: swipe_left
Channels: 6
Length: 10
Data:
0 0 -1 0 0 0 0 0 0 0 

0 5 8 0 0 0 0 0 0 0 

1 4 5 0 0 0 0 -11 -6 -1 

1 4 5 0 0 0 0 -11 -6 -1 

0 0 -6 0 0 0 0 0 0 0 

0 0 0 0 0 0 0 0 0 0 

Detected: swipe_left
Channels: 6
Length: 11
Data:
0 0 0 0 0 0 0 0 0 0 0 

0 0 0 0 0 0 0 0 0 0 0 

1 0 0 0 2 2 2 0 4 0 1 

1 0 0 0 2 2 2 0 4 0 1 

0 0 0 0 0 0 0 0 0 0 0 

0 0 0 0 0 0 0 0 0 0 0 

Detected: tap_down
Channels: 6
Length: 18
Data:
0 0 0 0 2 8 9 0 0 -6 -5 -3 -2 -1 0 0 0 0 

0 0 0 1 5 6 0 5 0 0 0 -2 -1 0 0 0 0 0 

-1 -1 0 1 8 12 11 10 -3 -11 -8 -4 -4 -2 0 2 1 1 

-1 -1 0 1 8 12 11 10 -3 -11 -8 -4 -4 -2 0 2 1 1 

0 0 0 0 1 0 0 0 0 -5 0 0 0 0 0 0 0 0 

0 0 0 0 0 0 0 0 0 0 0 0 0 0 0 0 0 0 

Detected: tap_right
Channels: 6
Length: 11
Data:
0 0 -1 -1 0 0 0 -7 -3 0 0 

1 3 4 0 0 0 0 0 0 0 0 

1 1 1 0 0 0 0 0 -9 -5 -2 

1 1 1 0 0 0 0 0 -9 -5 -2 

0 0 -2 -4 0 0 0 0 0 0 0 

0 0 0 0 0 0 0 0 0 0 0 

Detected: swipe_left
Channels: 6
Length: 5
Data:
0 0 0 0 0 

0 0 0 0 0 

2 0 0 0 1 

2 0 0 0 1 

0 0 0 0 0 

0 0 0 0 0 

Detected: swipe_left
Channels: 6
Length: 15
Data:
0 0 0 0 -1 1 6 9 7 2 0 -1 -1 -1 0 

0 0 0 0 -2 0 2 7 8 0 0 0 0 0 0 

1 0 2 1 -2 -2 7 12 12 9 -2 -2 -2 -2 -1 

1 0 2 1 -2 -2 7 12 12 9 -2 -2 -2 -2 -1 

0 0 0 0 0 0 0 0 0 0 0 0 0 0 0 

0 0 0 -1 0 0 0 0 0 0 0 0 -4 -1 0 

Detected: tap_up
Channels: 6
Length: 10
Data:
0 0 0 0 0 0 -10 -3 0 0 

1 4 4 0 0 0 0 0 0 0 

1 2 0 0 0 -20 0 -7 -4 -2 

1 2 0 0 0 -20 0 -7 -4 -2 

0 0 0 0 0 0 0 0 0 0 

0 0 0 0 0 0 0 0 0 0 

Keypress: OemPeriod

Keypress: OemPeriod

Keypress: OemPeriod

Keypress: OemPeriod

Detected: swipe_left
Channels: 6
Length: 4
Data:
0 0 0 10 

0 0 0 0 

-3 0 0 0 

-3 0 0 0 

0 0 0 0 

0 0 0 0 

Keypress: OemPeriod

Keypress: OemPeriod

Keypress: OemPeriod

Keypress: OemPeriod

Keypress: OemPeriod

Detected: swipe_front
Channels: 6
Length: 14
Data:
0 0 0 0 0 0 0 4 3 0 0 0 0 0 

0 0 1 1 1 0 0 3 0 0 2 2 0 1 

1 1 0 1 2 3 5 5 6 6 5 3 3 2 

1 1 0 1 2 3 5 5 6 6 5 3 3 2 

0 0 0 0 0 0 0 0 0 0 0 0 0 0 

0 0 0 0 0 0 0 0 0 0 0 0 0 0 

Detected: swipe_left
Channels: 6
Length: 5
Data:
0 0 0 0 0 

0 -2 0 0 0 

-1 -1 -2 -3 -2 

-1 -1 -2 -3 -2 

0 0 0 0 0 

0 0 0 0 -1 

Detected: swipe_left
Channels: 6
Length: 4
Data:
0 0 0 0 

1 0 0 1 

0 0 0 2 

0 0 0 2 

0 0 0 0 

0 0 0 0 

Detected: swipe_left
Channels: 6
Length: 19
Data:
-1 0 0 0 0 0 0 0 0 0 0 0 0 0 0 -2 0 0 0 

0 0 0 0 0 0 0 0 0 0 2 0 0 0 0 0 0 0 0 

0 0 0 0 1 0 0 0 0 2 2 2 0 -1 -2 -2 -1 0 1 

0 0 0 0 1 0 0 0 0 2 2 2 0 -1 -2 -2 -1 0 1 

0 0 0 0 0 0 0 0 0 0 0 0 0 0 0 0 0 0 0 

0 0 0 0 0 0 0 0 0 0 0 0 0 0 0 0 0 0 0 

Detected: scratchout
Channels: 6
Length: 49
Data:
0 3 3 3 2 4 5 5 4 2 0 0 0 0 0 0 0 2 -1 0 -5 -6 -8 2 5 2 -1 -5 -2 2 2 2 -1 -3 -3 0 3 2 0 -2 -2 0 4 2 0 -5 -3 0 3 

0 0 0 0 5 3 0 0 3 1 0 0 0 0 0 0 -3 -2 -2 2 3 6 1 0 -3 -2 2 2 3 0 -3 -2 0 2 2 0 -2 -2 0 3 2 0 -2 -1 1 4 2 -1 -1 

3 5 5 4 0 0 6 5 4 2 0 0 0 0 -1 1 4 3 -3 1 5 5 -4 4 5 2 1 2 0 3 4 -4 -1 -1 -1 1 5 3 2 2 1 1 5 2 3 2 1 4 4 

3 5 5 4 0 0 6 5 4 2 0 0 0 0 -1 1 4 3 -3 1 5 5 -4 4 5 2 1 2 0 3 4 -4 -1 -1 -1 1 5 3 2 2 1 1 5 2 3 2 1 4 4 

0 0 0 0 0 0 0 0 2 1 0 0 0 -1 -1 1 2 0 0 0 0 -4 -4 1 4 0 0 -1 -1 1 0 0 0 0 0 0 0 0 0 -1 0 0 2 0 0 -1 0 0 0 

0 0 0 0 0 0 0 0 0 0 0 0 0 0 0 0 0 0 0 0 0 0 0 0 0 0 0 0 0 0 0 0 0 0 0 0 0 0 0 0 0 0 0 0 0 -2 0 0 0 

Detected: swipe_left
Channels: 6
Length: 3
Data:
0 0 0 

0 0 0 

4 3 1 

4 3 1 

0 0 0 

0 0 0 

Detected: tap_down
Channels: 6
Length: 39
Data:
0 -1 -3 -3 -2 -4 0 0 0 0 0 0 0 0 0 0 0 8 -2 -4 0 1 0 0 -1 0 0 0 0 -3 0 0 1 1 -5 -5 -5 1 3 

0 -2 -3 -2 0 0 0 0 0 0 0 0 0 0 0 0 0 -2 0 0 0 -2 -1 0 0 0 0 -3 0 3 0 0 0 -3 3 3 0 0 -2 

-3 -5 -8 -7 -5 -4 0 0 0 -1 3 4 0 2 2 0 13 10 1 -1 0 3 4 3 1 -3 0 4 1 2 -2 0 3 3 3 2 -1 3 3 

-3 -5 -8 -7 -5 -4 0 0 0 -1 3 4 0 2 2 0 13 10 1 -1 0 3 4 3 1 -3 0 4 1 2 -2 0 3 3 3 2 -1 3 3 

0 1 0 0 0 0 0 0 0 0 0 0 0 0 0 0 0 0 -3 -1 0 1 0 0 -2 0 0 0 0 0 0 0 2 0 0 -4 0 2 1 

0 0 0 0 0 0 0 0 0 0 0 0 0 0 0 0 0 0 0 0 0 0 0 0 0 0 0 0 0 0 0 0 0 0 0 0 0 0 0 

Detected: swipe_left
Channels: 6
Length: 7
Data:
-2 0 1 3 1 -1 0 

0 0 0 0 -1 -4 0 

0 0 1 4 4 -5 -1 

0 0 1 4 4 -5 -1 

0 0 0 0 0 0 0 

0 0 0 0 -2 -2 0 

Detected: swipe_left
Channels: 6
Length: 57
Data:
0 0 0 0 0 0 0 0 0 0 0 1 0 0 0 7 9 3 -1 -4 -1 1 0 0 -3 0 0 1 3 0 -3 -2 0 5 0 -3 -4 0 0 2 -1 -4 -1 2 6 0 -5 -8 1 3 3 -5 -10 -2 0 2 0 

0 0 0 0 0 0 0 0 0 0 0 0 0 1 0 0 -4 -4 0 2 3 -1 -1 0 2 1 0 0 1 0 1 3 1 1 -1 1 1 2 -2 -1 0 1 2 -2 -3 0 3 4 0 -3 0 2 4 0 0 0 0 

1 0 0 0 1 0 1 2 3 3 3 1 3 0 2 7 10 6 2 -1 2 2 2 1 3 -1 0 4 -3 -1 1 1 2 6 2 3 1 2 5 3 2 -1 -2 6 6 2 2 -3 2 6 1 4 -4 -3 2 0 1 

1 0 0 0 1 0 1 2 3 3 3 1 3 0 2 7 10 6 2 -1 2 2 2 1 3 -1 0 4 -3 -1 1 1 2 6 2 3 1 2 5 3 2 -1 -2 6 6 2 2 -3 2 6 1 4 -4 -3 2 0 1 

0 0 0 0 0 0 0 0 0 0 0 0 0 0 0 3 2 0 0 0 0 0 0 0 0 0 0 0 0 0 0 0 0 0 0 0 -1 0 0 0 0 -1 0 1 4 0 -3 -3 1 3 0 0 -7 0 0 0 0 

0 0 0 0 0 0 0 0 0 0 0 0 0 0 0 0 0 0 0 0 0 0 0 0 0 0 0 0 0 0 0 0 0 0 0 0 0 0 0 0 0 0 0 0 0 0 0 0 0 0 0 0 0 0 0 0 0 

Detected: scratchout
Channels: 6
Length: 23
Data:
-2 -2 -1 3 9 9 0 0 0 -5 -3 0 8 3 0 -5 -12 -2 6 4 0 -4 -1 

0 0 0 0 -2 -7 -6 3 7 6 5 0 -4 -3 2 6 5 0 -5 -7 5 5 0 

-2 0 1 5 11 10 -7 -3 10 6 1 4 6 -8 1 7 6 6 12 -5 4 3 1 

-2 0 1 5 11 10 -7 -3 10 6 1 4 6 -8 1 7 6 6 12 -5 4 3 1 

0 0 0 0 2 0 0 0 0 -2 -2 1 2 0 0 -3 -4 3 5 0 0 -1 0 

0 0 0 0 0 0 0 0 1 0 0 0 0 0 0 0 0 0 -1 0 0 0 0 

Detected: swipe_up
Channels: 6
Length: 7
Data:
1 2 2 0 0 0 -1 

0 -2 -9 0 0 0 0 

0 -1 -9 -17 -15 0 0 

0 -1 -9 -17 -15 0 0 

0 1 0 0 0 0 0 

0 0 -10 -11 0 0 0 

Detected: swipe_front
Channels: 6
Length: 10
Data:
0 0 0 0 0 0 0 1 0 -1 

0 0 0 0 5 7 6 7 5 0 

2 3 2 4 6 6 6 6 3 0 

2 3 2 4 6 6 6 6 3 0 

0 0 0 0 0 0 0 0 0 0 

0 0 0 0 1 1 0 0 0 0 

Detected: swipe_left
Channels: 6
Length: 29
Data:
0 0 -2 6 5 6 -1 -5 -4 3 5 4 -1 -5 -2 1 9 1 -1 -12 1 1 0 0 -5 -2 1 4 0 

0 5 0 0 0 -6 0 4 4 3 -3 -1 1 3 3 2 3 2 4 5 1 -2 -3 1 3 2 -1 1 0 

1 2 -3 6 7 6 4 4 1 4 6 3 5 4 2 8 7 2 4 3 2 8 -2 -1 -4 -3 -1 -2 1 

1 2 -3 6 7 6 4 4 1 4 6 3 5 4 2 8 7 2 4 3 2 8 -2 -1 -4 -3 -1 -2 1 

0 0 0 0 0 0 0 0 -1 0 1 0 0 -1 -1 1 1 1 0 -2 1 0 0 0 -3 0 1 1 0 

0 0 0 0 0 0 0 0 0 0 0 0 0 0 0 0 0 0 0 -2 0 0 0 0 0 0 0 0 0 

Detected: scratchout
Channels: 6
Length: 27
Data:
1 0 -5 -9 -9 2 3 5 1 -5 -7 -5 7 7 4 -4 -7 -7 6 5 1 -8 -5 10 10 0 0 

1 -4 4 7 5 0 -6 -5 -1 6 5 0 -1 -8 -2 6 4 3 0 -5 5 9 0 -3 -8 -3 0 

-4 -7 -2 -5 -8 0 5 4 2 5 4 2 7 6 3 5 3 -4 -2 -4 -2 -4 -2 6 7 1 2 

-4 -7 -2 -5 -8 0 5 4 2 5 4 2 7 6 3 5 3 -4 -2 -4 -2 -4 -2 6 7 1 2 

0 0 0 -4 -6 0 0 0 0 0 -3 0 3 0 1 -1 0 0 0 0 -3 -3 0 3 4 0 0 

-1 0 0 0 0 0 0 0 0 0 0 0 0 0 0 0 0 0 0 0 0 0 0 0 0 0 0 

Detected: swipe_up
Channels: 6
Length: 14
Data:
-1 -8 -15 -19 -10 -3 0 0 0 -1 0 0 0 0 

0 -7 -10 0 0 0 0 0 0 0 0 0 0 -20 

0 -5 -16 -18 -20 0 -2 0 0 0 0 0 0 0 

0 -5 -16 -18 -20 0 -2 0 0 0 0 0 0 0 

0 -6 -9 0 0 0 0 0 0 0 0 0 0 0 

0 0 0 0 0 0 0 0 0 0 0 0 0 0 

Detected: swipe_left
Channels: 6
Length: 8
Data:
0 0 0 0 0 5 1 1 

0 0 0 0 0 0 0 0 

1 0 0 1 1 8 4 0 

1 0 0 1 1 8 4 0 

0 0 0 0 0 0 0 0 

0 0 0 0 0 0 0 0 

Detected: scratchout
Channels: 6
Length: 32
Data:
0 2 -5 -2 -1 13 0 -1 -9 -7 9 4 1 1 -10 6 6 2 -5 -9 -10 11 4 1 1 -8 -6 2 10 1 0 0 

0 1 1 0 0 2 0 -2 3 2 0 -3 3 6 1 0 -6 -7 6 6 1 0 -3 -2 -3 -1 0 0 -2 -8 -3 0 

1 4 2 -2 -2 -4 -3 -3 -4 -3 7 5 5 5 3 4 7 3 5 6 2 8 4 1 6 5 2 5 5 -7 -3 1 

1 4 2 -2 -2 -4 -3 -3 -4 -3 7 5 5 5 3 4 7 3 5 6 2 8 4 1 6 5 2 5 5 -7 -3 1 

0 0 0 0 0 0 0 0 0 0 0 6 0 -7 0 0 4 3 0 0 0 0 0 0 -2 0 0 0 0 0 0 0 

0 -2 -2 0 0 0 0 0 0 0 0 0 0 0 0 0 0 0 0 0 0 0 -1 0 0 0 0 0 -1 0 0 0 

Detected: tap_right
Channels: 6
Length: 9
Data:
0 -4 -6 -7 0 -5 0 0 0 

2 2 8 7 0 0 0 0 0 

0 4 5 2 -12 -11 -1 0 1 

0 4 5 2 -12 -11 -1 0 1 

0 -1 0 0 0 0 0 0 0 

0 0 0 0 0 0 0 0 0 

Detected: swipe_left
Channels: 6
Length: 26
Data:
0 -3 -2 5 6 0 -2 -5 -4 5 8 -1 -5 -8 -2 10 3 0 -5 -8 -6 5 6 0 0 0 

0 0 0 0 5 -3 3 4 0 0 -1 1 4 4 0 0 -4 -2 7 6 0 0 -5 -1 1 1 

-1 -2 -1 4 3 -4 -2 -2 -2 7 8 -5 -4 -4 -1 -4 -8 -5 8 6 -2 8 5 -5 0 0 

-1 -2 -1 4 3 -4 -2 -2 -2 7 8 -5 -4 -4 -1 -4 -8 -5 8 6 -2 8 5 -5 0 0 

0 0 0 0 0 1 0 -1 0 0 5 0 0 0 0 0 0 0 -2 -2 0 0 0 0 0 0 

0 0 0 0 0 0 0 0 0 0 -1 0 0 0 0 0 0 0 0 0 0 0 0 0 0 0 

Detected: tap_right
Channels: 6
Length: 20
Data:
-1 -3 -3 0 3 -3 -7 1 4 0 -4 -3 3 3 0 -5 -7 0 0 0 

0 2 3 2 2 -2 1 0 -1 0 2 0 3 3 0 4 7 0 0 0 

0 1 2 5 6 6 6 6 5 1 4 -3 5 6 -5 -2 -2 -6 0 1 

0 1 2 5 6 6 6 6 5 1 4 -3 5 6 -5 -2 -2 -6 0 1 

0 0 -1 0 0 -4 -4 0 0 -2 -3 -2 3 1 0 0 -2 -1 0 0 

0 0 0 0 0 0 0 0 0 0 0 0 0 0 0 0 0 0 0 0 

Detected: swipe_left
Channels: 6
Length: 15
Data:
2 3 0 -3 -8 -6 7 0 -7 -12 -3 11 8 0 -1 

-1 -3 -3 9 6 0 -3 -6 4 8 0 -2 -1 2 3 

-3 -5 -5 12 10 6 8 2 8 9 1 12 5 2 2 

-3 -5 -5 12 10 6 8 2 8 9 1 12 5 2 2 

0 1 0 0 0 0 0 0 0 -3 0 2 2 0 0 

0 0 0 0 0 0 0 0 0 0 0 0 0 0 0 

Detected: swipe_left
Channels: 6
Length: 25
Data:
0 -6 -6 -7 -4 4 8 6 0 -6 -4 0 5 5 0 -5 -5 0 6 5 -2 -6 -1 4 2 

-1 -1 -2 1 0 0 -4 -5 2 5 5 0 3 3 1 0 5 0 -6 -4 2 5 1 -5 -3 

-2 -3 -5 -4 -3 8 9 3 4 5 3 4 6 3 1 5 1 4 9 3 8 8 3 4 1 

-2 -3 -5 -4 -3 8 9 3 4 5 3 4 6 3 1 5 1 4 9 3 8 8 3 4 1 

0 0 0 -3 0 0 3 0 0 -3 -2 1 2 0 0 0 -2 0 4 0 0 0 0 0 0 

-1 0 0 -4 0 0 0 0 0 0 0 0 0 0 0 0 0 0 0 0 0 0 0 0 0 

Detected: tap_down
Channels: 6
Length: 34
Data:
0 -3 -8 -7 3 9 10 -1 -9 -6 3 5 4 0 -7 -11 -7 3 7 7 0 -9 -15 -8 4 11 10 0 -6 -12 0 8 9 0 

0 2 3 0 0 1 -7 0 6 0 0 -6 -3 2 3 3 0 0 -6 -6 -1 -3 9 0 0 -7 -6 -3 6 8 0 5 5 -1 

-1 -1 -5 -7 -1 13 12 3 5 -4 -3 -3 -9 3 7 2 -5 5 9 6 1 7 5 1 0 10 9 4 5 7 -4 6 6 1 

-1 -1 -5 -7 -1 13 12 3 5 -4 -3 -3 -9 3 7 2 -5 5 9 6 1 7 5 1 0 10 9 4 5 7 -4 6 6 1 

0 0 -3 0 0 1 8 -2 -3 0 0 5 0 0 0 -6 0 0 7 1 0 0 0 0 0 8 2 0 0 -5 0 4 3 0 

0 0 0 0 0 0 0 0 0 0 0 0 0 0 0 0 0 0 0 0 0 0 0 0 0 -1 0 0 0 1 0 0 0 0 

Detected: swipe_up
Channels: 6
Length: 9
Data:
-1 -2 -3 -4 -3 -4 -6 -6 -5 

0 0 0 0 0 0 -6 -8 0 

0 0 -1 -3 -3 -7 -8 -9 -8 

0 0 -1 -3 -3 -7 -8 -9 -8 

0 -1 0 0 0 0 0 0 0 

0 -1 0 0 0 0 0 0 0 

Detected: swipe_left
Channels: 6
Length: 27
Data:
3 7 10 11 10 1 -3 -2 2 2 1 -1 -3 -4 -2 1 3 2 -1 -1 -7 -7 5 8 0 0 -1 

4 4 0 0 -2 0 1 3 0 2 2 0 4 5 3 1 1 1 1 3 10 2 -3 -7 0 1 3 

0 6 11 11 8 4 4 4 3 3 3 1 1 2 1 3 5 2 -4 6 7 3 4 6 2 5 5 

0 6 11 11 8 4 4 4 3 3 3 1 1 2 1 3 5 2 -4 6 7 3 4 6 2 5 5 

0 0 0 0 1 0 0 0 0 1 0 0 0 0 0 0 2 1 0 0 0 0 0 0 0 0 0 

0 0 0 0 0 0 0 0 0 0 0 0 0 1 0 0 0 0 0 0 0 0 -1 -3 0 0 0 

Detected: tap_right
Channels: 6
Length: 57
Data:
-3 -8 -2 1 7 -1 -2 -2 4 3 -1 -3 1 3 0 -1 -3 -3 0 2 3 0 0 5 -6 -9 -4 3 8 0 -2 -2 -1 0 2 0 0 -8 -9 -4 2 4 3 0 0 0 4 -3 0 -8 -9 -2 4 10 3 0 0 

3 3 0 0 -6 0 0 2 0 0 2 3 0 -4 0 2 2 1 0 1 2 -6 -2 7 10 10 0 5 3 0 3 5 4 0 2 -8 -5 14 10 0 0 -7 1 1 3 0 0 -4 5 12 7 0 0 -5 0 1 1 

1 1 -4 1 4 2 3 2 4 3 1 1 1 2 -3 3 2 1 1 3 1 -9 -9 6 10 6 2 8 5 -1 -1 -2 -2 1 3 2 3 8 7 -5 10 7 2 2 2 1 1 -8 -2 -2 -3 -3 5 5 -2 3 0 

1 1 -4 1 4 2 3 2 4 3 1 1 1 2 -3 3 2 1 1 3 1 -9 -9 6 10 6 2 8 5 -1 -1 -2 -2 1 3 2 3 8 7 -5 10 7 2 2 2 1 1 -8 -2 -2 -3 -3 5 5 -2 3 0 

0 -1 0 0 2 0 -1 0 1 0 0 0 0 0 0 0 0 0 0 0 2 0 0 0 0 -4 0 3 6 0 -1 -3 0 0 3 1 0 -1 0 0 3 2 0 0 0 0 0 0 0 0 0 0 3 3 0 0 0 

0 0 0 0 0 0 0 0 0 0 0 0 0 0 0 0 0 0 0 0 0 0 0 0 0 0 0 0 0 0 0 0 0 0 0 0 0 0 1 0 0 0 0 0 0 0 0 0 0 0 0 0 0 0 -1 0 0 

Detected: swipe_left
Channels: 6
Length: 8
Data:
-2 -4 -3 0 0 0 0 0 

0 0 2 0 0 0 0 0 

-1 0 -4 -4 0 -7 0 -1 

-1 0 -4 -4 0 -7 0 -1 

0 0 0 0 0 0 0 0 

0 0 0 0 0 0 0 0 

Detected: scratchout
Channels: 6
Length: 30
Data:
0 0 0 0 0 0 0 -3 -4 -4 0 0 7 3 -2 0 -4 -4 0 0 4 4 -2 -1 -2 -5 0 0 4 3 

0 4 0 0 -3 -1 -1 5 9 0 0 0 -8 -4 -2 4 4 9 0 0 -4 -2 -1 1 7 6 3 0 -2 -2 

1 8 6 0 -4 -6 -6 -4 7 7 0 0 -5 -9 0 4 5 7 0 3 3 2 -6 -3 -2 -2 3 0 5 5 

1 8 6 0 -4 -6 -6 -4 7 7 0 0 -5 -9 0 4 5 7 0 3 3 2 -6 -3 -2 -2 3 0 5 5 

0 0 0 0 2 0 0 0 0 0 0 0 6 0 0 0 0 -3 0 0 3 1 0 0 -1 -4 0 0 1 1 

0 0 0 0 0 0 0 0 0 0 0 0 0 0 0 0 0 0 0 0 0 0 0 0 0 0 0 0 0 0 

Detected: swipe_up
Channels: 6
Length: 11
Data:
0 -4 1 0 0 -4 -3 0 0 0 0 

0 -1 -9 -8 -4 -1 -1 0 0 0 0 

-1 -5 -7 -11 -16 -8 -3 0 0 0 1 

-1 -5 -7 -11 -16 -8 -3 0 0 0 1 

0 0 0 0 0 0 0 0 0 0 0 

0 -2 -2 0 0 0 0 0 0 0 0 

Detected: swipe_left
Channels: 6
Length: 3
Data:
0 0 0 

0 0 0 

1 0 1 

1 0 1 

0 0 0 

0 0 0 

Detected: swipe_left
Channels: 6
Length: 3
Data:
0 0 0 

0 1 1 

2 2 1 

2 2 1 

0 0 0 

0 0 0 

Detected: swipe_left
Channels: 6
Length: 48
Data:
0 -1 0 4 6 5 2 -2 -3 -3 0 0 3 3 0 0 0 -3 -3 -1 3 3 1 0 -1 -5 -1 0 3 3 0 0 -5 -3 0 7 3 0 -1 -1 0 2 0 0 0 -2 -4 -2 

1 0 1 1 0 -3 -1 1 3 4 0 0 -3 0 -1 0 2 5 4 0 -2 -4 0 0 2 4 3 0 -2 0 0 1 6 2 0 -3 -2 0 0 1 1 -4 -1 0 3 3 4 0 

0 -1 0 5 6 4 -4 3 4 2 -2 0 3 2 -3 0 2 5 3 1 4 2 -3 -1 2 5 2 1 -1 -3 -3 3 6 2 0 -5 -5 -1 3 3 0 -3 -7 -5 2 3 4 2 

0 -1 0 5 6 4 -4 3 4 2 -2 0 3 2 -3 0 2 5 3 1 4 2 -3 -1 2 5 2 1 -1 -3 -3 3 6 2 0 -5 -5 -1 3 3 0 -3 -7 -5 2 3 4 2 

0 0 0 0 0 0 0 -1 -1 -3 0 1 3 0 0 0 -1 -2 -1 0 1 1 0 0 -1 0 0 0 1 0 0 0 -1 0 1 3 0 0 0 0 0 0 0 0 0 0 0 0 

0 0 0 0 0 0 0 0 0 0 0 0 0 0 0 0 0 0 0 0 0 0 0 0 0 0 0 0 0 0 0 0 0 0 0 0 0 0 0 0 0 0 0 0 0 0 0 0 

Detected: scratchout
Channels: 6
Length: 48
Data:
-1 0 4 1 0 0 1 0 2 2 0 0 -3 -6 -10 0 2 4 0 1 0 2 3 0 -4 -6 -4 -1 -3 -8 -5 3 2 2 0 1 1 0 0 -2 -3 -4 0 3 4 0 -3 -2 

0 0 0 -2 -2 1 4 0 -1 -1 -1 -1 -1 -5 5 0 0 0 0 0 0 -2 -1 1 3 7 4 -5 -1 9 0 0 0 1 0 0 -1 1 3 4 5 0 0 -2 -3 0 2 3 

0 1 2 1 -2 5 5 2 3 2 -6 -3 5 6 3 -2 6 4 3 2 2 1 -6 -4 5 3 2 -7 -6 -2 -2 2 4 1 0 -4 -7 -6 2 4 4 -2 0 -2 -3 -2 3 4 

0 1 2 1 -2 5 5 2 3 2 -6 -3 5 6 3 -2 6 4 3 2 2 1 -6 -4 5 3 2 -7 -6 -2 -2 2 4 1 0 -4 -7 -6 2 4 4 -2 0 -2 -3 -2 3 4 

0 0 0 0 0 0 0 0 0 1 0 0 0 -5 -5 0 0 0 0 0 0 0 0 0 0 -3 0 0 0 0 0 0 0 0 0 0 0 0 0 0 0 -1 0 1 0 0 0 0 

0 0 0 0 0 0 0 0 0 1 0 0 0 1 0 0 0 0 0 0 0 0 0 0 0 -3 0 0 0 0 0 0 0 0 0 0 0 0 0 0 0 0 0 0 0 0 0 0 

Keypress: A

Detected: swipe_left
Channels: 6
Length: 13
Data:
0 0 0 0 0 0 0 0 0 0 0 0 0 

0 0 0 0 0 0 0 1 0 0 0 0 0 

-2 -1 0 0 0 1 1 2 2 2 6 6 -2 

-2 -1 0 0 0 1 1 2 2 2 6 6 -2 

0 0 0 0 0 0 0 0 0 0 0 0 0 

0 0 0 0 0 0 0 0 0 0 0 0 0 

Detected: swipe_left
Channels: 6
Length: 7
Data:
0 0 0 0 0 0 0 

0 0 0 0 0 0 0 

-1 0 0 -1 -2 -2 -1 

-1 0 0 -1 -2 -2 -1 

0 0 0 0 0 0 0 

0 0 0 0 0 0 0 

Detected: scratchout
Channels: 6
Length: 48
Data:
0 0 0 0 1 0 1 3 7 4 -3 -2 -5 3 6 4 0 -1 -3 -3 -2 0 0 2 3 0 -1 -2 -3 0 3 3 0 -1 -2 -2 0 1 2 0 -2 0 -1 -1 -1 1 2 2 

1 2 2 4 5 3 3 0 4 -3 -1 3 3 0 0 -2 -2 0 3 6 4 0 0 -2 -2 -1 0 0 3 0 -2 -3 -3 4 4 2 0 -1 -1 0 0 0 2 3 5 0 -1 0 

0 2 1 1 0 0 2 4 1 3 2 1 2 2 5 0 -4 -3 3 4 3 1 2 3 2 -5 0 1 2 1 3 -5 -3 -1 -1 3 1 2 2 -4 -2 -1 4 4 4 0 3 0 

0 2 1 1 0 0 2 4 1 3 2 1 2 2 5 0 -4 -3 3 4 3 1 2 3 2 -5 0 1 2 1 3 -5 -3 -1 -1 3 1 2 2 -4 -2 -1 4 4 4 0 3 0 

0 0 0 0 0 0 0 0 0 3 -3 0 0 0 0 1 0 0 -1 0 0 0 0 1 1 0 0 0 0 0 0 0 0 0 0 0 0 0 0 -1 0 0 -1 -1 0 0 0 0 

0 0 0 0 0 0 0 0 0 0 0 0 0 0 0 0 0 0 0 0 0 0 0 0 0 0 0 0 0 0 0 0 0 0 0 0 0 0 0 0 0 0 1 0 0 0 0 0 

Detected: swipe_left
Channels: 6
Length: 9
Data:
0 1 2 1 0 0 0 0 0 

0 0 0 -1 -3 -1 -1 -2 0 

1 2 2 6 4 -1 -4 -4 -1 

1 2 2 6 4 -1 -4 -4 -1 

0 0 0 0 0 0 0 0 0 

0 0 -3 -6 -6 0 0 0 0 

Detected: swipe_left
Channels: 6
Length: 9
Data:
0 0 0 0 0 0 0 0 0 

0 0 0 0 0 0 0 0 0 

1 0 0 0 -1 -1 -2 -1 -1 

1 0 0 0 -1 -1 -2 -1 -1 

0 0 0 0 0 0 0 0 0 

0 0 0 0 0 0 0 0 0 

Detected: swipe_left
Channels: 6
Length: 48
Data:
0 0 0 0 0 0 0 2 5 4 3 -1 -5 -2 0 0 1 0 -1 -5 -2 2 2 4 0 -2 -2 0 1 1 3 0 0 -1 0 0 1 1 -1 -2 -3 1 2 0 0 -1 -1 0 

0 1 1 2 0 0 0 0 0 0 -3 0 7 3 0 0 1 0 2 3 0 0 -2 -3 0 2 3 1 0 -3 -6 -1 3 2 1 0 -2 -1 0 4 2 0 -3 -1 3 4 1 0 

1 2 2 2 0 0 0 2 1 2 -3 4 6 2 0 1 1 2 3 2 -4 2 3 1 1 4 3 -3 1 3 1 2 4 4 0 0 1 -4 -3 -1 -1 -1 -4 -2 5 6 5 2 

1 2 2 2 0 0 0 2 1 2 -3 4 6 2 0 1 1 2 3 2 -4 2 3 1 1 4 3 -3 1 3 1 2 4 4 0 0 1 -4 -3 -1 -1 -1 -4 -2 5 6 5 2 

0 0 0 0 0 0 0 0 2 1 1 0 0 -3 0 0 0 0 0 -2 0 1 2 1 0 0 -1 0 1 1 3 0 0 0 0 0 0 1 0 0 1 0 1 0 0 0 0 0 

0 0 0 0 0 0 0 0 0 0 0 0 0 0 0 0 0 0 0 0 0 0 0 0 0 0 0 0 0 0 2 0 0 0 0 0 0 0 0 -1 -1 0 -1 0 0 0 0 0 

Detected: tap_right
Channels: 6
Length: 25
Data:
-2 -4 -6 -6 -2 -4 0 0 2 3 4 0 0 0 0 0 0 0 0 0 0 0 0 0 0 

0 -1 0 0 0 0 0 0 0 -4 -4 -3 0 0 0 1 2 3 3 4 3 2 0 0 0 

-2 -6 -3 -4 -2 -1 0 0 0 0 -5 -3 -2 0 0 1 1 1 4 3 4 3 -4 -1 -1 

-2 -6 -3 -4 -2 -1 0 0 0 0 -5 -3 -2 0 0 1 1 1 4 3 4 3 -4 -1 -1 

0 0 0 0 0 0 0 0 0 0 0 0 0 0 0 0 0 0 0 0 0 0 0 0 0 

0 0 0 0 0 0 0 0 0 0 0 0 0 0 0 0 0 0 0 0 0 0 0 0 0 

Detected: scratchout
Channels: 6
Length: 58
Data:
0 0 0 5 0 -1 -5 -2 -1 3 2 -2 0 0 0 7 0 0 3 2 -1 0 -1 -1 -5 -6 -12 0 0 2 4 -3 -7 -2 0 3 2 0 0 0 -3 -3 0 0 0 0 0 0 0 0 0 1 2 0 0 0 0 0 

0 0 0 -4 -4 1 2 4 0 0 0 1 0 0 0 -9 0 5 8 7 0 -3 -2 -1 -2 -1 4 0 0 0 -5 0 3 3 0 -4 -4 -1 1 4 5 1 0 0 0 0 0 0 0 0 0 0 -2 0 0 0 1 1 

2 0 9 8 1 3 4 -2 -1 -1 -4 0 -6 0 7 8 0 9 11 5 1 2 2 1 5 5 1 -8 6 -5 -6 6 7 3 3 5 2 -3 0 3 5 2 0 0 0 0 -8 0 0 0 0 0 -1 0 0 0 0 0 

2 0 9 8 1 3 4 -2 -1 -1 -4 0 -6 0 7 8 0 9 11 5 1 2 2 1 5 5 1 -8 6 -5 -6 6 7 3 3 5 2 -3 0 3 5 2 0 0 0 0 -8 0 0 0 0 0 -1 0 0 0 0 0 

0 0 0 2 0 -1 0 0 0 3 0 0 0 0 0 5 0 0 0 -2 0 1 0 0 -1 0 0 0 0 0 6 0 -1 0 0 0 0 0 0 0 0 0 0 0 0 0 0 0 0 0 0 0 0 0 0 0 0 0 

0 0 0 0 0 -1 0 0 0 0 0 1 0 0 0 0 0 0 -1 0 0 0 0 0 -2 1 0 0 0 0 0 0 0 0 0 0 0 0 0 0 0 0 0 0 0 0 0 0 0 0 0 0 0 0 0 0 0 0 

Detected: swipe_right
Channels: 6
Length: 19
Data:
1 1 0 0 0 -2 -2 2 4 2 0 -1 -1 0 1 0 -1 -1 -1 

0 0 -1 1 1 5 3 0 -2 -1 0 1 2 0 0 -1 -1 0 0 

0 1 -2 -1 4 16 10 3 3 2 2 3 2 0 -1 -3 -2 -3 -1 

0 1 -2 -1 4 16 10 3 3 2 2 3 2 0 -1 -3 -2 -3 -1 

0 0 0 0 0 0 0 0 0 1 0 0 0 0 0 0 0 0 0 

0 0 0 0 0 0 0 0 0 0 0 0 0 0 0 0 0 0 0 

Detected: swipe_front
Channels: 6
Length: 8
Data:
0 0 0 1 -2 0 0 0 

1 0 0 0 0 0 0 0 

1 1 3 1 6 6 9 7 

1 1 3 1 6 6 9 7 

0 0 0 0 -2 -3 0 0 

0 0 0 0 0 0 0 0 

Detected: swipe_left
Channels: 6
Length: 7
Data:
0 0 0 -1 -1 -2 -1 

0 0 0 0 0 3 0 

-4 0 -1 -2 -3 -3 -2 

-4 0 -1 -2 -3 -3 -2 

0 0 0 0 0 0 0 

0 0 0 0 2 2 0 

Detected: tap_right
Channels: 6
Length: 121
Data:
0 1 0 1 5 6 5 -1 -1 -1 2 5 4 -2 -2 -1 0 3 4 1 -2 -6 -6 0 1 2 0 0 -2 -2 0 3 3 0 0 -2 -4 -1 0 0 2 5 0 0 -4 -3 0 3 0 -1 -2 0 0 1 0 -2 -3 0 1 0 -1 -2 -1 0 1 0 0 -2 -3 -2 0 2 2 0 -1 -4 -1 0 3 4 -1 -4 -5 -2 1 2 4 0 -3 -4 -2 2 3 2 0 0 -4 -8 0 0 0 0 3 2 2 1 0 0 0 0 1 0 0 -2 -6 -5 -3 -1 -1 -1 0 

1 4 4 4 3 3 -2 2 0 3 0 2 -1 2 2 3 0 -1 -1 -1 3 5 4 0 -1 -3 -1 2 4 3 0 -3 -3 0 1 5 6 1 0 -1 -2 -1 0 0 3 4 0 -4 -3 4 4 0 0 -2 0 3 4 0 0 -2 0 2 3 1 0 0 0 2 5 2 0 -2 -1 0 1 3 1 0 -2 -2 0 4 2 0 0 -2 0 0 0 4 1 0 2 -1 0 2 1 1 0 0 0 0 0 0 0 0 0 0 0 0 0 0 1 1 4 0 0 0 0 0 0 

0 3 3 4 6 6 3 3 3 0 3 5 2 2 1 -2 -1 -1 -4 -3 -1 -2 -3 -2 2 3 2 3 2 -2 2 6 1 -3 2 3 5 2 1 1 4 1 -2 1 2 1 -3 -3 -2 3 3 0 1 1 -2 -1 1 0 4 1 -3 -1 1 1 2 -2 -2 3 2 -1 2 1 -2 -3 3 2 1 1 3 2 1 2 -2 -2 4 3 -4 -2 2 2 1 2 2 1 -1 1 3 2 -7 -2 0 0 1 1 1 0 1 3 7 2 -1 -2 -1 4 1 -4 -4 -1 -3 -2 -1 

0 3 3 4 6 6 3 3 3 0 3 5 2 2 1 -2 -1 -1 -4 -3 -1 -2 -3 -2 2 3 2 3 2 -2 2 6 1 -3 2 3 5 2 1 1 4 1 -2 1 2 1 -3 -3 -2 3 3 0 1 1 -2 -1 1 0 4 1 -3 -1 1 1 2 -2 -2 3 2 -1 2 1 -2 -3 3 2 1 1 3 2 1 2 -2 -2 4 3 -4 -2 2 2 1 2 2 1 -1 1 3 2 -7 -2 0 0 1 1 1 0 1 3 7 2 -1 -2 -1 4 1 -4 -4 -1 -3 -2 -1 

0 0 0 0 0 0 0 0 0 0 1 0 0 0 -2 -1 0 1 1 0 0 0 -1 0 1 0 0 0 -2 -1 0 1 0 0 0 0 -1 -1 0 0 1 0 0 0 0 0 0 0 0 0 0 0 0 0 0 0 0 0 0 0 0 0 0 0 0 0 0 0 0 0 0 0 0 0 0 0 0 0 1 1 0 0 0 0 0 0 0 0 0 0 0 1 0 0 0 0 0 0 0 0 0 0 0 0 2 1 0 0 0 0 0 0 0 0 0 0 0 0 0 0 0 

0 0 0 0 0 -1 0 0 0 0 0 0 0 0 0 0 0 0 0 0 0 0 0 0 0 0 0 0 0 0 0 1 0 0 0 0 0 0 0 0 0 0 0 0 0 0 0 0 0 0 0 0 0 0 0 0 0 0 0 0 0 0 0 0 0 0 0 0 0 0 0 0 0 0 0 0 0 0 0 0 0 -1 0 0 0 0 0 0 0 0 0 0 0 0 0 0 0 0 0 0 0 0 0 0 0 0 0 0 0 0 0 0 0 -1 -3 0 0 0 0 0 0 

Detected: swipe_left
Channels: 6
Length: 7
Data:
0 0 0 0 0 -3 -4 

0 0 0 0 0 0 0 

-8 0 0 -2 2 0 0 

-8 0 0 -2 2 0 0 

0 0 0 0 0 0 0 

0 0 0 0 0 0 0 

Detected: scratchout
Channels: 6
Length: 49
Data:
0 3 5 4 2 0 -1 -5 -1 3 1 1 -6 -2 0 4 0 0 0 -5 -1 -1 0 5 4 1 -2 -2 0 3 1 0 0 -6 -6 0 3 6 4 0 0 0 0 0 0 0 0 0 -1 

0 1 -2 -6 -3 0 4 9 2 -5 -7 7 6 2 1 -3 -1 -1 1 3 4 1 -5 -7 -7 2 6 4 -3 -5 -1 1 4 3 2 0 0 -4 -4 0 0 1 -3 -2 0 0 5 5 3 

5 4 8 5 -5 -2 8 8 9 3 -8 9 5 2 4 4 -7 -2 1 6 3 2 4 4 1 7 8 3 2 2 -3 0 4 6 1 2 5 3 1 3 3 -2 -3 -7 -8 3 8 5 3 

5 4 8 5 -5 -2 8 8 9 3 -8 9 5 2 4 4 -7 -2 1 6 3 2 4 4 1 7 8 3 2 2 -3 0 4 6 1 2 5 3 1 3 3 -2 -3 -7 -8 3 8 5 3 

0 2 3 3 0 0 0 0 0 0 0 -2 -1 0 1 0 0 0 0 0 0 0 2 0 0 0 0 0 0 0 0 0 0 0 0 0 0 0 0 0 0 0 0 0 0 0 0 0 0 

0 0 0 0 0 0 0 4 0 3 0 0 -2 0 0 0 -1 0 0 0 0 0 0 0 0 0 0 0 0 0 0 0 0 0 0 0 0 0 0 0 0 -1 0 0 0 0 0 0 -1 

Detected: tap_up
Channels: 6
Length: 33
Data:
0 0 -2 0 0 0 0 0 0 -1 0 0 0 0 0 0 0 0 0 0 0 0 0 0 0 0 0 0 0 0 0 0 -1 

0 1 -2 -6 -6 0 0 -3 -1 0 0 0 0 0 1 0 0 0 0 0 0 0 0 0 0 0 1 1 0 0 0 0 0 

1 1 1 -4 -9 -14 -8 -5 -4 -1 0 0 0 0 0 0 0 0 0 1 2 1 0 2 1 1 0 0 0 0 0 0 0 

1 1 1 -4 -9 -14 -8 -5 -4 -1 0 0 0 0 0 0 0 0 0 1 2 1 0 2 1 1 0 0 0 0 0 0 0 

0 0 0 0 0 0 0 0 0 0 0 0 0 0 0 0 0 0 0 0 0 0 0 0 0 0 0 0 0 0 0 0 0 

0 0 0 -1 -4 0 0 0 0 0 0 0 0 0 0 0 0 0 0 0 0 0 0 0 0 0 0 0 0 0 0 0 0 

Detected: swipe_left
Channels: 6
Length: 8
Data:
0 -1 0 0 -1 -1 -1 -1 

0 0 0 0 0 0 -2 0 

-2 -3 -2 -2 -2 -3 -1 0 

-2 -3 -2 -2 -2 -3 -1 0 

0 0 0 0 0 0 0 0 

0 0 0 0 0 0 0 0 

