Started MediaCenter at 11:16:44 AM
Keypress: NumPad2

Detected: swipe_left
Channels: 6
Length: 29
Data:
0 0 0 0 0 0 0 0 0 0 0 5 6 2 0 0 -4 -5 -2 1 4 1 0 0 -3 -2 1 0 0 

0 0 0 0 0 0 0 1 1 2 0 0 0 0 0 2 5 0 0 -1 0 0 -1 1 3 2 0 0 0 

3 3 5 0 0 -1 0 1 1 1 1 3 3 -1 0 2 3 2 -1 2 3 -3 0 1 4 3 1 1 -2 

3 3 5 0 0 -1 0 1 1 1 1 3 3 -1 0 2 3 2 -1 2 3 -3 0 1 4 3 1 1 -2 

0 0 0 0 0 0 0 0 0 0 0 0 0 0 0 0 0 0 0 0 0 0 0 0 0 0 0 0 0 

0 0 0 0 0 0 0 0 0 0 0 0 0 0 0 0 0 0 0 0 3 0 0 0 0 0 0 0 0 

Detected: swipe_left
Channels: 6
Length: 42
Data:
0 0 0 0 -2 2 4 6 3 0 -1 -3 -2 0 1 2 1 0 0 -2 -2 0 0 1 3 0 0 0 -2 -3 -3 -1 2 0 0 0 0 0 0 0 0 0 

0 0 0 2 4 1 0 -3 -1 0 1 3 1 0 0 -1 -1 0 0 4 0 0 0 0 -1 -1 0 0 2 3 2 0 -3 0 -2 0 0 0 0 0 0 0 

1 4 4 4 2 3 3 4 -2 0 1 1 -1 0 2 1 0 0 0 2 2 0 1 1 1 0 0 0 2 1 -1 0 -3 -4 -3 -1 -1 -1 -1 -1 -2 -1 

1 4 4 4 2 3 3 4 -2 0 1 1 -1 0 2 1 0 0 0 2 2 0 1 1 1 0 0 0 2 1 -1 0 -3 -4 -3 -1 -1 -1 -1 -1 -2 -1 

0 0 0 0 0 0 0 0 0 0 0 0 0 0 0 0 0 0 0 0 0 0 0 0 0 0 0 0 0 0 0 0 0 0 0 0 0 0 0 0 0 0 

0 0 0 0 0 0 0 0 0 0 0 0 0 0 0 0 0 0 0 0 0 0 0 0 0 0 0 0 0 0 0 0 0 0 0 0 0 0 0 0 0 0 

Detected: tap_right
Channels: 6
Length: 81
Data:
0 0 0 0 0 0 0 0 0 0 5 6 4 0 0 0 0 -1 -4 -4 -4 0 3 4 3 0 0 0 0 0 -2 -4 -3 -2 3 3 3 1 0 0 0 -2 -2 -2 0 1 0 0 0 0 0 0 0 -1 0 0 2 0 0 0 0 0 -1 0 0 0 0 1 0 0 0 0 0 -1 -2 -3 -3 -2 -2 0 0 

0 3 0 0 0 0 0 0 0 0 0 0 -2 -2 0 0 2 4 2 0 0 0 0 -1 0 0 0 0 2 3 3 3 0 0 0 -1 -2 -2 0 0 3 3 1 1 0 -1 0 -1 -2 0 0 1 1 0 0 0 0 0 0 0 1 2 2 0 0 0 0 2 0 0 0 0 0 0 0 0 0 0 0 0 0 

1 3 2 2 0 -2 0 2 1 2 3 7 4 0 0 0 1 1 -1 -2 -2 0 2 2 0 0 -2 -1 2 0 2 -2 0 0 1 2 0 -3 0 0 2 2 1 -1 0 1 -1 -4 -2 -2 0 0 0 -2 0 0 1 0 0 0 0 1 0 0 0 0 0 1 0 0 0 0 -3 -3 -5 -5 -4 -4 -3 0 -1 

1 3 2 2 0 -2 0 2 1 2 3 7 4 0 0 0 1 1 -1 -2 -2 0 2 2 0 0 -2 -1 2 0 2 -2 0 0 1 2 0 -3 0 0 2 2 1 -1 0 1 -1 -4 -2 -2 0 0 0 -2 0 0 1 0 0 0 0 1 0 0 0 0 0 1 0 0 0 0 -3 -3 -5 -5 -4 -4 -3 0 -1 

0 0 0 0 0 0 0 0 0 0 0 0 0 0 0 0 0 0 0 -3 0 0 0 3 2 0 0 0 0 0 0 0 0 0 0 0 0 0 0 0 0 0 0 -1 0 0 0 0 0 0 0 0 0 0 0 0 0 0 0 0 0 0 -2 -1 0 0 1 1 0 0 0 0 0 0 0 0 0 0 0 0 0 

0 0 0 0 0 0 0 0 0 0 0 0 0 0 0 0 0 0 0 0 0 0 0 0 0 0 0 0 0 0 0 0 0 0 0 0 0 -1 0 0 0 0 0 0 0 0 0 0 0 0 0 0 0 0 0 0 0 0 0 0 0 0 0 0 0 0 0 0 0 0 0 0 0 0 0 0 0 0 0 0 0 

Detected: swipe_left
Channels: 6
Length: 35
Data:
0 2 5 5 0 0 0 -3 -3 0 2 5 0 0 -2 -3 0 1 3 1 0 -2 -4 0 0 2 2 3 0 0 0 -1 -2 -2 -2 

0 0 -2 0 -2 0 0 4 5 0 -2 0 0 0 3 0 2 0 0 0 0 0 0 0 0 -2 0 -4 0 0 0 2 2 3 2 

1 4 4 2 -1 0 2 5 4 1 1 1 -4 2 4 4 3 1 1 -3 0 2 2 0 0 1 0 -3 -2 0 0 1 2 2 0 

1 4 4 2 -1 0 2 5 4 1 1 1 -4 2 4 4 3 1 1 -3 0 2 2 0 0 1 0 -3 -2 0 0 1 2 2 0 

0 0 0 0 0 0 0 0 0 0 0 0 0 0 0 0 0 0 0 0 0 0 0 0 0 0 0 0 0 0 0 0 0 0 0 

0 0 -1 0 0 0 0 0 0 0 0 -1 0 0 0 0 0 0 0 0 0 0 0 0 0 0 0 0 0 0 0 0 0 0 0 

Detected: swipe_left
Channels: 6
Length: 20
Data:
0 3 2 2 0 0 0 0 0 -2 -2 0 0 0 0 0 1 0 1 0 

0 0 -2 0 0 0 0 0 0 4 2 2 0 0 0 0 0 0 0 0 

2 1 2 1 0 -1 0 0 0 1 2 0 0 0 0 0 1 0 -1 -2 

2 1 2 1 0 -1 0 0 0 1 2 0 0 0 0 0 1 0 -1 -2 

0 0 0 0 0 0 0 0 0 0 0 0 0 0 0 0 0 0 0 0 

0 0 0 0 0 0 0 0 0 0 0 0 0 0 0 0 0 0 0 0 

Detected: swipe_left
Channels: 6
Length: 6
Data:
0 -2 -2 -2 -1 0 

2 1 0 0 0 0 

0 2 -2 -2 -1 -1 

0 2 -2 -2 -1 -1 

0 0 0 0 0 0 

0 0 0 0 0 0 

Detected: tap_down
Channels: 6
Length: 17
Data:
0 1 1 1 0 1 0 -2 -8 -7 -5 2 3 5 4 0 0 

1 2 2 2 2 2 0 -1 -4 -3 -3 1 6 7 5 1 0 

2 2 3 3 4 5 1 -9 -10 -11 -8 5 9 11 9 6 3 

2 2 3 3 4 5 1 -9 -10 -11 -8 5 9 11 9 6 3 

0 0 0 0 0 0 0 0 0 0 0 0 0 0 0 0 0 

0 0 0 0 0 0 0 -1 0 0 0 0 0 0 0 0 0 

Detected: swipe_left
Channels: 6
Length: 8
Data:
0 0 2 0 -1 -2 -2 -1 

0 0 0 0 0 0 0 0 

2 3 8 1 0 -5 -3 0 

2 3 8 1 0 -5 -3 0 

0 0 0 0 0 0 0 0 

0 0 0 0 0 0 0 0 

Detected: swipe_left
Channels: 6
Length: 8
Data:
0 0 0 0 -1 0 0 0 

1 1 0 0 0 0 0 0 

1 1 1 0 -2 -1 -3 -1 

1 1 1 0 -2 -1 -3 -1 

0 0 0 0 0 0 0 0 

0 0 0 0 0 0 0 0 

Detected: swipe_left
Channels: 6
Length: 8
Data:
0 1 1 0 0 -2 0 0 

0 1 0 0 0 0 0 0 

2 3 3 0 -1 -2 -4 -1 

2 3 3 0 -1 -2 -4 -1 

0 0 0 0 0 0 0 0 

0 0 0 0 0 0 0 0 

Detected: swipe_left
Channels: 6
Length: 8
Data:
0 0 0 0 0 -2 0 0 

0 0 2 0 0 0 0 0 

2 2 4 3 -3 -4 -3 -2 

2 2 4 3 -3 -4 -3 -2 

0 0 0 0 0 0 0 0 

0 0 0 0 0 0 0 0 

Detected: tap_down
Channels: 6
Length: 9
Data:
0 2 2 1 0 -1 -2 -2 0 

0 5 4 2 0 0 0 -1 0 

2 7 8 12 -5 -8 -10 -4 -2 

2 7 8 12 -5 -8 -10 -4 -2 

0 0 0 0 0 0 0 0 0 

0 0 0 0 0 0 0 0 0 

Detected: swipe_left
Channels: 6
Length: 8
Data:
2 2 1 0 -1 -4 -1 -1 

2 3 0 0 0 0 0 0 

4 5 3 3 -5 -8 -3 -2 

4 5 3 3 -5 -8 -3 -2 

0 0 0 0 0 0 0 0 

0 0 0 0 0 0 0 0 

Detected: swipe_left
Channels: 6
Length: 9
Data:
1 1 5 0 0 -3 -4 -1 0 

1 3 2 0 0 0 0 0 0 

2 4 7 3 -2 -6 -4 -2 -1 

2 4 7 3 -2 -6 -4 -2 -1 

0 0 0 0 0 0 0 -1 0 

0 0 0 0 0 0 -2 -1 0 

Detected: swipe_left
Channels: 6
Length: 9
Data:
0 4 4 2 0 -2 -2 -2 -1 

2 5 5 3 0 -1 -3 -1 0 

3 6 7 6 1 -3 -9 -7 -1 

3 6 7 6 1 -3 -9 -7 -1 

0 0 0 0 0 0 0 0 0 

0 3 4 0 0 0 0 -2 0 

Detected: swipe_left
Channels: 6
Length: 9
Data:
0 1 3 2 0 0 -3 -1 0 

0 0 4 2 0 0 -2 -1 0 

1 3 7 5 3 -6 -4 -3 -2 

1 3 7 5 3 -6 -4 -3 -2 

0 0 3 0 0 0 0 0 0 

0 0 3 0 0 0 0 0 0 

Detected: tap_down
Channels: 6
Length: 10
Data:
-1 -5 -5 -8 -4 4 6 5 4 2 

0 -3 -5 -4 -3 3 6 6 4 2 

-1 -7 -9 -10 -6 7 9 8 8 4 

-1 -7 -9 -10 -6 7 9 8 8 4 

0 0 0 0 0 0 1 0 0 1 

0 0 0 0 0 0 0 0 4 0 

Detected: swipe_right
Channels: 6
Length: 3
Data:
-2 -6 -12 

1 0 0 

0 -3 -7 

0 -3 -7 

0 0 0 

0 0 0 

Detected: tap_down
Channels: 6
Length: 21
Data:
0 1 0 0 0 0 0 0 0 0 0 -1 -4 -6 -4 -1 3 4 7 2 0 

0 0 0 0 0 0 0 0 0 0 0 -1 -3 -4 -4 0 5 6 5 3 0 

1 1 3 2 1 2 1 0 0 0 -1 -5 -8 -8 -6 -3 7 9 9 7 3 

1 1 3 2 1 2 1 0 0 0 -1 -5 -8 -8 -6 -3 7 9 9 7 3 

0 0 0 0 0 0 0 0 0 0 0 0 0 0 0 0 0 0 0 0 0 

0 0 0 0 0 0 0 0 0 0 0 0 0 0 0 0 0 0 0 0 0 

Detected: swipe_right
Channels: 6
Length: 4
Data:
0 -4 -9 -14 

1 0 0 0 

0 -3 -6 0 

0 -3 -6 0 

0 0 0 0 

0 0 0 0 

Detected: swipe_left
Channels: 6
Length: 11
Data:
0 0 0 0 0 0 0 1 1 0 0 

0 0 0 0 0 0 0 0 0 0 0 

-2 0 0 -1 1 1 2 4 3 2 2 

-2 0 0 -1 1 1 2 4 3 2 2 

0 0 0 0 0 0 0 0 0 0 0 

0 0 0 0 0 0 0 0 0 0 0 

Detected: swipe_left
Channels: 6
Length: 9
Data:
0 -4 -5 -4 -2 3 5 4 0 

0 0 -2 -3 -1 4 5 4 0 

-1 -5 -7 -7 -2 4 8 6 6 

-1 -5 -7 -7 -2 4 8 6 6 

0 0 0 0 0 0 0 0 0 

0 0 0 0 0 0 0 0 0 

Detected: tap_up
Channels: 6
Length: 11
Data:
-2 -4 -4 -3 0 1 4 4 4 1 0 

-1 -2 -2 -2 0 2 4 5 4 2 0 

-3 -5 -11 -4 -2 4 7 8 6 4 1 

-3 -5 -11 -4 -2 4 7 8 6 4 1 

0 -2 -2 0 0 0 0 0 0 0 0 

0 0 0 0 0 0 0 0 0 0 0 

Detected: swipe_left
Channels: 6
Length: 4
Data:
0 -3 -6 -7 

1 1 0 0 

0 0 -2 -2 

0 0 -2 -2 

0 0 0 0 

0 0 0 0 

Detected: swipe_left
Channels: 6
Length: 10
Data:
0 0 0 0 0 0 0 0 0 0 

1 0 0 1 0 0 0 0 0 0 

2 0 1 1 2 1 0 0 0 -2 

2 0 1 1 2 1 0 0 0 -2 

0 0 0 0 0 0 0 0 0 0 

0 0 0 0 0 0 0 0 0 0 

Detected: swipe_left
Channels: 6
Length: 11
Data:
0 0 -2 -3 -3 0 0 2 4 2 0 

0 0 -1 -1 -2 -1 2 3 4 3 0 

-2 -2 -4 -5 -4 -2 3 5 7 6 3 

-2 -2 -4 -5 -4 -2 3 5 7 6 3 

0 0 0 0 0 0 0 0 0 0 0 

0 0 0 0 -2 0 0 0 0 0 0 

Detected: swipe_left
Channels: 6
Length: 11
Data:
-2 -3 -3 -4 -1 1 3 3 4 1 0 

-1 -1 -3 -3 -1 2 4 4 4 1 0 

-3 -3 -5 -5 -3 4 6 6 5 4 1 

-3 -3 -5 -5 -3 4 6 6 5 4 1 

0 0 0 0 0 0 0 0 0 0 0 

0 0 0 0 0 0 0 0 3 0 0 

Detected: tap_up
Channels: 6
Length: 12
Data:
0 -1 -4 -4 -4 0 1 4 4 3 0 0 

0 -1 -3 -4 -2 0 3 4 4 3 1 0 

-1 -4 -12 -6 -5 -2 4 7 7 10 2 1 

-1 -4 -12 -6 -5 -2 4 7 7 10 2 1 

0 0 -6 -1 0 0 0 0 0 0 0 0 

0 0 -4 0 0 0 0 0 0 0 0 0 

Detected: swipe_left
Channels: 6
Length: 4
Data:
0 0 -5 -8 

2 3 1 0 

1 0 -2 -2 

1 0 -2 -2 

0 0 0 0 

0 0 0 0 

Detected: swipe_front
Channels: 6
Length: 6
Data:
1 1 0 1 0 0 

0 1 1 5 1 0 

1 2 2 2 1 1 

1 2 2 2 1 1 

0 0 0 0 0 0 

0 0 0 0 0 0 

Detected: swipe_left
Channels: 6
Length: 7
Data:
0 1 2 0 -2 -3 0 

1 1 0 0 0 -1 0 

4 8 5 0 -5 -5 -1 

4 8 5 0 -5 -5 -1 

0 0 0 0 0 0 0 

0 0 0 0 0 0 0 

Detected: swipe_left
Channels: 6
Length: 9
Data:
0 1 1 0 0 0 -1 -1 0 

1 1 2 0 0 0 0 0 0 

2 3 3 1 0 -2 -1 -2 -1 

2 3 3 1 0 -2 -1 -2 -1 

0 0 0 0 0 0 0 0 0 

0 0 0 0 0 0 0 0 0 

Detected: swipe_left
Channels: 6
Length: 11
Data:
0 1 1 2 0 0 0 0 -1 -1 0 

1 1 3 1 0 0 0 0 0 0 0 

2 3 4 4 2 0 0 -1 -2 -2 -1 

2 3 4 4 2 0 0 -1 -2 -2 -1 

0 0 0 0 0 0 0 0 0 0 0 

0 0 0 0 0 0 0 0 0 0 0 

Detected: swipe_left
Channels: 6
Length: 12
Data:
0 1 1 1 0 0 0 -1 -1 -1 -1 0 

1 2 1 1 1 0 0 0 0 -1 -1 0 

2 3 3 8 3 0 -1 -7 -8 -3 -2 -1 

2 3 3 8 3 0 -1 -7 -8 -3 -2 -1 

0 0 0 0 0 0 0 0 0 0 0 0 

0 0 0 0 0 0 0 0 0 0 0 0 

Detected: tap_front
Channels: 6
Length: 10
Data:
1 3 2 1 0 -2 -6 -3 -2 0 

1 2 3 2 0 0 -3 -2 0 0 

4 6 5 5 -1 -4 -8 -5 -4 -1 

4 6 5 5 -1 -4 -8 -5 -4 -1 

0 0 0 0 0 0 -1 0 0 0 

0 0 0 0 0 0 0 0 0 0 

Detected: swipe_left
Channels: 6
Length: 4
Data:
0 0 0 -9 

2 4 5 2 

1 2 -1 -3 

1 2 -1 -3 

0 0 0 0 

0 0 0 0 

Detected: swipe_left
Channels: 6
Length: 10
Data:
0 0 0 0 0 0 0 0 0 0 

0 0 0 0 0 0 0 1 1 0 

1 0 0 0 0 0 0 1 2 1 

1 0 0 0 0 0 0 1 2 1 

0 0 0 0 0 0 0 0 0 0 

0 0 0 0 0 -1 0 0 0 0 

Detected: swipe_left
Channels: 6
Length: 12
Data:
0 0 2 1 1 1 0 -2 -1 -1 -3 0 

0 2 3 3 3 0 0 0 -1 -1 0 0 

1 3 4 4 2 3 0 -3 -5 -3 -3 -1 

1 3 4 4 2 3 0 -3 -5 -3 -3 -1 

0 0 0 0 2 0 0 0 0 0 0 0 

0 0 0 0 0 0 0 0 0 0 0 0 

Detected: tap_right
Channels: 6
Length: 141
Data:
3 3 1 0 -2 -4 -4 0 3 3 2 0 0 -2 -3 -3 -1 0 2 3 3 0 0 0 -1 -2 -1 -2 0 1 2 1 2 0 0 0 0 -1 -1 -3 -2 0 0 1 2 1 1 0 0 0 -2 -3 -2 0 2 1 2 0 -1 -2 -2 0 1 2 1 1 0 0 0 0 0 -1 -2 -1 -1 0 0 1 2 1 0 0 0 0 0 -2 -2 -3 -1 0 1 3 3 1 0 0 0 0 0 -2 -3 -3 -3 -2 0 1 4 3 1 2 0 0 0 0 0 0 -4 -5 -5 -4 -2 0 0 0 0 4 3 3 2 1 0 0 0 0 0 0 -3 -4 -4 -3 -2 

0 0 0 1 2 3 2 0 -1 -2 -3 -1 0 3 5 2 2 0 0 -1 -3 -1 0 0 2 2 1 1 0 0 0 0 -1 0 0 1 1 2 1 0 0 0 0 0 0 0 0 0 0 1 1 2 1 0 0 -2 0 0 1 4 1 0 0 0 0 0 0 0 0 1 1 0 0 0 0 0 0 0 0 0 0 0 0 1 2 2 0 0 0 0 0 0 0 0 -2 0 0 1 3 4 3 1 0 0 0 0 0 -1 -5 -5 -1 0 0 1 0 2 2 2 1 0 0 0 0 0 0 0 0 -1 -2 -2 -1 0 0 0 1 2 2 3 2 0 0 

1 1 0 0 2 1 -2 0 2 3 -3 -1 0 1 2 2 -1 0 1 1 -1 0 0 0 0 1 0 0 0 1 1 1 0 0 0 0 1 2 0 -2 0 0 0 1 1 1 0 0 0 0 2 2 0 0 1 1 -2 0 2 1 2 0 0 1 0 0 0 0 0 0 0 0 0 0 0 0 0 1 1 0 0 0 0 0 1 0 0 -1 0 0 1 2 1 -1 -1 0 0 0 1 2 0 -1 0 0 0 0 1 2 1 -1 -1 0 0 0 1 1 1 -1 -2 -1 0 0 0 0 3 3 2 0 0 0 0 0 0 0 0 0 0 -1 -2 0 0 

1 1 0 0 2 1 -2 0 2 3 -3 -1 0 1 2 2 -1 0 1 1 -1 0 0 0 0 1 0 0 0 1 1 1 0 0 0 0 1 2 0 -2 0 0 0 1 1 1 0 0 0 0 2 2 0 0 1 1 -2 0 2 1 2 0 0 1 0 0 0 0 0 0 0 0 0 0 0 0 0 1 1 0 0 0 0 0 1 0 0 -1 0 0 1 2 1 -1 -1 0 0 0 1 2 0 -1 0 0 0 0 1 2 1 -1 -1 0 0 0 1 1 1 -1 -2 -1 0 0 0 0 3 3 2 0 0 0 0 0 0 0 0 0 0 -1 -2 0 0 

0 0 0 0 0 0 0 0 0 0 0 0 0 0 0 -1 0 0 0 0 0 0 0 0 0 0 0 0 0 0 1 0 0 0 0 0 0 0 0 -1 0 0 0 0 1 0 0 0 0 0 0 0 0 0 0 0 0 0 0 0 0 0 0 0 0 0 0 0 0 0 0 0 0 0 0 0 0 0 1 0 0 0 0 0 0 0 0 -1 0 0 0 0 0 0 0 0 0 0 0 0 0 0 0 0 0 0 0 0 0 0 0 0 0 0 0 0 0 0 -4 0 0 0 0 0 0 0 0 0 0 0 0 0 0 0 0 0 0 0 -2 -1 0 

0 0 0 0 0 0 0 0 0 0 0 0 0 0 0 0 0 0 0 0 0 0 0 0 0 0 0 0 0 0 0 0 0 0 0 0 0 0 0 0 0 0 0 0 0 0 0 0 0 0 0 0 0 0 0 0 0 0 0 0 0 0 0 0 0 0 0 0 0 0 0 0 0 0 0 0 0 0 0 0 0 0 0 0 0 0 0 0 0 0 0 0 0 0 0 0 0 0 0 0 0 0 0 0 0 0 0 0 0 0 0 0 0 0 0 0 0 0 0 0 0 0 0 0 0 0 0 0 0 0 0 0 0 0 0 0 0 0 0 0 0 

Detected: swipe_left
Channels: 6
Length: 34
Data:
1 0 0 0 0 3 4 2 0 0 0 -7 -9 -8 -1 0 7 3 0 0 0 -1 -5 -5 -3 0 0 0 0 -2 0 0 -1 -1 

0 0 0 0 0 0 -2 -3 -3 0 0 2 3 0 0 0 -2 -7 -7 0 1 8 8 0 2 0 0 -1 -1 -2 -1 0 0 0 

0 0 0 1 2 2 3 2 2 0 0 0 -4 -4 0 3 6 2 -6 -2 3 5 2 1 0 0 0 -2 -3 -2 -2 -1 -1 -1 

0 0 0 1 2 2 3 2 2 0 0 0 -4 -4 0 3 6 2 -6 -2 3 5 2 1 0 0 0 -2 -3 -2 -2 -1 -1 -1 

0 0 0 0 0 0 0 0 0 0 0 0 0 0 0 0 0 0 0 0 0 0 0 -3 0 0 0 0 0 0 0 0 0 0 

0 0 0 0 0 0 0 0 0 0 0 0 0 0 0 0 0 0 0 0 0 0 0 0 0 0 0 0 0 0 0 0 0 0 

Detected: swipe_left
Channels: 6
Length: 29
Data:
0 3 2 3 3 3 2 2 0 0 -2 -5 -5 -5 1 6 6 1 0 0 0 -3 -5 -6 -5 3 3 3 1 

0 0 0 1 0 -2 -4 -3 0 0 4 1 0 0 0 0 0 -2 -2 0 3 3 5 0 0 0 0 -2 -1 

6 5 5 4 3 3 -1 -1 -1 1 0 1 -3 -2 2 4 3 -1 -2 0 2 2 -1 -2 0 1 1 1 0 

6 5 5 4 3 3 -1 -1 -1 1 0 1 -3 -2 2 4 3 -1 -2 0 2 2 -1 -2 0 1 1 1 0 

0 0 0 0 0 0 0 0 0 0 0 0 0 0 0 0 0 0 0 0 0 0 0 -3 0 0 0 0 0 

0 0 0 0 0 0 0 0 0 0 0 0 0 0 0 0 0 0 0 0 0 0 0 0 0 0 0 0 0 

Detected: scratchout
Channels: 6
Length: 25
Data:
-2 -4 -5 0 5 7 6 3 0 0 -3 -6 -7 -4 6 9 7 1 0 0 0 -2 -3 -2 -2 

4 2 1 0 0 0 -3 -5 -1 0 5 6 4 0 0 0 -4 -4 0 0 4 8 6 0 0 

0 0 0 -1 2 4 3 -3 -2 0 0 -1 -2 -1 4 5 3 -2 -1 0 0 1 3 -1 0 

0 0 0 -1 2 4 3 -3 -2 0 0 -1 -2 -1 4 5 3 -2 -1 0 0 1 3 -1 0 

0 0 0 0 0 0 0 0 0 0 0 -4 -6 0 0 6 0 0 0 0 0 0 -2 -2 0 

0 0 0 0 0 0 -1 0 0 0 0 0 0 0 0 0 0 0 0 0 0 0 0 0 0 

Detected: swipe_up
Channels: 6
Length: 8
Data:
2 1 0 0 0 0 0 0 

0 -2 -3 0 0 0 0 0 

0 0 -5 -9 -12 -10 -3 -1 

0 0 -5 -9 -12 -10 -3 -1 

0 0 0 0 0 0 0 0 

0 0 0 0 0 0 0 0 

Detected: swipe_left
Channels: 6
Length: 12
Data:
0 0 0 0 0 0 0 0 0 0 0 0 

0 0 0 0 0 0 0 0 0 0 0 0 

2 -11 -10 -6 0 0 7 0 0 -1 -1 -1 

2 -11 -10 -6 0 0 7 0 0 -1 -1 -1 

0 0 0 0 0 0 0 0 0 0 0 0 

0 0 0 0 0 0 0 0 0 0 0 0 

Detected: swipe_left
Channels: 6
Length: 38
Data:
0 0 0 3 2 0 0 0 0 0 1 1 3 1 0 0 0 -2 -2 -3 0 1 3 3 0 0 0 0 -1 -4 -5 -4 0 0 0 0 -1 0 

0 0 0 4 0 0 0 0 0 0 0 0 -1 0 0 0 2 4 0 4 0 0 0 -3 -1 -2 0 0 2 2 3 0 0 0 0 0 0 0 

7 8 0 4 3 1 0 0 0 1 2 2 0 0 0 0 0 0 0 -1 0 0 3 3 -1 -2 0 0 0 2 -1 -1 0 0 0 0 -1 -1 

7 8 0 4 3 1 0 0 0 1 2 2 0 0 0 0 0 0 0 -1 0 0 3 3 -1 -2 0 0 0 2 -1 -1 0 0 0 0 -1 -1 

0 0 0 0 0 0 0 0 0 0 0 0 0 0 0 0 0 0 0 0 0 0 0 0 0 0 0 0 0 0 0 0 0 0 0 0 0 0 

0 0 0 0 0 0 0 0 0 0 0 0 0 0 0 0 0 0 0 -3 0 0 0 0 0 0 0 0 0 0 0 0 0 0 0 0 0 0 

Detected: swipe_left
Channels: 6
Length: 29
Data:
3 4 6 3 2 0 0 -4 -6 -7 -4 5 6 6 3 0 0 0 -1 -5 -5 -2 0 1 0 0 -1 0 0 

2 3 0 -3 0 0 1 1 4 3 0 0 0 -3 -3 -1 0 5 3 6 0 0 0 0 -4 -3 -4 -2 0 

3 6 6 4 -1 0 0 -1 -4 -2 -3 4 5 4 -5 -1 0 2 2 -1 -2 0 1 0 -3 -5 -5 -3 -1 

3 6 6 4 -1 0 0 -1 -4 -2 -3 4 5 4 -5 -1 0 2 2 -1 -2 0 1 0 -3 -5 -5 -3 -1 

0 0 0 0 0 0 0 0 0 -3 0 0 0 0 0 0 0 0 0 0 0 0 0 0 0 0 0 0 0 

0 0 0 -1 0 0 0 0 0 0 0 0 0 0 0 0 0 0 0 0 0 0 0 0 0 0 -1 0 0 

Detected: horizontal_circle
Channels: 6
Length: 23
Data:
0 2 3 4 3 0 0 -1 -5 -6 -5 0 2 4 5 2 1 0 0 -3 -4 -5 -3 

1 1 0 0 0 0 0 0 0 0 0 0 0 -1 -4 -4 -1 0 1 1 0 0 0 

2 3 3 4 2 0 0 0 -1 -3 -3 -1 1 2 2 1 0 0 0 0 0 -1 -2 

2 3 3 4 2 0 0 0 -1 -3 -3 -1 1 2 2 1 0 0 0 0 0 -1 -2 

0 0 0 0 0 0 0 0 0 0 0 0 0 0 0 0 0 0 0 0 0 0 0 

0 0 0 0 0 0 0 0 0 0 0 0 0 0 -1 0 0 0 0 0 0 0 0 

Keypress: P

Detected: swipe_left
Channels: 6
Length: 23
Data:
1 2 3 4 3 0 0 0 -3 -3 -3 -1 0 3 4 4 1 0 0 -1 -3 -4 -2 

0 0 0 -1 -1 0 0 2 4 3 0 0 0 0 -2 -2 0 0 0 2 4 0 0 

0 1 3 3 2 0 0 0 0 0 0 0 0 1 1 -1 -1 0 0 1 2 0 -2 

0 1 3 3 2 0 0 0 0 0 0 0 0 1 1 -1 -1 0 0 1 2 0 -2 

0 0 0 0 0 0 0 0 0 0 0 0 0 0 0 0 0 0 0 0 0 0 0 

0 0 0 0 0 0 0 0 0 1 0 0 0 0 0 0 0 0 0 0 0 0 0 

Detected: swipe_left
Channels: 6
Length: 24
Data:
0 1 2 2 0 0 0 -4 -5 -4 -3 0 0 1 2 1 0 0 0 0 -1 -2 -1 -1 

-1 -1 0 0 0 0 0 2 3 3 0 0 0 -2 -2 -4 0 0 0 1 2 3 0 0 

0 0 1 2 2 0 0 -3 -3 0 0 1 1 0 0 -2 0 0 0 0 0 1 0 0 

0 0 1 2 2 0 0 -3 -3 0 0 1 1 0 0 -2 0 0 0 0 0 1 0 0 

0 0 0 0 0 0 0 0 0 0 0 0 0 0 0 0 0 0 0 0 0 0 0 0 

0 0 0 0 0 0 0 0 0 0 0 0 0 0 0 0 0 0 0 0 0 0 0 0 

Detected: swipe_right
Channels: 6
Length: 22
Data:
0 0 3 1 0 0 0 -3 -4 -4 -1 0 3 3 1 0 0 0 -3 -4 -4 -3 

-2 -2 0 0 0 0 1 4 4 3 0 0 -3 -5 -2 -1 0 2 5 6 5 3 

0 0 1 2 1 0 0 0 0 0 0 0 1 1 -1 0 0 0 0 -1 0 0 

0 0 1 2 1 0 0 0 0 0 0 0 1 1 -1 0 0 0 0 -1 0 0 

0 0 0 0 0 0 0 0 0 -1 0 0 0 0 0 0 0 0 0 0 0 -1 

0 0 0 0 0 0 0 0 0 0 0 0 0 0 0 0 0 0 0 0 0 0 

Detected: swipe_left
Channels: 6
Length: 27
Data:
1 3 4 4 4 0 -1 -4 -5 -6 -3 1 3 5 4 3 1 0 -1 -4 -4 -3 0 3 3 3 0 

0 0 -2 -2 -1 0 0 1 4 4 1 0 0 0 -2 -2 0 1 3 1 4 1 0 0 -1 -2 -2 

0 2 2 3 2 0 0 -1 0 -1 0 0 0 2 2 1 1 0 0 0 -1 -1 1 2 2 -1 -2 

0 2 2 3 2 0 0 -1 0 -1 0 0 0 2 2 1 1 0 0 0 -1 -1 1 2 2 -1 -2 

0 0 0 0 0 0 0 0 0 0 -1 0 0 0 0 0 0 0 0 0 0 -1 0 0 0 0 0 

0 0 0 0 0 0 0 0 0 0 0 0 0 0 0 0 0 0 0 0 0 0 0 0 0 0 0 

Detected: tap_right
Channels: 6
Length: 27
Data:
-2 -3 -4 -2 0 1 2 1 0 0 -1 -2 -3 -4 0 1 3 3 3 1 0 0 0 -1 -2 -2 -1 

2 4 3 0 0 0 -3 -2 0 0 0 3 3 1 0 0 -1 -2 -1 -1 0 0 2 3 3 2 0 

1 0 -1 0 0 0 -1 -2 -1 0 0 0 -2 -1 -1 0 1 2 1 -1 0 0 0 1 0 0 0 

1 0 -1 0 0 0 -1 -2 -1 0 0 0 -2 -1 -1 0 1 2 1 -1 0 0 0 1 0 0 0 

0 0 0 -1 0 0 0 0 0 0 0 0 -1 -1 0 0 1 0 0 0 0 0 0 0 0 0 0 

0 0 0 0 0 0 0 0 0 0 0 0 0 0 0 0 0 0 0 0 0 0 0 0 0 0 0 

Detected: swipe_right
Channels: 6
Length: 25
Data:
1 0 0 0 0 0 -1 -2 0 -1 0 1 2 2 0 0 0 0 0 0 -1 -2 -1 -1 -1 

0 0 0 0 0 3 3 2 0 0 0 0 0 -1 -3 -3 0 0 0 3 4 3 1 0 0 

0 0 0 0 0 0 0 0 0 0 0 0 3 1 0 0 0 0 0 1 0 0 0 0 0 

0 0 0 0 0 0 0 0 0 0 0 0 3 1 0 0 0 0 0 1 0 0 0 0 0 

0 0 0 0 0 0 0 0 0 0 0 0 0 0 0 0 0 0 0 0 0 0 -1 0 0 

0 0 0 0 0 0 0 0 0 0 0 0 0 0 0 0 0 0 0 0 0 0 0 0 0 

Detected: swipe_left
Channels: 6
Length: 22
Data:
0 1 1 0 0 0 0 0 0 0 0 -2 -2 -1 -1 0 0 1 2 2 0 0 

0 0 0 -2 -1 0 0 0 0 3 2 1 1 0 0 0 0 0 0 -1 -2 -2 

1 1 0 0 0 0 0 0 0 0 0 0 -1 -1 0 0 0 1 1 0 0 0 

1 1 0 0 0 0 0 0 0 0 0 0 -1 -1 0 0 0 1 1 0 0 0 

0 0 0 0 0 0 0 0 0 0 0 0 0 0 0 0 0 0 0 0 0 0 

0 0 0 0 0 0 0 0 0 0 0 0 0 0 0 0 0 0 0 0 0 0 

Detected: swipe_left
Channels: 6
Length: 4
Data:
0 -1 -2 -1 

4 3 1 0 

0 0 0 0 

0 0 0 0 

0 0 0 0 

0 0 0 0 

Detected: swipe_left
Channels: 6
Length: 34
Data:
1 3 3 2 0 0 0 0 0 0 0 0 -2 -5 -4 -2 0 0 4 5 5 2 0 0 0 0 0 0 0 -2 -4 -4 -3 0 

0 0 0 -2 -2 0 0 0 0 3 4 0 0 0 0 0 0 0 0 0 0 0 0 0 -1 0 0 0 0 3 0 0 0 0 

1 2 3 1 0 -2 -2 0 1 3 3 0 0 -4 -3 0 0 0 3 2 1 0 0 -2 0 0 1 3 3 2 -1 -3 -2 -1 

1 2 3 1 0 -2 -2 0 1 3 3 0 0 -4 -3 0 0 0 3 2 1 0 0 -2 0 0 1 3 3 2 -1 -3 -2 -1 

0 0 2 0 0 0 0 0 0 0 0 0 0 0 0 0 0 0 0 0 4 0 0 0 0 0 0 0 0 0 -3 -3 0 0 

0 0 0 0 0 0 0 0 0 0 0 0 0 0 0 0 0 0 0 0 0 0 0 0 0 0 0 0 0 0 0 0 0 0 

Keypress: Home

Detected: swipe_left
Channels: 6
Length: 58
Data:
1 2 2 0 0 0 0 0 0 -1 -3 -3 -2 0 0 4 4 0 0 0 0 0 0 0 0 0 0 0 0 0 0 0 0 0 0 0 -2 -3 -1 -2 0 1 2 3 3 1 0 0 0 0 0 0 0 0 -1 -2 -2 -2 

0 0 0 0 0 0 0 1 3 3 2 0 0 0 0 0 -1 -4 -4 0 0 1 2 1 0 0 0 0 1 2 2 1 0 0 0 0 0 0 0 0 0 0 0 0 0 -2 -1 0 0 0 0 2 2 3 2 2 1 0 

1 1 0 0 0 0 0 0 0 0 0 -1 0 0 1 1 2 0 -1 0 0 0 0 0 0 0 0 0 0 1 1 1 0 0 0 0 0 -1 -1 0 0 0 2 3 2 0 0 -2 -1 0 0 2 2 2 0 0 -1 0 

1 1 0 0 0 0 0 0 0 0 0 -1 0 0 1 1 2 0 -1 0 0 0 0 0 0 0 0 0 0 1 1 1 0 0 0 0 0 -1 -1 0 0 0 2 3 2 0 0 -2 -1 0 0 2 2 2 0 0 -1 0 

0 0 0 0 0 0 0 0 0 0 0 0 0 0 0 0 0 0 0 0 0 0 0 0 0 0 0 0 0 0 0 0 0 0 0 0 -1 0 0 0 0 0 0 0 2 0 0 0 0 0 0 0 0 0 0 -1 0 0 

0 0 0 0 0 0 0 0 0 0 0 0 0 0 0 0 0 0 0 0 0 0 0 0 0 0 0 0 0 0 0 0 0 0 0 0 0 0 0 0 0 0 0 0 0 0 0 0 0 0 0 0 0 0 0 0 0 0 

Detected: swipe_left
Channels: 6
Length: 32
Data:
1 1 1 0 0 0 0 0 0 0 -3 -3 -3 -2 0 1 3 4 3 0 0 0 0 0 0 0 0 -2 -3 -3 -2 -1 

0 0 0 -2 -2 0 0 0 0 2 3 1 0 0 0 0 0 0 0 -4 -4 -2 0 0 0 4 4 4 1 0 0 0 

1 0 0 0 -1 0 0 1 2 0 0 -1 -2 -1 0 1 3 3 0 0 -1 0 0 0 2 3 0 0 0 -2 -1 0 

1 0 0 0 -1 0 0 1 2 0 0 -1 -2 -1 0 1 3 3 0 0 -1 0 0 0 2 3 0 0 0 -2 -1 0 

0 1 0 0 0 0 0 0 0 0 0 0 0 0 0 0 0 0 0 0 0 0 0 0 0 0 0 0 0 0 0 0 

0 0 -1 0 -1 0 0 0 0 0 0 0 0 0 0 0 0 0 0 0 -1 -1 0 0 0 1 0 0 0 0 0 0 

Detected: swipe_left
Channels: 6
Length: 22
Data:
2 2 1 0 0 0 0 0 0 0 0 -3 -3 0 0 0 0 0 0 3 3 0 

0 0 0 0 0 0 0 0 1 1 2 1 2 0 0 0 0 0 0 -1 -2 0 

0 1 0 0 0 -2 0 0 1 2 3 1 -3 -2 -1 0 0 2 2 3 2 -2 

0 1 0 0 0 -2 0 0 1 2 3 1 -3 -2 -1 0 0 2 2 3 2 -2 

0 0 0 0 0 0 0 0 0 0 0 -1 0 0 0 0 0 0 0 0 0 0 

0 0 0 0 0 0 0 0 0 0 0 0 0 0 0 0 0 0 0 0 0 0 

Detected: swipe_left
Channels: 6
Length: 5
Data:
0 -2 -2 -2 -2 

0 0 1 1 0 

1 0 1 0 0 

1 0 1 0 0 

0 0 0 -1 0 

0 0 0 0 0 

Detected: swipe_front
Channels: 6
Length: 9
Data:
0 0 0 0 0 0 1 0 0 

0 4 0 0 0 1 1 0 0 

3 6 0 2 3 3 3 2 1 

3 6 0 2 3 3 3 2 1 

0 0 0 0 0 0 0 0 0 

0 0 0 0 0 0 0 0 0 

Detected: swipe_left
Channels: 6
Length: 7
Data:
0 3 0 0 0 0 -1 

0 0 3 1 0 0 0 

2 5 6 7 1 -7 -4 

2 5 6 7 1 -7 -4 

0 0 0 0 0 0 0 

0 0 0 0 0 0 0 

Detected: swipe_left
Channels: 6
Length: 5
Data:
-1 -1 -2 0 0 

0 0 0 0 0 

0 0 -1 -1 -1 

0 0 -1 -1 -1 

0 0 0 0 0 

0 0 0 0 0 

Detected: swipe_left
Channels: 6
Length: 11
Data:
0 0 3 3 2 0 0 0 -3 -2 -1 

1 1 0 0 0 1 0 0 0 0 0 

2 3 5 6 5 4 -2 -2 -3 -3 -1 

2 3 5 6 5 4 -2 -2 -3 -3 -1 

0 0 0 0 0 1 0 0 0 0 0 

0 0 0 0 0 0 0 0 0 0 0 

Detected: tap_up
Channels: 6
Length: 10
Data:
-2 -6 -3 -3 -1 4 7 4 1 0 

0 -2 -3 -2 0 1 6 3 2 0 

-5 -7 -6 -4 -2 6 9 7 6 1 

-5 -7 -6 -4 -2 6 9 7 6 1 

0 -1 -1 0 0 0 2 0 0 0 

0 0 0 0 0 0 0 0 0 0 

Detected: swipe_right
Channels: 6
Length: 16
Data:
0 0 0 0 0 0 -1 0 -3 0 0 0 0 0 -1 -1 

0 0 5 7 5 3 1 0 0 0 0 0 0 0 0 0 

1 4 15 9 7 4 0 0 -1 -2 0 0 0 0 0 0 

1 4 15 9 7 4 0 0 -1 -2 0 0 0 0 0 0 

0 0 0 0 0 0 0 0 0 0 0 0 0 0 0 0 

0 0 0 0 0 0 0 0 0 0 0 0 0 0 0 0 

Detected: swipe_front
Channels: 6
Length: 12
Data:
0 0 0 2 3 4 2 2 1 1 0 0 

0 0 0 0 1 3 3 2 1 2 0 0 

1 0 2 1 4 4 4 4 4 4 3 1 

1 0 2 1 4 4 4 4 4 4 3 1 

0 0 0 0 0 0 0 0 0 0 0 0 

0 0 0 0 0 0 0 0 0 0 0 0 

Detected: swipe_left
Channels: 6
Length: 12
Data:
0 -1 -3 -5 -4 0 0 1 3 3 4 0 

0 0 0 -4 -1 0 1 2 4 3 0 0 

-1 -2 -4 -4 -3 -2 0 4 6 6 4 2 

-1 -2 -4 -4 -3 -2 0 4 6 6 4 2 

0 0 0 0 0 0 0 0 0 0 0 0 

0 0 0 0 0 0 0 0 0 0 0 0 

Detected: swipe_left
Channels: 6
Length: 11
Data:
-1 -3 -4 -3 -2 0 1 4 2 1 1 

0 0 -2 -1 0 0 2 3 0 0 0 

-2 -3 -3 -4 -3 0 3 5 5 5 3 

-2 -3 -3 -4 -3 0 3 5 5 5 3 

0 -1 0 0 0 0 0 0 0 0 0 

0 0 0 0 0 0 1 0 0 0 0 

Detected: swipe_left
Channels: 6
Length: 12
Data:
0 -2 -1 -4 -3 0 0 1 3 3 2 0 

0 0 -1 -2 -2 0 1 3 3 3 0 0 

-1 -3 -5 -4 -4 -1 2 2 5 5 3 3 

-1 -3 -5 -4 -4 -1 2 2 5 5 3 3 

0 0 0 0 0 0 0 0 0 0 0 0 

0 0 -5 0 -3 0 0 0 0 0 0 0 

Detected: swipe_left
Channels: 6
Length: 13
Data:
-1 -2 -6 -6 -4 -2 0 2 5 5 3 3 0 

0 -2 -3 -5 -4 -3 0 3 6 7 7 2 1 

0 -4 -5 -6 -6 -4 -2 5 7 8 7 5 3 

0 -4 -5 -6 -6 -4 -2 5 7 8 7 5 3 

0 0 -1 -1 0 0 0 0 0 0 1 0 0 

0 0 0 0 0 0 0 0 0 0 0 0 0 

Detected: tap_down
Channels: 6
Length: 11
Data:
0 -7 -10 -8 -6 5 8 8 4 0 0 

0 0 -7 -8 -5 7 9 9 3 1 0 

-3 -8 -10 -10 -7 -1 11 11 8 6 2 

-3 -8 -10 -10 -7 -1 11 11 8 6 2 

-1 0 -2 -1 0 0 1 0 0 0 0 

0 0 0 0 0 0 0 0 0 0 0 

Detected: tap_back
Channels: 6
Length: 7
Data:
0 1 0 0 0 0 0 

1 -1 0 -12 0 -3 0 

0 -1 -8 -14 -11 -6 -3 

0 -1 -8 -14 -11 -6 -3 

0 0 0 0 0 0 0 

0 0 0 0 0 0 0 

Detected: swipe_left
Channels: 6
Length: 3
Data:
0 0 0 

0 0 1 

1 1 0 

1 1 0 

0 0 0 

0 0 0 

Detected: swipe_left
Channels: 6
Length: 12
Data:
0 0 0 0 0 0 0 0 0 0 0 0 

1 0 2 2 2 0 1 0 1 0 0 0 

0 0 3 3 2 1 1 0 0 0 1 1 

0 0 3 3 2 1 1 0 0 0 1 1 

0 0 0 0 0 0 0 0 0 0 0 0 

0 0 0 0 0 0 0 0 0 0 0 0 

Detected: tap_up
Channels: 6
Length: 11
Data:
-1 -2 -9 -10 -10 -5 6 8 9 4 1 

0 -1 -4 -6 -6 -5 8 11 10 4 1 

-5 -7 -8 -10 -9 -7 7 13 13 6 2 

-5 -7 -8 -10 -9 -7 7 13 13 6 2 

-1 0 0 0 -1 0 0 2 0 0 0 

0 0 0 0 0 0 0 0 0 0 0 

Detected: swipe_back
Channels: 6
Length: 4
Data:
-3 -7 -10 0 

1 0 0 0 

-1 -3 -10 -11 

-1 -3 -10 -11 

-1 -5 0 0 

0 0 0 0 

Detected: swipe_left
Channels: 6
Length: 4
Data:
3 2 1 0 

0 0 0 0 

3 2 2 1 

3 2 2 1 

0 0 0 0 

0 0 0 0 

Detected: tap_down
Channels: 6
Length: 11
Data:
0 -4 -6 -10 -7 -3 5 8 7 6 0 

0 -1 -5 -6 -5 0 6 7 7 0 0 

-6 -14 -11 -9 -8 -3 8 12 11 8 3 

-6 -14 -11 -9 -8 -3 8 12 11 8 3 

0 -6 0 0 0 0 0 0 0 0 0 

0 0 0 0 0 0 0 0 0 0 0 

Detected: swipe_left
Channels: 6
Length: 8
Data:
-1 -4 -8 -10 0 0 0 -1 

1 0 0 0 0 0 0 0 

0 -1 -5 0 0 0 0 0 

0 -1 -5 0 0 0 0 0 

0 -2 -5 0 0 0 0 0 

0 0 0 0 0 0 0 0 

Detected: swipe_front
Channels: 6
Length: 13
Data:
0 0 0 0 0 0 0 0 0 0 0 0 0 

0 0 0 0 0 0 0 2 1 0 1 1 0 

1 0 0 1 2 5 3 3 2 1 3 2 2 

1 0 0 1 2 5 3 3 2 1 3 2 2 

0 0 0 0 0 0 0 0 0 0 0 0 0 

0 0 0 0 0 0 0 0 0 0 0 0 0 

Detected: tap_down
Channels: 6
Length: 12
Data:
0 -3 -6 -6 -6 -3 1 7 8 5 2 0 

0 0 -4 -6 -5 -4 5 8 9 5 3 0 

-2 -4 -8 -9 -8 -5 4 11 12 10 6 2 

-2 -4 -8 -9 -8 -5 4 11 12 10 6 2 

0 0 0 0 0 0 0 1 2 0 0 0 

0 0 0 0 0 0 0 0 0 0 0 0 

Detected: swipe_right
Channels: 6
Length: 4
Data:
-1 -3 -6 -9 

0 0 0 0 

0 -2 -3 0 

0 -2 -3 0 

0 0 0 0 

0 0 0 0 

Detected: swipe_left
Channels: 6
Length: 7
Data:
0 3 3 3 1 0 0 

0 0 0 0 0 0 0 

2 2 3 3 4 3 1 

2 2 3 3 4 3 1 

0 0 0 0 0 0 0 

0 0 0 0 0 0 0 

Detected: tap_up
Channels: 6
Length: 12
Data:
-1 -3 -6 -10 -10 -8 5 8 9 6 5 0 

0 -1 0 -8 -9 -6 6 10 10 5 4 0 

-2 -7 -11 -14 -13 -9 4 13 13 11 11 3 

-2 -7 -11 -14 -13 -9 4 13 13 11 11 3 

0 0 0 0 0 0 0 0 2 0 0 0 

0 0 0 0 0 -1 0 0 0 0 0 1 

Detected: swipe_left
Channels: 6
Length: 5
Data:
0 0 0 -4 -7 

0 2 2 0 0 

1 1 0 0 -2 

1 1 0 0 -2 

0 0 0 0 0 

0 0 0 0 0 

Detected: swipe_left
Channels: 6
Length: 21
Data:
0 0 0 0 0 0 0 0 2 0 0 0 0 0 0 1 2 1 1 0 0 

0 0 0 0 0 0 0 0 0 0 0 0 0 0 0 2 3 2 1 1 0 

1 0 0 2 1 0 0 0 1 1 0 0 1 1 2 5 5 4 4 1 1 

1 0 0 2 1 0 0 0 1 1 0 0 1 1 2 5 5 4 4 1 1 

0 0 0 0 0 0 0 0 0 0 0 0 0 0 0 0 0 0 0 0 0 

0 0 0 0 0 0 0 0 0 0 0 0 0 0 0 0 0 0 0 0 0 

Detected: tap_right
Channels: 6
Length: 11
Data:
0 -4 -8 -8 -8 -4 5 6 8 8 0 

0 -1 0 -7 -7 -3 6 9 9 5 1 

-1 -4 -7 -10 -18 -5 7 12 12 8 5 

-1 -4 -7 -10 -18 -5 7 12 12 8 5 

0 0 0 0 -2 0 0 2 2 0 0 

0 0 -1 0 0 0 0 0 0 0 0 

Detected: tap_down
Channels: 6
Length: 12
Data:
-3 -3 -9 -8 -10 -4 8 9 9 6 1 1 

0 -4 -8 -9 -10 -5 9 13 11 6 2 0 

-2 -8 -13 -14 -12 -7 10 15 15 11 5 3 

-2 -8 -13 -14 -12 -7 10 15 15 11 5 3 

0 0 0 -3 0 0 0 0 3 0 0 0 

0 0 0 0 0 0 0 0 0 0 0 0 

Detected: swipe_left
Channels: 6
Length: 11
Data:
0 0 -3 -4 -7 -2 0 0 0 0 0 

1 1 2 0 0 0 0 0 0 0 0 

0 0 0 -2 -2 -1 -1 0 0 0 -3 

0 0 0 -2 -2 -1 -1 0 0 0 -3 

0 0 -1 -3 0 0 0 0 0 0 0 

0 0 -1 0 0 0 0 0 0 0 0 

Detected: swipe_left
Channels: 6
Length: 12
Data:
0 0 0 0 3 2 2 2 2 2 1 0 

0 0 0 0 0 0 0 0 0 0 0 0 

2 0 -1 -2 3 3 3 3 4 2 1 1 

2 0 -1 -2 3 3 3 3 4 2 1 1 

0 0 0 0 0 0 0 0 0 0 0 0 

0 0 0 0 0 0 0 0 0 0 0 0 

Detected: swipe_right
Channels: 6
Length: 12
Data:
0 -2 -8 -12 -10 -5 4 8 9 5 1 0 

0 0 -5 -8 -8 -5 7 12 11 7 0 0 

-1 -5 -10 -14 -13 -8 5 12 14 11 5 1 

-1 -5 -10 -14 -13 -8 5 12 14 11 5 1 

0 0 0 -3 -2 0 0 0 0 0 0 0 

0 0 0 0 0 0 0 0 0 0 0 0 

Detected: tap_up
Channels: 6
Length: 12
Data:
-2 -4 -13 -13 -9 -6 6 9 10 8 4 0 

0 -1 -7 -7 -7 -2 6 7 7 6 4 1 

-2 -6 -11 -13 -12 -6 9 14 14 9 6 3 

-2 -6 -11 -13 -12 -6 9 14 14 9 6 3 

0 0 0 0 -1 0 0 2 0 0 0 0 

0 0 0 0 0 0 0 0 0 0 0 0 

Detected: swipe_left
Channels: 6
Length: 4
Data:
0 -2 -5 -7 

1 0 0 0 

0 0 -4 0 

0 0 -4 0 

0 0 0 0 

0 0 0 0 

Detected: swipe_left
Channels: 6
Length: 11
Data:
0 0 0 0 -1 -1 0 0 0 0 0 

0 0 0 0 0 0 0 1 2 0 0 

1 0 0 -1 -2 0 0 1 2 1 1 

1 0 0 -1 -2 0 0 1 2 1 1 

0 0 0 0 0 0 0 0 0 0 0 

0 0 0 0 0 0 0 0 0 0 0 

Detected: swipe_left
Channels: 6
Length: 15
Data:
0 0 0 0 0 0 0 0 -1 -2 -3 -3 -3 -3 -1 

0 0 0 0 0 0 0 0 0 0 0 -3 -3 -1 0 

-1 -1 0 0 0 0 -1 -1 -2 -3 -3 -5 -5 -2 0 

-1 -1 0 0 0 0 -1 -1 -2 -3 -3 -5 -5 -2 0 

0 0 0 0 0 0 0 0 0 0 0 0 0 0 0 

0 0 0 0 0 0 0 0 0 0 0 0 0 0 0 

Detected: swipe_left
Channels: 6
Length: 9
Data:
0 1 2 3 3 3 4 1 0 

0 0 2 3 5 5 5 3 0 

1 3 4 5 7 7 12 5 2 

1 3 4 5 7 7 12 5 2 

0 0 0 0 0 0 0 0 0 

0 0 0 0 0 0 0 0 0 

Detected: swipe_left
Channels: 6
Length: 11
Data:
0 0 0 0 0 0 0 0 0 -1 -1 

0 0 0 0 0 0 0 0 0 0 0 

4 3 1 0 0 0 0 -2 0 0 0 

4 3 1 0 0 0 0 -2 0 0 0 

0 0 0 0 0 0 0 0 0 0 0 

0 0 0 0 0 0 0 0 0 0 0 

Keypress: End

Detected: swipe_left
Channels: 6
Length: 19
Data:
-1 -1 -1 -1 -1 -2 -1 -1 -1 0 0 0 0 2 3 7 4 1 0 

0 0 0 0 0 -1 0 0 0 0 0 0 0 0 3 2 3 2 0 

0 0 0 -2 -1 -2 -1 -1 0 0 0 0 2 3 6 8 6 4 1 

0 0 0 -2 -1 -2 -1 -1 0 0 0 0 2 3 6 8 6 4 1 

0 0 0 0 0 0 0 0 0 0 0 0 0 0 0 0 0 0 0 

0 0 0 0 0 0 0 0 0 0 0 0 0 0 0 0 0 0 0 

Detected: tap_up
Channels: 6
Length: 10
Data:
0 -2 -7 -6 -5 -1 7 9 4 3 

0 0 -4 -5 -4 2 8 9 6 5 

-1 -4 -9 -8 -7 -2 11 12 10 5 

-1 -4 -9 -8 -7 -2 11 12 10 5 

0 0 0 0 0 0 0 0 0 0 

0 0 0 0 0 0 0 0 0 0 

Keypress: Up

Detected: swipe_up
Channels: 6
Length: 5
Data:
0 -5 -6 0 0 

1 2 0 0 0 

1 -2 -7 -12 -1 

1 -2 -7 -12 -1 

0 0 0 0 0 

0 0 0 0 0 

Detected: tap_up
Channels: 6
Length: 10
Data:
-4 -9 -9 -7 -2 4 7 8 7 2 

0 -3 -5 -7 -2 4 6 8 6 4 

-4 -19 -10 -8 -7 6 10 11 9 5 

-4 -19 -10 -8 -7 6 10 11 9 5 

-3 0 0 -2 0 0 2 2 0 0 

-3 -3 0 -9 0 0 0 0 0 0 

Detected: tap_right
Channels: 6
Length: 6
Data:
0 0 -6 -11 0 0 

2 4 4 0 0 0 

0 2 1 -6 0 -13 

0 2 1 -6 0 -13 

0 0 -4 0 0 0 

0 0 0 0 0 0 

Detected: swipe_left
Channels: 6
Length: 7
Data:
1 1 1 1 1 0 0 

0 0 0 0 0 0 0 

1 2 2 2 3 3 1 

1 2 2 2 3 3 1 

0 0 0 1 0 0 0 

0 0 0 0 0 0 0 

Detected: tap_up
Channels: 6
Length: 10
Data:
-2 -9 -10 -8 -5 4 6 5 3 0 

0 -4 -7 -6 -2 6 8 7 3 1 

-3 -10 -12 -12 -9 7 10 11 8 3 

-3 -10 -12 -12 -9 7 10 11 8 3 

0 0 -2 0 0 0 0 0 0 0 

0 -9 -8 0 0 0 0 0 0 0 

Detected: swipe_left
Channels: 6
Length: 10
Data:
0 0 0 -3 -6 -3 0 0 0 0 

2 3 2 0 0 0 0 0 0 0 

0 1 0 0 0 0 0 0 0 -2 

0 1 0 0 0 0 0 0 0 -2 

0 0 -1 0 0 0 0 0 0 0 

0 0 0 0 0 0 0 0 0 0 

Detected: swipe_left
Channels: 6
Length: 10
Data:
0 -2 -5 -4 -2 2 3 4 2 1 

0 -2 -3 -3 -1 3 4 5 4 0 

-2 -4 -5 -6 -3 5 8 8 5 3 

-2 -4 -5 -6 -3 5 8 8 5 3 

0 0 0 0 0 0 0 0 0 0 

0 0 0 0 0 0 0 0 0 0 

Detected: tap_up
Channels: 6
Length: 11
Data:
0 -6 -6 -7 -4 2 5 4 4 3 0 

0 -4 -5 -6 -3 3 7 6 5 1 0 

-4 -7 -9 -9 -7 5 9 10 9 7 1 

-4 -7 -9 -9 -7 5 9 10 9 7 1 

0 0 0 -1 0 0 0 0 0 0 0 

0 0 0 0 0 0 0 0 0 0 0 

Detected: swipe_left
Channels: 6
Length: 4
Data:
0 0 -6 -9 

3 3 0 0 

1 1 -2 0 

1 1 -2 0 

0 -1 0 0 

0 0 0 0 

Detected: swipe_left
Channels: 6
Length: 5
Data:
0 0 0 0 0 

0 0 0 0 0 

-2 -1 0 0 2 

-2 -1 0 0 2 

0 0 0 0 0 

0 0 0 0 0 

Detected: tap_down
Channels: 6
Length: 11
Data:
0 1 5 2 0 0 -2 -2 -5 -2 -1 

0 3 7 4 0 0 0 0 -2 -1 0 

2 4 6 9 3 0 -8 -12 -11 -4 -2 

2 4 6 9 3 0 -8 -12 -11 -4 -2 

0 0 0 0 0 0 0 0 0 0 0 

0 0 0 0 0 0 0 0 0 0 0 

Detected: swipe_left
Channels: 6
Length: 8
Data:
2 2 0 0 0 0 0 0 

0 0 -6 -7 -5 0 0 0 

0 1 0 -8 -9 -5 -3 -2 

0 1 0 -8 -9 -5 -3 -2 

0 0 0 0 0 0 0 0 

0 0 0 0 0 0 0 0 

Detected: tap_right
Channels: 6
Length: 63
Data:
0 0 0 0 0 0 0 0 0 0 0 0 0 0 0 0 0 0 1 1 0 0 0 0 -3 -4 -1 0 3 1 2 0 0 0 0 -3 -4 -4 0 1 1 2 2 0 0 0 0 0 -3 -4 -2 0 1 3 3 2 0 0 0 0 0 -3 -3 

0 0 0 0 0 1 1 2 1 0 3 3 2 1 0 0 0 0 0 0 -1 0 0 3 5 4 2 0 0 -2 -1 -2 0 0 2 4 4 3 0 0 -1 -1 -3 0 0 0 3 4 3 3 2 0 0 -1 -1 -2 -1 0 0 0 3 3 2 

-5 -1 0 0 1 0 1 1 1 2 3 3 2 1 0 0 0 0 0 0 -1 0 0 1 2 2 0 0 1 4 2 0 0 1 1 2 0 -1 0 1 2 1 -2 -2 0 0 2 2 0 -1 -1 0 1 1 1 1 -1 0 0 0 0 2 1 

-5 -1 0 0 1 0 1 1 1 2 3 3 2 1 0 0 0 0 0 0 -1 0 0 1 2 2 0 0 1 4 2 0 0 1 1 2 0 -1 0 1 2 1 -2 -2 0 0 2 2 0 -1 -1 0 1 1 1 1 -1 0 0 0 0 2 1 

0 0 0 0 0 0 0 0 0 0 0 0 0 0 0 0 0 0 0 0 0 0 0 0 0 0 0 0 1 0 0 0 0 0 0 0 0 0 0 0 0 0 0 0 0 0 0 0 0 0 0 0 0 0 0 0 0 0 0 0 0 0 0 

0 0 0 0 0 0 0 0 0 0 0 0 0 0 0 0 0 0 0 0 0 0 0 0 0 0 0 0 0 0 0 0 0 0 0 0 0 0 0 0 0 0 0 0 0 0 0 0 0 0 0 0 0 0 0 -1 0 0 0 0 0 0 0 

Detected: swipe_left
Channels: 6
Length: 29
Data:
2 2 0 0 0 -5 -5 -4 0 3 2 4 0 0 0 -1 -3 -3 -2 0 1 1 3 1 0 0 0 0 0 

0 -2 -2 0 0 5 4 3 0 0 -2 -2 -1 0 0 3 3 3 1 0 0 -1 -1 -1 0 0 0 3 1 

0 -1 -2 0 2 3 -3 -3 0 3 4 3 -4 -1 1 3 2 -1 -1 0 1 2 1 -1 -1 0 0 1 0 

0 -1 -2 0 2 3 -3 -3 0 3 4 3 -4 -1 1 3 2 -1 -1 0 1 2 1 -1 -1 0 0 1 0 

0 0 0 0 0 0 0 0 0 0 0 0 0 0 0 0 0 0 0 0 0 1 0 0 0 0 0 0 0 

0 -1 0 0 0 0 0 0 0 0 0 -1 0 0 0 0 0 0 0 0 0 0 0 0 0 0 0 0 0 

Detected: tap_right
Channels: 6
Length: 66
Data:
1 1 0 0 0 -1 -1 -3 -2 0 3 3 4 0 0 0 -1 -5 -5 -2 0 0 5 6 2 0 0 0 0 -1 -1 -1 0 0 -1 -2 -2 0 0 0 1 1 2 1 0 0 0 0 0 -1 -4 -3 -1 1 3 5 3 0 0 0 0 0 0 -3 -3 -2 

0 0 0 0 2 2 3 2 0 0 -1 -2 -2 -2 0 2 2 5 4 1 0 0 -3 -3 -3 0 0 0 6 3 0 0 0 0 0 0 0 0 0 0 0 2 2 -2 -3 -1 0 4 5 4 3 0 0 0 0 -1 -4 -4 -4 0 1 5 5 6 3 0 

1 0 0 0 0 0 -1 -1 0 1 2 3 -2 -1 0 2 2 1 -2 -1 0 1 4 3 -4 -3 0 2 3 2 0 0 0 0 0 0 0 0 0 0 1 1 3 0 -1 -1 1 2 1 0 -4 -1 0 2 2 3 0 -4 -3 -1 2 4 4 4 0 0 

1 0 0 0 0 0 -1 -1 0 1 2 3 -2 -1 0 2 2 1 -2 -1 0 1 4 3 -4 -3 0 2 3 2 0 0 0 0 0 0 0 0 0 0 1 1 3 0 -1 -1 1 2 1 0 -4 -1 0 2 2 3 0 -4 -3 -1 2 4 4 4 0 0 

0 0 0 0 0 0 0 0 0 0 0 0 0 0 0 0 0 0 -2 0 0 0 0 0 0 0 0 0 0 0 0 0 0 0 0 0 0 0 0 0 0 2 1 0 0 0 0 0 0 0 -3 -2 0 0 0 0 0 0 0 0 0 0 0 -2 -2 -1 

0 0 0 0 0 0 0 0 0 0 0 0 -1 0 0 0 0 0 0 0 0 0 0 -1 -2 0 0 0 0 0 -1 0 0 0 0 0 0 0 0 0 0 0 0 -1 0 0 0 0 0 0 0 0 0 0 0 0 0 0 0 0 0 0 0 0 0 0 

Detected: swipe_left
Channels: 6
Length: 39
Data:
1 2 3 2 0 0 0 0 -3 -5 -5 -3 0 3 5 5 3 0 0 0 0 0 0 -3 -5 -5 -3 0 3 4 4 3 0 0 0 0 0 0 -1 

0 0 4 -2 -2 0 2 3 4 3 0 0 0 0 0 -3 -5 -4 -4 0 0 5 7 6 3 0 0 0 0 0 -1 -2 -3 0 0 2 4 3 1 

0 2 3 0 -1 0 0 1 -2 -2 -2 -1 0 2 1 4 -1 -4 -4 -2 4 5 5 2 -2 -3 -1 0 2 3 4 1 -2 -1 0 1 0 1 0 

0 2 3 0 -1 0 0 1 -2 -2 -2 -1 0 2 1 4 -1 -4 -4 -2 4 5 5 2 -2 -3 -1 0 2 3 4 1 -2 -1 0 1 0 1 0 

0 2 2 0 0 0 0 0 -4 -4 0 0 0 0 0 6 0 0 0 0 0 0 0 -2 -3 -3 -2 0 0 0 4 2 0 0 0 0 0 0 0 

0 0 0 -2 0 0 0 0 0 0 0 0 0 0 0 -1 -2 0 0 0 0 0 0 0 0 0 0 0 0 0 0 -1 0 0 0 0 0 0 0 

Detected: swipe_up
Channels: 6
Length: 8
Data:
0 -1 -1 -1 0 0 0 0 

0 0 -2 -3 -3 0 0 0 

-1 -3 -4 -4 -5 -7 -7 -6 

-1 -3 -4 -4 -5 -7 -7 -6 

0 0 0 0 0 0 0 0 

0 0 0 0 0 -2 0 0 

Detected: swipe_right
Channels: 6
Length: 7
Data:
0 0 0 0 3 2 1 

7 0 8 4 0 1 0 

11 10 10 4 5 3 1 

11 10 10 4 5 3 1 

0 0 0 0 0 0 0 

0 0 0 0 0 0 0 

Detected: swipe_right
Channels: 6
Length: 20
Data:
0 0 0 0 0 0 -3 -4 -3 0 4 5 0 0 0 0 0 0 -2 -1 

-4 -5 0 0 1 4 5 4 1 0 0 -2 -4 0 -1 2 3 3 4 0 

0 -4 0 0 2 4 0 -2 -1 0 3 3 0 -4 -2 2 3 2 0 0 

0 -4 0 0 2 4 0 -2 -1 0 3 3 0 -4 -2 2 3 2 0 0 

0 0 0 0 0 0 0 0 0 0 0 0 0 0 0 0 0 0 0 -2 

0 0 0 0 0 0 1 0 0 0 0 0 0 0 0 0 0 0 0 0 

Keypress: A

Detected: swipe_left
Channels: 6
Length: 6
Data:
-1 -2 0 0 0 0 

0 0 0 0 0 0 

0 2 -5 -5 -6 -7 

0 2 -5 -5 -6 -7 

1 0 0 0 0 0 

0 0 0 0 0 0 

Detected: swipe_left
Channels: 6
Length: 5
Data:
0 0 0 0 0 

1 0 0 0 0 

1 1 0 1 1 

1 1 0 1 1 

0 0 0 0 0 

0 0 0 0 0 

Detected: swipe_left
Channels: 6
Length: 19
Data:
1 0 0 0 0 0 -2 -4 0 1 4 5 0 0 0 0 0 -1 -1 

0 -4 -4 0 1 4 5 4 0 0 0 -4 -4 -2 0 1 4 4 2 

0 -2 -2 0 1 1 1 -4 0 0 3 2 -3 -3 0 1 2 1 0 

0 -2 -2 0 1 1 1 -4 0 0 3 2 -3 -3 0 1 2 1 0 

0 0 0 0 0 0 0 -2 0 0 0 0 0 0 0 0 0 0 0 

0 0 0 0 0 0 0 0 0 0 0 0 -1 -1 0 0 0 0 0 

Keypress: A

Detected: swipe_up
Channels: 6
Length: 12
Data:
1 1 0 0 0 -6 -10 0 0 0 0 0 

0 0 0 2 2 1 0 0 0 0 0 0 

1 2 0 1 0 -3 -8 -15 -15 0 0 -2 

1 2 0 1 0 -3 -8 -15 -15 0 0 -2 

0 0 0 0 0 -6 0 0 0 0 0 0 

0 0 0 0 0 0 0 0 0 0 0 0 

Detected: swipe_left
Channels: 6
Length: 31
Data:
3 2 1 0 0 0 0 0 1 0 0 0 0 -1 -3 -3 -2 4 4 2 0 0 0 0 -3 -4 -3 0 3 3 1 

1 1 0 0 0 0 0 0 0 -1 -1 0 2 3 4 2 0 0 -1 -4 -3 0 1 0 4 3 0 0 0 0 0 

3 2 2 1 0 0 0 0 0 0 -1 0 0 1 0 0 0 3 2 0 -2 -1 2 0 0 -1 -1 0 2 3 1 

3 2 2 1 0 0 0 0 0 0 -1 0 0 1 0 0 0 3 2 0 -2 -1 2 0 0 -1 -1 0 2 3 1 

1 0 0 0 0 0 0 0 0 0 0 0 0 0 0 0 0 2 3 0 0 0 0 0 0 -3 0 0 0 0 0 

0 0 0 0 0 0 0 0 0 0 0 0 0 0 1 0 0 0 0 -1 -1 0 0 0 0 0 0 0 0 0 0 

Keypress: A

Detected: tap_back
Channels: 6
Length: 13
Data:
0 0 0 0 0 -5 -6 0 0 0 0 0 0 

0 0 0 1 1 1 0 0 0 0 -6 0 0 

1 1 0 0 0 -3 -5 -3 -14 -15 -11 0 -2 

1 1 0 0 0 -3 -5 -3 -14 -15 -11 0 -2 

0 0 0 0 0 0 0 0 0 0 0 0 0 

0 0 0 0 0 0 0 0 0 0 0 0 0 

Detected: swipe_front
Channels: 6
Length: 6
Data:
2 2 0 2 3 0 

0 0 0 0 0 0 

1 0 3 3 3 1 

1 0 3 3 3 1 

0 0 0 0 0 0 

0 0 0 0 0 0 

Detected: swipe_left
Channels: 6
Length: 21
Data:
2 3 0 0 0 0 0 -3 -4 -2 0 3 5 4 0 0 0 0 0 0 -1 

0 -1 -3 -2 0 2 4 5 0 0 0 0 0 -6 -6 -5 0 2 7 4 3 

1 0 0 -1 0 0 2 -1 -2 -2 0 2 4 1 -3 0 -1 2 5 0 0 

1 0 0 -1 0 0 2 -1 -2 -2 0 2 4 1 -3 0 -1 2 5 0 0 

1 0 0 0 0 0 0 0 0 0 0 0 4 0 0 0 0 0 0 0 0 

0 0 -1 -1 0 0 1 1 0 0 0 0 0 -2 -2 -2 0 0 2 1 0 

Keypress: A

Detected: swipe_up
Channels: 6
Length: 10
Data:
-2 -6 -9 0 0 -2 -4 -1 -3 0 

0 0 0 0 0 0 -8 -7 -3 -2 

0 -5 -9 -15 -17 -16 -11 -8 -2 0 

0 -5 -9 -15 -17 -16 -11 -8 -2 0 

-1 0 0 0 0 0 0 0 0 0 

0 0 0 0 0 0 0 0 0 0 

Detected: swipe_left
Channels: 6
Length: 15
Data:
0 0 0 0 2 3 4 6 6 7 1 3 3 1 1 

0 0 0 0 0 0 0 0 0 0 0 0 0 1 0 

1 0 1 0 2 0 4 1 0 0 6 3 3 2 1 

1 0 1 0 2 0 4 1 0 0 6 3 3 2 1 

0 0 0 0 0 0 0 0 0 0 0 4 0 0 0 

0 0 0 0 0 0 0 0 0 0 0 0 0 0 0 

Keypress: A

Detected: horizontal_circle
Channels: 6
Length: 19
Data:
-2 -2 -1 0 4 4 2 0 0 0 0 0 -6 -6 -3 1 4 4 0 

0 0 0 0 0 0 -5 -5 0 2 6 6 4 3 0 0 0 0 -1 

0 0 0 0 3 3 -2 -4 -2 3 4 3 3 -5 0 0 3 4 1 

0 0 0 0 3 3 -2 -4 -2 3 4 3 3 -5 0 0 3 4 1 

0 0 0 0 0 0 0 0 0 0 0 0 -5 -4 0 0 0 4 0 

0 0 0 0 0 0 -1 -1 0 0 0 1 0 0 0 0 0 0 0 

Detected: swipe_up
Channels: 6
Length: 7
Data:
0 -2 -3 -4 -9 0 0 

0 0 1 0 0 0 4 

0 -6 -9 1 2 0 -2 

0 -6 -9 1 2 0 -2 

-4 -5 0 0 0 0 0 

0 0 0 0 0 0 0 

Keypress: P

Detected: swipe_left
Channels: 6
Length: 7
Data:
1 1 0 0 0 0 0 

0 0 0 0 0 0 0 

0 0 1 0 0 0 -1 

0 0 1 0 0 0 -1 

0 0 1 0 0 0 0 

0 0 0 0 0 0 0 

Detected: swipe_left
Channels: 6
Length: 11
Data:
-18 0 0 0 2 1 0 0 0 0 0 

0 0 0 0 1 1 1 0 0 0 0 

0 0 0 0 2 0 2 1 1 0 1 

0 0 0 0 2 0 2 1 1 0 1 

0 0 0 0 0 0 0 0 0 0 0 

0 0 0 0 0 0 0 0 0 0 0 

Keypress: A

Detected: swipe_left
Channels: 6
Length: 24
Data:
0 0 0 2 1 1 0 0 0 0 0 -3 -3 -1 2 3 3 1 0 0 0 0 0 0 

1 0 0 0 4 -4 -3 0 1 3 5 2 1 0 0 0 -2 -3 0 0 2 2 3 1 

0 0 0 2 0 0 -2 -1 1 2 4 0 -1 0 1 2 1 0 0 0 1 1 1 0 

0 0 0 2 0 0 -2 -1 1 2 4 0 -1 0 1 2 1 0 0 0 1 1 1 0 

-1 0 0 2 3 0 0 0 0 0 0 0 -3 0 0 0 0 0 0 0 0 0 0 0 

0 0 0 0 0 -1 -1 0 0 0 1 0 0 0 0 0 0 -1 0 0 0 0 0 0 

Detected: swipe_up
Channels: 6
Length: 5
Data:
-3 -7 0 0 0 

0 0 0 0 0 

-2 -7 -11 1 1 

-2 -7 -11 1 1 

-4 0 0 0 0 

0 0 0 0 0 

Detected: swipe_left
Channels: 6
Length: 6
Data:
1 1 1 1 1 1 

0 0 0 0 0 0 

0 1 1 2 2 0 

0 1 1 2 2 0 

0 0 1 1 0 0 

0 0 0 0 0 0 

Detected: tap_right
Channels: 6
Length: 21
Data:
-1 -2 -1 -1 0 1 2 4 0 0 0 0 0 -5 -6 -4 0 0 6 4 0 

0 1 0 0 0 0 0 0 -2 0 0 3 4 5 1 0 0 0 0 0 -1 

0 -2 -1 0 0 1 3 1 -1 -1 0 2 2 2 -4 -5 0 0 5 5 -1 

0 -2 -1 0 0 1 3 1 -1 -1 0 2 2 2 -4 -5 0 0 5 5 -1 

0 -2 -2 0 0 0 0 0 0 0 0 0 0 -4 0 0 0 0 0 0 0 

0 0 0 0 0 0 0 0 -1 0 0 0 0 1 0 0 0 0 0 0 0 

Keypress: A

Detected: swipe_left
Channels: 6
Length: 12
Data:
-1 -2 -6 -5 0 0 0 0 0 0 0 0 

1 1 2 0 0 0 0 0 0 0 0 1 

0 -2 -2 -3 0 -4 -2 0 0 0 0 0 

0 -2 -2 -3 0 -4 -2 0 0 0 0 0 

-2 -6 -7 0 0 0 0 0 0 0 0 0 

0 0 0 0 0 0 0 0 0 0 0 0 

Detected: swipe_left
Channels: 6
Length: 8
Data:
1 2 2 2 2 2 0 1 

0 0 0 0 0 0 0 0 

1 0 1 1 2 1 1 0 

1 0 1 1 2 1 1 0 

2 1 0 0 0 0 0 0 

0 0 0 0 0 0 0 0 

Detected: horizontal_circle
Channels: 6
Length: 21
Data:
-3 -5 -4 0 0 6 6 4 0 0 0 0 -3 -6 -5 0 0 5 5 3 0 

2 0 0 0 0 0 0 -7 -3 0 4 7 6 2 0 0 0 0 0 -3 -1 

-2 -2 -3 0 3 5 4 -1 -4 -1 3 4 4 -3 -2 -1 0 5 3 0 0 

-2 -2 -3 0 3 5 4 -1 -4 -1 3 4 4 -3 -2 -1 0 5 3 0 0 

-3 -3 0 0 0 4 5 0 0 0 0 0 -1 -4 0 0 0 0 7 0 0 

0 0 0 0 0 0 0 -4 -1 0 0 1 2 0 0 0 0 0 -2 -1 0 

Keypress: P

Keypress: A

Detected: swipe_left
Channels: 6
Length: 10
Data:
-1 0 0 0 0 2 2 0 -1 -2 

0 0 0 0 0 1 4 1 0 0 

-1 0 -1 0 1 5 4 3 1 9 

-1 0 -1 0 1 5 4 3 1 9 

0 0 0 0 0 0 2 -2 0 0 

0 0 0 0 0 0 0 0 0 0 

Detected: scratchout
Channels: 6
Length: 25
Data:
0 0 0 -2 0 3 3 3 0 0 0 0 -3 -5 -3 0 4 4 3 0 0 0 0 0 0 

1 1 1 0 0 0 0 -6 -6 -2 4 6 6 3 0 0 0 0 -6 -7 0 2 6 5 2 

0 0 0 -1 0 2 4 0 -1 -1 3 1 1 -2 0 1 4 3 0 -5 -3 3 4 2 0 

0 0 0 -1 0 2 4 0 -1 -1 3 1 1 -2 0 1 4 3 0 -5 -3 3 4 2 0 

0 -1 -1 0 0 0 4 3 0 0 0 0 -4 -6 0 0 0 0 0 0 0 0 0 0 0 

0 0 0 0 0 0 -1 -3 -3 0 0 2 3 1 0 0 0 -3 -2 0 0 0 1 1 0 

Detected: swipe_up
Channels: 6
Length: 9
Data:
0 0 0 1 2 0 0 0 0 

0 0 0 0 -1 -1 -10 -2 -1 

-20 0 0 2 1 1 -16 -3 -2 

-20 0 0 2 1 1 -16 -3 -2 

0 0 0 0 0 0 0 0 0 

0 0 0 -1 -6 0 0 0 0 

Detected: swipe_left
Channels: 6
Length: 8
Data:
0 0 0 0 0 0 0 0 

-1 -1 0 0 0 0 0 0 

0 -4 -2 -3 -2 -1 0 -1 

0 -4 -2 -3 -2 -1 0 -1 

0 0 0 0 0 0 0 0 

-1 0 0 0 0 0 0 0 

Detected: swipe_left
Channels: 6
Length: 3
Data:
-1 0 -1 

0 0 0 

0 0 0 

0 0 0 

0 0 0 

0 0 0 

Detected: swipe_left
Channels: 6
Length: 10
Data:
0 0 0 0 0 0 0 0 0 0 

0 0 0 0 0 0 5 3 1 0 

1 0 0 4 4 6 0 3 1 1 

1 0 0 4 4 6 0 3 1 1 

0 0 0 0 0 0 0 0 0 0 

1 2 1 0 0 0 0 0 0 0 

Detected: swipe_left
Channels: 6
Length: 26
Data:
-3 -4 -2 0 3 7 4 0 0 0 0 0 -1 -3 -2 0 2 4 2 0 0 0 0 0 0 0 

0 0 0 0 0 0 -4 -4 -1 0 4 5 3 1 0 0 0 -1 -3 -3 -1 0 1 0 2 1 

0 -2 -2 0 3 5 0 -2 -1 1 1 3 2 0 0 0 2 2 0 -2 -1 0 1 1 1 0 

0 -2 -2 0 3 5 0 -2 -1 1 1 3 2 0 0 0 2 2 0 -2 -1 0 1 1 1 0 

0 0 0 0 0 0 0 0 0 0 0 0 0 -2 0 0 2 4 1 0 0 0 0 0 0 0 

0 0 0 0 0 0 -1 -1 0 0 0 1 1 0 0 0 0 0 -3 0 0 0 0 0 0 0 

Detected: swipe_left
Channels: 6
Length: 28
Data:
-1 -1 -2 -1 0 0 3 4 4 1 0 0 0 0 0 0 0 -3 -3 -3 -1 0 0 0 3 3 2 0 

0 0 0 0 0 0 0 0 -2 -1 -3 -1 0 0 2 3 1 3 1 0 0 0 0 0 0 0 2 -1 

0 -1 0 0 0 0 2 2 1 0 -2 -1 0 1 2 2 1 0 0 -1 0 0 1 2 3 3 1 0 

0 -1 0 0 0 0 2 2 1 0 -2 -1 0 1 2 2 1 0 0 -1 0 0 1 2 3 3 1 0 

-1 -2 -1 -1 0 0 0 3 3 1 0 0 0 0 0 0 0 -2 -2 0 0 0 0 0 3 3 2 0 

0 0 0 0 0 0 0 0 0 0 0 0 0 0 0 0 0 0 0 0 0 0 0 0 0 0 0 0 

Detected: swipe_left
Channels: 6
Length: 10
Data:
0 0 -1 0 0 0 0 0 0 0 

0 0 -1 -1 0 0 -3 0 0 0 

-1 -2 -3 -4 -4 -4 -4 -5 -4 -2 

-1 -2 -3 -4 -4 -4 -4 -5 -4 -2 

0 0 0 0 0 0 0 0 0 0 

0 0 0 0 0 0 -3 -2 0 0 

Detected: scratchout
Channels: 6
Length: 33
Data:
0 0 0 0 0 0 2 1 0 0 0 -2 -3 0 0 5 4 0 0 0 0 -1 -4 -3 -2 1 4 3 0 0 0 0 0 

0 3 0 3 3 2 1 0 0 1 2 2 2 0 0 -1 -4 -5 0 0 5 5 5 0 0 0 0 -2 -1 0 0 0 1 

3 6 8 7 5 4 2 2 1 0 0 1 1 0 1 3 1 -4 -3 3 3 3 -3 -2 0 2 4 2 -1 0 0 0 0 

3 6 8 7 5 4 2 2 1 0 0 1 1 0 1 3 1 -4 -3 3 3 3 -3 -2 0 2 4 2 -1 0 0 0 0 

0 0 0 0 0 0 0 0 0 0 0 0 0 0 0 5 0 0 0 0 0 0 -3 -2 0 0 4 0 0 0 0 0 0 

0 0 0 0 0 0 0 0 0 0 0 0 0 0 0 0 -1 0 0 0 0 0 0 0 0 0 0 0 0 0 0 0 0 

Detected: swipe_up
Channels: 6
Length: 6
Data:
0 0 0 0 -1 0 

-2 -6 -3 -3 -3 -2 

2 -7 -7 -11 -4 -2 

2 -7 -7 -11 -4 -2 

0 0 0 0 0 0 

0 0 0 -2 -1 0 

Detected: swipe_right
Channels: 6
Length: 6
Data:
0 0 0 0 0 0 

0 3 9 6 4 1 

4 6 9 8 6 0 

4 6 9 8 6 0 

0 0 0 0 0 0 

0 0 0 0 0 0 

Detected: horizontal_circle
Channels: 6
Length: 18
Data:
-2 -3 0 1 3 2 0 0 0 0 0 0 0 -2 -1 0 1 1 

3 0 0 0 0 -6 -6 -5 0 0 0 7 5 3 0 0 0 2 

-1 -1 0 2 2 2 -5 -5 -3 3 5 4 2 1 0 0 1 1 

-1 -1 0 2 2 2 -5 -5 -3 3 5 4 2 1 0 0 1 1 

-3 -2 0 0 4 4 0 0 0 0 0 0 -1 -2 -1 0 2 1 

0 0 0 0 0 0 0 0 0 0 0 0 0 0 0 0 0 0 

Keypress: P

Detected: horizontal_circle
Channels: 6
Length: 19
Data:
-3 -4 -3 0 5 5 3 0 0 0 0 0 0 -3 -2 0 1 3 1 

3 0 0 0 3 5 -2 -2 -2 0 3 0 4 4 1 0 0 0 0 

-2 -4 -2 1 3 5 2 -4 -2 0 3 3 3 -1 0 0 1 2 1 

-2 -4 -2 1 3 5 2 -4 -2 0 3 3 3 -1 0 0 1 2 1 

-2 0 0 0 0 4 0 0 0 0 0 0 -1 -2 -2 0 1 2 0 

0 0 0 0 0 0 -2 0 0 0 0 0 0 0 0 0 0 0 0 

Keypress: P

Detected: tap_right
Channels: 6
Length: 20
Data:
-3 -10 -6 -4 0 6 6 4 0 0 0 0 0 0 -2 -2 0 0 2 1 

2 2 0 0 0 0 5 3 0 -2 0 3 5 5 1 0 0 0 0 0 

-1 -2 -3 0 0 4 7 1 -3 -3 0 2 3 2 -2 -1 0 0 2 0 

-1 -2 -3 0 0 4 7 1 -3 -3 0 2 3 2 -2 -1 0 0 2 0 

0 -3 0 0 0 0 5 3 0 0 0 0 0 0 -2 -2 0 0 1 1 

0 0 0 0 0 0 0 -1 0 0 0 0 0 0 0 0 0 0 0 0 

Keypress: A

Detected: swipe_up
Channels: 6
Length: 6
Data:
0 0 0 0 0 0 

-3 -5 -1 -2 -2 0 

0 -6 -9 -7 -2 -1 

0 -6 -9 -7 -2 -1 

0 0 0 0 0 0 

0 0 0 0 0 0 

Detected: swipe_front
Channels: 6
Length: 6
Data:
0 0 0 0 0 0 

1 5 5 0 3 2 

3 3 5 3 2 1 

3 3 5 3 2 1 

0 0 0 0 0 0 

0 0 0 0 0 0 

Detected: swipe_left
Channels: 6
Length: 22
Data:
-1 -2 -4 -2 0 4 5 4 0 0 0 0 0 1 -3 -3 2 3 4 0 0 0 

0 1 1 0 0 0 -2 -5 -4 -2 0 4 5 4 2 0 0 0 0 -4 -2 0 

0 -1 -2 -2 0 2 3 1 -4 -3 2 3 4 3 -2 -1 1 4 2 -4 -2 -1 

0 -1 -2 -2 0 2 3 1 -4 -3 2 3 4 3 -2 -1 1 4 2 -4 -2 -1 

0 0 -3 -2 0 0 5 0 0 0 0 0 0 -2 -3 0 0 0 0 0 0 0 

0 0 0 0 0 0 0 -1 0 0 0 0 0 0 0 0 0 0 0 0 0 0 

Keypress: A

Detected: swipe_up
Channels: 6
Length: 11
Data:
-2 0 0 0 0 0 1 0 0 0 0 

2 0 0 0 0 -3 -6 -9 -1 -2 -1 

1 0 0 0 1 0 -3 -7 -8 -1 -1 

1 0 0 0 1 0 -3 -7 -8 -1 -1 

0 0 0 0 0 -4 0 0 0 0 0 

0 0 0 0 -1 0 0 0 0 0 0 

Detected: swipe_left
Channels: 6
Length: 27
Data:
0 -2 -2 -1 0 3 2 0 0 0 0 0 0 -2 -4 -2 1 4 4 2 0 0 0 0 0 0 0 

2 2 0 0 0 0 -2 -5 -4 -1 0 4 3 4 2 0 0 0 -2 -3 -5 0 0 0 0 2 2 

1 0 0 0 0 2 2 -3 -4 -2 2 4 3 0 -1 -1 0 3 4 -3 -5 -4 2 4 3 2 0 

1 0 0 0 0 2 2 -3 -4 -2 2 4 3 0 -1 -1 0 3 4 -3 -5 -4 2 4 3 2 0 

0 0 0 0 0 3 0 0 0 0 0 0 0 0 0 -1 0 0 4 0 0 0 0 0 0 0 0 

0 0 0 0 0 0 -1 -2 -1 0 0 0 1 0 0 0 0 0 -1 -2 -2 0 0 0 0 0 0 

Detected: swipe_left
Channels: 6
Length: 6
Data:
0 0 0 0 0 0 

0 -3 -4 0 0 0 

1 1 -3 -3 0 -1 

1 1 -3 -3 0 -1 

0 0 0 0 0 0 

0 0 0 0 0 0 

Detected: swipe_left
Channels: 6
Length: 9
Data:
0 0 0 0 0 0 0 0 0 

0 0 0 0 0 6 0 0 0 

-2 0 -1 -1 0 -1 -4 -1 -1 

-2 0 -1 -1 0 -1 -4 -1 -1 

0 0 0 0 0 0 0 0 0 

0 0 0 0 0 0 0 0 0 

Keypress: NumPad2

Keypress: NumPad1

Detected: swipe_front
Channels: 6
Length: 11
Data:
0 0 0 0 0 0 0 0 1 1 0 

0 0 6 3 3 4 4 2 2 2 1 

3 5 5 8 8 4 3 1 2 3 2 

3 5 5 8 8 4 3 1 2 3 2 

0 0 0 0 0 0 0 0 0 0 0 

0 0 0 0 0 0 0 0 0 0 0 

Detected: swipe_left
Channels: 6
Length: 28
Data:
-1 -1 0 1 4 3 -3 0 0 0 0 0 0 -2 -1 0 1 2 0 -2 0 0 0 0 0 0 0 0 

0 0 0 0 0 -3 -5 -4 -1 2 4 5 4 0 0 0 0 0 0 -2 -2 -1 0 0 2 3 3 0 

0 0 0 0 3 4 -5 -4 -1 2 3 3 0 0 0 0 1 2 3 -1 -1 -1 0 0 2 2 3 2 

0 0 0 0 3 4 -5 -4 -1 2 3 3 0 0 0 0 1 2 3 -1 -1 -1 0 0 2 2 3 2 

0 0 0 0 2 3 0 0 0 0 0 0 0 -2 0 0 0 1 0 0 0 0 0 0 0 0 0 0 

0 0 0 0 0 2 -1 0 0 0 0 0 0 0 0 0 0 0 0 -1 0 0 0 0 0 0 0 0 

Detected: swipe_left
Channels: 6
Length: 34
Data:
0 0 0 -1 -1 0 0 1 1 1 -1 0 0 0 0 0 0 0 -1 -1 -1 0 0 1 0 0 0 0 0 0 0 0 0 0 

0 3 2 0 0 0 0 0 0 -1 0 -2 0 0 0 0 3 4 2 0 0 0 0 0 -2 -2 -1 -1 0 0 0 2 2 1 

1 0 2 0 0 0 0 0 1 0 0 -2 -1 0 0 2 2 0 0 0 0 0 0 1 1 0 -1 -1 0 1 2 1 1 0 

1 0 2 0 0 0 0 0 1 0 0 -2 -1 0 0 2 2 0 0 0 0 0 0 1 1 0 -1 -1 0 1 2 1 1 0 

0 0 0 -1 0 0 0 0 0 0 0 0 0 0 0 0 0 0 -1 0 0 0 0 0 0 0 0 0 0 0 0 0 0 0 

0 0 0 0 0 0 0 0 0 0 0 0 0 0 0 0 0 0 0 0 0 0 0 0 0 0 0 0 0 0 0 0 0 0 

Keypress: A

Detected: swipe_left
Channels: 6
Length: 5
Data:
0 -1 0 0 0 

0 -2 -3 0 -6 

-4 -5 -6 -5 -2 

-4 -5 -6 -5 -2 

0 0 0 -2 0 

0 0 -2 -1 0 

Detected: swipe_left
Channels: 6
Length: 23
Data:
0 1 0 3 0 0 0 1 0 0 0 0 0 -2 0 0 0 0 -2 -2 -1 -1 0 

0 0 0 0 3 4 2 2 5 4 2 0 0 0 0 0 0 0 0 0 -1 0 0 

0 2 9 7 3 6 5 1 5 3 0 0 1 0 0 -2 -7 -6 -3 -7 -3 -1 -1 

0 2 9 7 3 6 5 1 5 3 0 0 1 0 0 -2 -7 -6 -3 -7 -3 -1 -1 

1 0 0 0 0 0 0 0 0 0 0 0 0 0 0 0 0 0 0 0 0 0 0 

0 0 0 2 3 0 0 0 0 0 0 0 0 0 0 0 0 0 0 0 0 0 0 

Keypress: A

Detected: swipe_front
Channels: 6
Length: 11
Data:
0 0 0 0 0 0 0 0 0 0 0 

0 0 1 0 0 4 1 0 0 0 0 

8 0 1 5 6 5 3 1 1 1 1 

8 0 1 5 6 5 3 1 1 1 1 

0 0 0 0 0 0 0 0 0 0 0 

0 0 0 0 0 0 0 0 0 0 0 

Keypress: A

Detected: tap_back
Channels: 6
Length: 7
Data:
0 0 0 -7 -7 -3 0 

-2 -6 -9 -6 -2 0 0 

-2 -5 -11 -11 -10 -6 -1 

-2 -5 -11 -11 -10 -6 -1 

0 0 0 0 0 0 0 

0 -1 0 0 0 0 0 

Detected: swipe_front
Channels: 6
Length: 9
Data:
0 0 1 2 0 0 0 0 0 

0 0 2 5 3 4 3 1 1 

1 3 4 6 6 4 3 3 0 

1 3 4 6 6 4 3 3 0 

0 0 0 0 0 0 0 0 0 

0 0 0 0 0 0 0 0 0 

Keypress: A

Detected: swipe_up
Channels: 6
Length: 12
Data:
0 0 0 0 0 0 0 0 -4 -3 0 -2 

0 -2 -4 -4 -5 -1 -1 -1 0 0 0 0 

-1 -2 -3 -4 -5 -5 -4 -4 -2 -2 -1 -1 

-1 -2 -3 -4 -5 -5 -4 -4 -2 -2 -1 -1 

0 0 0 0 0 0 0 0 0 0 0 0 

0 0 -1 0 0 0 0 0 0 0 0 0 

Detected: swipe_front
Channels: 6
Length: 14
Data:
0 0 0 0 0 0 0 0 0 0 1 0 0 0 

0 0 0 0 2 4 4 2 0 3 3 3 1 1 

1 1 0 3 3 4 5 5 4 3 2 2 1 1 

1 1 0 3 3 4 5 5 4 3 2 2 1 1 

0 0 0 0 0 0 0 0 0 0 0 0 0 0 

0 0 0 0 0 0 0 0 0 0 0 0 0 0 

Keypress: A

Detected: swipe_up
Channels: 6
Length: 8
Data:
0 0 0 0 0 0 0 -2 

-1 0 0 -5 -2 -1 0 0 

-2 -4 -5 -7 -5 -7 -5 0 

-2 -4 -5 -7 -5 -7 -5 0 

0 0 0 0 0 0 0 0 

0 0 0 0 0 0 0 0 

Detected: swipe_right
Channels: 6
Length: 12
Data:
0 0 0 0 0 0 0 0 0 0 0 0 

0 0 5 5 6 5 4 4 2 2 2 1 

4 5 5 6 5 5 4 2 3 2 1 0 

4 5 5 6 5 5 4 2 3 2 1 0 

0 0 0 0 0 0 0 0 0 0 0 0 

0 0 0 0 0 1 1 0 0 0 0 0 

Keypress: A

Detected: swipe_left
Channels: 6
Length: 7
Data:
0 0 0 -1 0 0 0 

-1 -4 -7 -5 -3 0 0 

0 -4 -8 -11 -12 -10 -2 

0 -4 -8 -11 -12 -10 -2 

0 0 0 0 0 0 0 

0 0 0 0 0 0 0 

Detected: swipe_down
Channels: 6
Length: 9
Data:
0 1 0 6 6 0 0 1 0 

0 5 5 5 5 6 5 4 1 

4 7 9 11 10 9 7 4 2 

4 7 9 11 10 9 7 4 2 

0 0 0 0 0 0 0 0 0 

0 0 0 0 0 0 0 0 0 

Keypress: A

Detected: swipe_up
Channels: 6
Length: 9
Data:
-2 -4 -7 -11 -10 0 0 0 0 

0 0 0 0 0 0 0 0 0 

-1 -2 -6 -8 0 -16 0 -2 -7 

-1 -2 -6 -8 0 -16 0 -2 -7 

0 0 0 0 0 0 0 0 0 

0 0 0 0 0 0 0 0 0 

Detected: swipe_left
Channels: 6
Length: 12
Data:
0 0 0 0 0 0 0 0 0 2 1 0 

0 0 0 0 0 0 0 0 0 0 0 0 

2 0 0 0 3 2 5 3 0 2 1 1 

2 0 0 0 3 2 5 3 0 2 1 1 

0 0 0 0 0 0 0 0 0 0 0 0 

0 0 0 0 0 0 0 0 0 0 0 0 

Keypress: A

Detected: swipe_left
Channels: 6
Length: 7
Data:
-1 -2 -1 -4 -5 0 0 

1 2 2 0 0 0 0 

1 1 -5 -4 -4 0 -8 

1 1 -5 -4 -4 0 -8 

0 -3 -7 0 0 0 0 

0 0 0 0 0 0 0 

Keypress: A

Detected: swipe_left
Channels: 6
Length: 9
Data:
0 1 1 2 2 2 0 0 0 

0 0 0 0 0 0 0 0 2 

1 0 0 0 6 0 0 1 0 

1 0 0 0 6 0 0 1 0 

0 0 0 0 0 2 0 0 0 

0 0 0 0 0 0 0 0 0 

Keypress: A

Detected: swipe_up
Channels: 6
Length: 10
Data:
0 0 0 -3 -3 0 0 0 0 -9 

1 1 2 -3 1 0 0 0 0 0 

0 0 -1 -5 -5 -3 -12 0 0 0 

0 0 -1 -5 -5 -3 -12 0 0 0 

0 -1 -4 -6 0 0 0 0 0 0 

0 0 0 0 0 0 0 0 0 0 

Keypress: A

Detected: swipe_up
Channels: 6
Length: 7
Data:
0 0 0 -3 -3 0 0 

1 0 1 0 0 0 0 

0 0 -3 -1 -3 0 -9 

0 0 -3 -1 -3 0 -9 

0 -1 -2 0 0 0 0 

0 0 0 0 0 0 0 

Detected: swipe_left
Channels: 6
Length: 6
Data:
0 5 4 3 1 0 

0 0 0 0 0 0 

1 2 2 2 2 1 

1 2 2 2 2 1 

0 0 0 2 1 1 

0 0 0 0 0 0 

Keypress: A

Detected: swipe_up
Channels: 6
Length: 7
Data:
0 0 0 0 0 0 0 

-2 -3 0 0 0 0 0 

0 -2 -3 -5 -4 -2 -1 

0 -2 -3 -5 -4 -2 -1 

0 0 0 0 0 0 0 

0 0 0 0 0 0 0 

Detected: swipe_left
Channels: 6
Length: 7
Data:
0 0 0 0 0 -2 -1 

0 0 0 0 0 0 0 

-1 0 -1 -2 -1 -1 -2 

-1 0 -1 -2 -1 -1 -2 

0 0 0 0 0 0 0 

0 0 0 0 0 0 0 

Keypress: A

Detected: swipe_left
Channels: 6
Length: 18
Data:
0 0 0 0 0 0 0 0 0 0 0 1 1 0 0 -2 0 -1 

0 0 1 1 1 1 0 0 0 0 0 1 0 0 0 -1 -1 0 

2 1 0 0 1 1 1 0 0 1 1 2 3 1 1 7 -5 -1 

2 1 0 0 1 1 1 0 0 1 1 2 3 1 1 7 -5 -1 

0 0 0 0 0 0 0 0 0 0 0 0 0 0 0 0 0 0 

0 0 0 0 0 0 0 0 0 0 0 0 -2 -2 -2 0 0 0 

Keypress: A

Detected: swipe_front
Channels: 6
Length: 8
Data:
0 0 0 0 1 1 0 0 

0 0 4 3 3 2 1 0 

9 2 3 5 5 5 3 2 

9 2 3 5 5 5 3 2 

0 0 0 0 0 0 0 0 

0 0 0 0 0 0 0 0 

Keypress: A

Keypress: A

Detected: swipe_up
Channels: 6
Length: 8
Data:
0 0 0 0 -10 -9 -2 -1 

0 -4 -12 -13 -6 -2 0 0 

1 1 -10 -18 -18 -13 -8 0 

1 1 -10 -18 -18 -13 -8 0 

0 0 0 0 0 0 0 0 

0 0 0 0 0 0 0 0 

Keypress: A

Detected: swipe_left
Channels: 6
Length: 5
Data:
0 0 0 0 0 

0 0 2 0 0 

1 2 1 0 1 

1 2 1 0 1 

0 0 0 0 0 

0 0 0 0 0 

Keypress: NumPad1

Keypress: NumPad2

Keypress: NumPad3

Keypress: NumPad5

Keypress: NumPad0

Keypress: NumPad1

Keypress: NumPad2

Keypress: NumPad3

Keypress: NumPad4

Keypress: NumPad5

